1 0.3576388890625 0.9567891359375 0.34027888906250003 0.9475313578125 0.30902777812500004 0.9475313578125 0.30902777812500004 0.9938269140625 0.35069444375000003 0.9969135796874999 0.36111 0.9876535796875 0.3576388890625 0.9567891359375
1 0.1527766671875 0.9691358031249999 0.1979166671875 0.959875803125 0.1979166671875 0.935184690625 0.18055444375000002 0.9166669140625 0.121527778125 0.9259269140624999 0.1145833328125 0.935184690625 0.11805444375 0.9475313578125 0.1527766671875 0.9691358031249999
1 0.3020833328125 0.586420246875 0.27083444375 0.5740735796875 0.23611222187499997 0.577160246875 0.2222211109375 0.595678025 0.22569444375 0.617284690625 0.2604166671875 0.654320246875 0.2951388890625 0.6512335796875 0.3229166671875 0.6296291359375 0.3229166671875 0.6018513578125 0.3020833328125 0.586420246875
1 0 0.172840246875 0.02083444375 0.172840246875 0.03819444375 0.1604935796875 0.04861 0.141975803125 0.04861 0.117284690625 0.03819444375 0.108024690625 0.0173611109375 0.108024690625 0 0.11752103750000001 0 0.172840246875
1 0.21875 0.14506246875 0.23611222187499997 0.1481491359375 0.2499988890625 0.13888913593750002 0.2499988890625 0.108024690625 0.22569444375 0.104938025 0.20833222187499997 0.11111135781249999 0.20486111093749998 0.1296291359375 0.21875 0.14506246875
1 0.9131944437499999 0.108024690625 0.9097233328125001 0.141975803125 0.9201388890625 0.163580246875 0.9722211109375 0.1481491359375 0.979167778125 0.1296291359375 0.9756944437499999 0.098764690625 0.9375011109375 0.098764690625 0.9131944437499999 0.108024690625
1 0.541667778125 0.9166669140625 0.5729166671875 0.8981491359374999 0.5729166671875 0.8888891359375 0.5381944437499999 0.864198025 0.503472221875 0.864198025 0.4479166671875 0.9166669140625 0.4479166671875 0.9320980249999999 0.479167778125 0.9475313578125 0.5243055562500001 0.944444690625 0.541667778125 0.9166669140625
1 0.059027778125 0.950618025 0.065972221875 0.9753091359375 0.09375 0.990740246875 0.11805444375 0.990740246875 0.14236111093749998 0.9722224687500001 0.14236111093749998 0.96296246875 0.11805444375 0.944444690625 0.07986111093750001 0.9413580250000001 0.059027778125 0.950618025
1 0 0.537038025 0.03819444375 0.537038025 0.076387778125 0.54938246875 0.10069444375 0.546295803125 0.10069444375 0.521604690625 0.0902788890625 0.5030869140625 0.065972221875 0.48456691406249996 0.02083444375 0.48456691406249996 0.0034722218749999997 0.490740246875 0 0.4945985796875 0 0.537038025
1 0.20486111093749998 0.4660491359375 0.20139 0.490740246875 0.2152766671875 0.521604690625 0.25694333281250004 0.5339513578124999 0.2951388890625 0.5246913578125 0.298612221875 0.5030869140625 0.28472111093749997 0.4876535796875 0.22916777812500003 0.459875803125 0.20486111093749998 0.4660491359375
1 0.41319444375 0.1697535796875 0.40625 0.1759269140625 0.41319444375 0.22222246874999999 0.43402777812500004 0.23456691406250002 0.46180555625 0.23148246874999998 0.479167778125 0.209875803125 0.4722233328125 0.182098025 0.458332221875 0.1697535796875 0.41319444375 0.1697535796875
4 0 0.8206316484375 0.41753444375 0.57404246875 0 0.5630043546875 0 0.8206316484375
4 1 0.6050498453125 0.7290821703125 1 0.9692612953124999 1 1 0.9571056265625 1 0.6050498453125
5 0.045347778125 0.960955803125 0.0532988890625 0.9574380250000001 0.0572566671875 0.946820246875 0.045347778125 0.9479935796875001 0.036041110937499996 0.9550624687499999 0.0334033328125 0.9621291359375 0.045347778125 0.960955803125
5 0.4771188890625 0.9608335796875 0.48055444375 0.9516669140625 0.4702433328125 0.94148246875 0.463367778125 0.9486113578125 0.4610766671875 0.9608335796875 0.4690966671875 0.966944690625 0.4771188890625 0.9608335796875