1 0.30101350937500004 1 0.30067567500000003 0.9969869875 0.283784865625 0.9879522890624999 0.25337837812499997 0.9879522890624999 0.25337837812499997 1 0.30101350937500004 1
1 0.14526675625000002 1 0.1452702703125 0.9999992765625001 0.1452702703125 0.9759031328125 0.128377296875 0.957831565625 0.07094594531250001 0.966868434375 0.0641891890625 0.9759031328125 0.0675664859375 0.9879522890624999 0.086871175 1 0.14526675625000002 1
1 0.246621621875 0.63554265 0.21621729687500002 0.6234934937500001 0.1824335140625 0.6265057828125 0.1689178375 0.6445773499999999 0.172297296875 0.6656633734375 0.20608108125000002 0.70180650625 0.23986486562499998 0.6987942171875 0.2668918921875 0.6777103609374999 0.2668918921875 0.6506019281250001 0.246621621875 0.63554265
1 0.165540540625 0.20482 0.1824335140625 0.2078322890625 0.195944865625 0.198795421875 0.195944865625 0.1686746984375 0.172297296875 0.165662409375 0.155404325 0.1716869875 0.1520270265625 0.1897585546875 0.165540540625 0.20482
1 0.841216215625 0.1686746984375 0.8378389187499999 0.2018077109375 0.8479729734375001 0.22289156562499998 0.8986475671875 0.2078322890625 0.9054064859375 0.1897585546875 0.9020270265624999 0.15963783125 0.8648659453124999 0.15963783125 0.841216215625 0.1686746984375
1 0.4797308109375 0.957831565625 0.510135134375 0.93976 0.510135134375 0.9307231328125001 0.4763513515625 0.9066269874999999 0.4425675671875 0.9066269874999999 0.3885135140625 0.957831565625 0.3885135140625 0.9728908437499999 0.41891999999999996 0.9879522890624999 0.46283783749999996 0.9849399999999999 0.4797308109375 0.957831565625
1 0.0872750671875 1 0.0675664859375 0.9849399999999999 0.0304054046875 0.9819277109375 0.010135134375 0.9909645781249999 0.012668740625 1 0.0872750671875 1
1 0 0.590636 0.0270259453125 0.59939735 0.050675674999999996 0.5963850609375 0.050675674999999996 0.572288915625 0.040541621875 0.5542173499999999 0.0168918921875 0.5361436140625 0 0.5361436140625 0 0.590636
1 0.1520270265625 0.5180720484375 0.1486497296875 0.5421681921875 0.16216108125 0.572288915625 0.20270162187500002 0.584338071875 0.23986486562499998 0.5753012046875 0.24324432499999998 0.5542173499999999 0.2297286484375 0.539155903125 0.17567675625 0.5120474703125 0.1520270265625 0.5180720484375
1 0.3547297296875 0.2289161453125 0.3479729734375 0.2349407234375 0.3547297296875 0.2801207234375 0.375 0.2921677109375 0.4020270265625 0.289157590625 0.41891999999999996 0.268071565625 0.41216324374999996 0.2409631328125 0.3986475671875 0.2289161453125 0.3547297296875 0.2289161453125
4 0 0.8360932375000001 0.3589524328125 0.6234631328125 0 0.6139451328125001 0 0.8360932375000001
4 1 0.5450452984374999 0.688858953125 1 0.9237436656250001 1 1 0.8932674640625 1 0.5450452984374999
5 0 0.999644259375 0.00456108125 0.997620240625 0.0084118921875 0.9872583125000001 0 0.9880896 0 0.999644259375
5 0.4172754796875 1 0.4202691890625 0.9919881921875 0.41023675624999995 0.9820491562500001 0.4035470265625 0.989006265625 0.4014923890625 1 0.4172754796875 1