1 0.34999813281250003 1 0.3499989328125 0.999999290625 0.3466666671875 0.9704132546875 0.3300010671875 0.9615389343749999 0.3 0.9615389343749999 0.3 1 0.34999813281250003 1
1 0.1499989328125 0.9822485203125 0.1933333328125 0.9733720703125 0.1933333328125 0.94970366875 0.1766656 0.9319529 0.12 0.9408293484374999 0.11333333281249999 0.94970366875 0.1166656 0.9615389343749999 0.1499989328125 0.9822485203125
1 0.29333333281249996 0.6153850890625 0.2633344 0.603549821875 0.2300010671875 0.6065086390625 0.2166656 0.6242594078125 0.22000000000000003 0.644971125 0.2533333328125 0.6804726624999999 0.2866666671875 0.6775138468749999 0.3133333328125 0.6568042609375 0.3133333328125 0.6301770421875 0.29333333281249996 0.6153850890625
1 0 0.21893562187499999 0.023334399999999998 0.21893562187499999 0.04 0.20710035468750002 0.0499989328125 0.1893495859375 0.0499989328125 0.1656811828125 0.04 0.156804734375 0.02 0.156804734375 0 0.16772834375 0 0.21893562187499999
1 0.2133333328125 0.192308403125 0.2300010671875 0.19526721875 0.2433322671875 0.18639076875 0.2433322671875 0.156804734375 0.22000000000000003 0.15384591718750001 0.20333226718750003 0.15976355 0.2 0.17751431875 0.2133333328125 0.192308403125
1 0.8800000000000001 0.156804734375 0.8766677328125001 0.1893495859375 0.8866666671875001 0.210059171875 0.9366656000000001 0.19526721875 0.9433344 0.17751431875 0.9400000000000001 0.147928284375 0.9033344 0.147928284375 0.8800000000000001 0.156804734375
1 0.5233344 0.9319529 0.5533333328125 0.9142021296875 0.5533333328125 0.9053256812500001 0.52 0.881657278125 0.48666666718749996 0.881657278125 0.43333333281249997 0.9319529 0.43333333281249997 0.9467448515625 0.46333440000000004 0.9615389343749999 0.5066666671875 0.9585801187499999 0.5233344 0.9319529
1 0.12055419999999999 1 0.13999999999999999 0.9852073375 0.13999999999999999 0.9763308875 0.1166656 0.9585801187499999 0.08 0.9556213015624999 0.06 0.9644977515625 0.0666666671875 0.988166153125 0.08800051406250001 1 0.12055419999999999 1
1 0 0.566076159375 0.0033322671875 0.568048284375 0.04 0.568048284375 0.0766656 0.5798814203125 0.1 0.576922603125 0.1 0.5532542015625 0.09000106718749999 0.53550343125 0.0666666671875 0.5177505328125 0.023334399999999998 0.5177505328125 0.0066666671875 0.523668165625 0 0.5310652078125 0 0.566076159375
1 0.2 0.49999976406249996 0.1966677328125 0.523668165625 0.20999893281249998 0.5532542015625 0.2499989328125 0.5650894671875 0.2866666671875 0.5562130171875 0.2900010671875 0.53550343125 0.27666559999999996 0.5207093484375 0.22333440000000002 0.4940821296875 0.2 0.49999976406249996
1 0.4 0.2159768046875 0.3933333328125 0.22189443749999999 0.4 0.2662724265625 0.42000000000000004 0.2781055625 0.44666666718750003 0.275148875 0.46333440000000004 0.254437159375 0.45666773281250006 0.22780994062499998 0.44333226718749996 0.2159768046875 0.4 0.2159768046875
4 0 0.8418611265625 0.4041664 0.60352 0 0.5928510953125 0 0.8418611265625
4 1 0.579868621875 0.7113820468750001 1 0.9423173796875 1 1 0.9196257718749999 1 0.579868621875
5 0.0468672 0.9744073375 0.05450026718749999 0.9710352656250001 0.058299732812500005 0.960857278125 0.0468672 0.9619820125 0.0379328 0.9687581062499999 0.0354005328125 0.9755320703124999 0.0468672 0.9744073375
5 0.4613674671875 0.974290178125 0.4646656 0.9655031953125001 0.4547669328125 0.9557405921875001 0.4481664 0.9625742015625001 0.4459669328125 0.974290178125 0.45366613281249996 0.980148165625 0.4613674671875 0.974290178125