1 0.69520675625 0 0.6917819171875 0.0030495125 0.6952054796875 0.0335375609375 0.712327671875 0.0426824390625 0.743150684375 0.0426824390625 0.743150684375 0 0.69520675625 0
1 0.8527397265625 0.05487853593749999 0.869864109375 0.0731704875 0.9280821921875001 0.06402341406249999 0.9349315062500001 0.05487853593749999 0.9315079453124999 0.0426824390625 0.8972613703125001 0.021341464062500003 0.8527397265625 0.0304885359375 0.8527397265625 0.05487853593749999
1 0.8150673968750001 0.4085368296875 0.82876821875 0.39024487812499997 0.8253424656250001 0.3689017078125 0.7910958906250001 0.3323178046875 0.756849315625 0.3353668296875 0.7294520546875 0.35670780468749996 0.7294520546875 0.3841468296875 0.75 0.39938975625 0.780820821875 0.41158585312499996 0.8150673968750001 0.4085368296875
1 0.801370959375 0.8414631703125 0.801370959375 0.8719512187499999 0.8253424656250001 0.87500024375 0.8424668499999999 0.8689021953125 0.8458904109375001 0.8506102437499999 0.83219178125 0.835365121875 0.8150673968750001 0.8323160968750001 0.801370959375 0.8414631703125
1 0.140410959375 0.8170731703125 0.08904219218750001 0.8323160968750001 0.082190684375 0.8506102437499999 0.08561643906250001 0.8810982921875 0.123286575 0.8810982921875 0.1472602734375 0.8719512187499999 0.1506838359375 0.838414146875 0.140410959375 0.8170731703125
1 0.48287671249999997 0.10060951250000001 0.5171232875 0.1249995125 0.5513698625 0.1249995125 0.6061643828125 0.0731704875 0.6061643828125 0.0579275609375 0.5753413703125 0.0426824390625 0.5308219171874999 0.0457314640625 0.513697534375 0.0731704875 0.48287671249999997 0.0914624390625 0.48287671249999997 0.10060951250000001
1 0.9554794515625 4.875e-7 0.9315079453124999 4.875e-7 0.907534246875 0.0182924390625 0.907534246875 0.027439512500000002 0.9315079453124999 0.0457314640625 0.9691780828125 0.048780487500000004 0.989726028125 0.0396334140625 0.9828767125000001 0.015243414062499999 0.9554794515625 4.875e-7
1 1 0.44484404843750003 0.9726038359375 0.435975853125 0.9486301375 0.439024878125 0.9486301375 0.46341487812500004 0.9589030140625001 0.4817068296875 0.9828767125000001 0.5000009750000001 1 0.5000009750000001 1 0.44484404843750003
1 0.835617534375 0.46341487812500004 0.79452164375 0.45121878125 0.756849315625 0.460365853125 0.7534235609375 0.4817068296875 0.7671243828125001 0.49695195156249994 0.8219167125 0.524390975 0.8458904109375001 0.5182929265625 0.8493139718749999 0.4939029265625 0.835617534375 0.46341487812500004
1 0.640410959375 0.759146096875 0.6198630140625 0.7469521953125 0.592465753125 0.7499990249999999 0.5753413703125 0.7713421953124999 0.582190684375 0.7987812187500001 0.59589150625 0.8109751218750001 0.640410959375 0.8109751218750001 0.6472602734375 0.8048770734374999 0.640410959375 0.759146096875
4 1 0.1963934296875 0.6361304109375 0.4116165859375 1 0.4212506578125 1 0.1963934296875
4 0.085417040625 0 0 0.1193770421875 0 0.47099011874999996 0.3225860375 0 0.085417040625 0
5 1 0.030847884375000002 0.9953764390625001 0.0328965859375 0.9914728765625 0.043384878125 1 0.042543454687499996 1 0.030847884375000002
5 0.5841435609375 0.0486575609375 0.59092493125 0.041615609375 0.5931846578125 0.0295424390625 0.5852745203125 0.023505853125 0.5773621921875 0.0295424390625 0.5739736984375 0.0385973171875 0.5841435609375 0.0486575609375