1 0.6754977484375 0.9705875296875 0.6854304640625 0.9794117640625 0.7251655625 0.976470353125 0.7251655625 0.9323534125 0.695363178125 0.9323534125 0.678807946875 0.9411755296875001 0.6754977484375 0.9705875296875
1 0.831125828125 0.944116940625 0.8741732453125 0.9529411765625 0.9072858281249999 0.9323534125 0.9105960265625 0.9205877640625 0.903973509375 0.9117656468750001 0.847683178125 0.9029414125 0.831125828125 0.9205877640625 0.831125828125 0.944116940625
1 0.771523178125 0.6529404703125 0.8046357609375001 0.6176477640625 0.8079480796875 0.5970578828125 0.7947009265625 0.5794115296875 0.76158834375 0.5764701171875 0.7317880796875 0.5882357640625 0.7119205296875 0.60294070625 0.7119205296875 0.6294112937499999 0.7384105953125 0.649999059375 0.771523178125 0.6529404703125
1 1 0.132352940625 0.9834437093749999 0.132352940625 0.97351099375 0.1411771765625 0.97351099375 0.16470635312499998 0.9834437093749999 0.18235270625 0.999998940625 0.194118353125 1 0.194118353125 1 0.132352940625
1 0.7947009265625 0.1705891765625 0.811258278125 0.16764776406249998 0.8245033109375 0.15294070625 0.8211931124999999 0.135294353125 0.8046357609375001 0.1294115296875 0.7814580125 0.132352940625 0.7814580125 0.161764940625 0.7947009265625 0.1705891765625
1 0.152316821875 0.16470635312499998 0.149006621875 0.132352940625 0.1258267546875 0.12352870625000001 0.08940397343749999 0.12352870625000001 0.08609165625000001 0.15294070625 0.092716290625 0.1705891765625 0.14238410625 0.1852941171875 0.152316821875 0.16470635312499998
1 0.5927152312499999 0.9029414125 0.5397350999999999 0.852941646875 0.5066225171875 0.852941646875 0.473509934375 0.8764708234375 0.473509934375 0.885295059375 0.5033101984374999 0.9029414125 0.5198675500000001 0.9294119999999999 0.5629128484375 0.9323534125 0.5927152312499999 0.9176463531250001 0.5927152312499999 0.9029414125
1 0.9072858281249999 0.9735289406250001 0.9304635765624999 0.9735289406250001 0.9569536421875 0.9588240000000001 0.9635761593750001 0.9352948234375 0.943708609375 0.9264705875000001 0.9072858281249999 0.9294119999999999 0.8841059609374999 0.947058353125 0.8841059609374999 0.9558825875 0.9072858281249999 0.9735289406250001
1 1 0.49117590624999996 0.999998940625 0.49117552968749995 0.9569536421875 0.49117552968749995 0.933773775 0.5088239999999999 0.923841059375 0.526470353125 0.923841059375 0.5499995296875 0.9470209265625 0.552940940625 0.9834437093749999 0.5411774125 1 0.5411774125 1 0.49117590624999996
1 0.774835496875 0.538236 0.8145705953125001 0.526470353125 0.8278135093750001 0.497058353125 0.8245033109375 0.4735291765625 0.80132344375 0.46764635312499997 0.7483454296875001 0.494116940625 0.735098278125 0.5088239999999999 0.7384105953125 0.5294117640625 0.774835496875 0.538236
1 0.605960265625 0.25294023593750004 0.6258278140625 0.24117670625 0.63245033125 0.1970597640625 0.6258278140625 0.19117694062499999 0.5827825171875001 0.19117694062499999 0.5695353640625 0.2029404703125 0.5629128484375 0.229411059375 0.5794701984375 0.250000940625 0.605960265625 0.25294023593750004
4 1 0.5664466375 0.62168900625 0.5764404703125 1 0.7997006234375 1 0.5664466375
4 0.2934120703125 1 0.3257949671875 0.9841171765625001 0 0.5095151171875 0 0.8491310703125 0.10819433125 1 0.2934120703125 1
5 0.9880127156249999 0.9462642359375 0.98549721875 0.9395301171874999 0.9766219875000001 0.9327938828125 0.9652651656250001 0.9316757640625 0.9690394703124999 0.9417938828124999 0.9766219875000001 0.9451461171875 0.9880127156249999 0.9462642359375
5 0.5725170859375 0.9508531765624999 0.5801652984375 0.945029646875 0.5779803968749999 0.9333825875 0.5714235765625 0.9265891765625 0.5615904640625 0.936294353125 0.5648667546875 0.945029646875 0.5725170859375 0.9508531765624999