1 0.7019230765625 0.9943179546875 0.7019230765625 0.9517049999999999 0.673075896875 0.9517049999999999 0.6570512828124999 0.9602263640625001 0.6538471796875001 0.9886356812500001 0.6634615390625 0.9971590906250001 0.7019230765625 0.9943179546875
1 0.8782061531249999 0.9517049999999999 0.88141025625 0.9403404546875 0.875 0.9318190906250001 0.8205138468750001 0.9232956812499999 0.8044871796875 0.9403404546875 0.8044871796875 0.9630675 0.846154871875 0.9715909093749999 0.8782061531249999 0.9517049999999999
1 0.7820523078125 0.6278400000000001 0.76922974375 0.6107952265625001 0.7371784609375001 0.607954090625 0.7083333328125 0.6193186359375 0.6891025640625 0.6335222734375 0.6891025640625 0.6590904546874999 0.7147435890625 0.6789763640625 0.7467948718749999 0.6818175 0.778846153125 0.6477279546875 0.7820523078125 0.6278400000000001
1 1 0.19471099375 0.971153846875 0.1789772734375 0.9519230765625 0.1789772734375 0.9423087171875 0.18750068125 0.9423087171875 0.21022772656250002 0.9519230765625 0.2272725 0.9679476921875001 0.23863704531250002 0.9999989749999999 0.23863704531250002 1 0.2386361359375 1 0.19471099375
1 0.7980769234375 0.19886318125 0.7948728203125001 0.181818409375 0.778846153125 0.1761361359375 0.7564112828125 0.1789772734375 0.7564112828125 0.207386590625 0.76922974375 0.21591 0.7852564109375 0.21306886406249997 0.7980769234375 0.19886318125
1 0.12179384687499999 0.17045386406250002 0.08653846093749999 0.17045386406250002 0.08333230781249999 0.19886318125 0.089744615625 0.21591 0.1378205125 0.2301136359375 0.14743487187499998 0.21022772656250002 0.14423076875000002 0.1789772734375 0.12179384687499999 0.17045386406250002
1 0.490384615625 0.8750004546874999 0.4583333328125 0.8977275 0.4583333328125 0.906250909375 0.4871784609375 0.9232956812499999 0.5032051281250001 0.9488638640625 0.54487076875 0.9517049999999999 0.5737179484375 0.9374993187499999 0.5737179484375 0.9232956812499999 0.522435896875 0.8750004546874999 0.490384615625 0.8750004546874999
1 0.9262820515625 0.97727318125 0.9326923078125 0.9545461359375 0.9134615390624999 0.9460227265625001 0.8782061531249999 0.9488638640625 0.85576923125 0.9659086359375 0.85576923125 0.9744320453125 0.8782061531249999 0.99147681875 0.900641025 0.99147681875 0.9262820515625 0.97727318125
1 0.9967948718749999 0.5681822734375 0.9967948718749999 0.5454552265625 0.9839743593750001 0.5312495453125 0.9679476921875001 0.5255672734375 0.9262820515625 0.5255672734375 0.903845128125 0.542614090625 0.89423076875 0.5596588640625 0.89423076875 0.582385909375 0.9166676921875 0.5852270453124999 0.9519230765625 0.5738645453125 0.9871805124999999 0.5738645453125 0.9967948718749999 0.5681822734375
1 0.801281025 0.5312495453125 0.7980769234375 0.5085225 0.77564 0.5028402265625 0.72436 0.528408409375 0.7115374359375 0.542614090625 0.7147435890625 0.5625 0.750001025 0.571023409375 0.7884625640625 0.5596588640625 0.801281025 0.5312495453125
1 0.6121794875 0.24147818124999998 0.60576923125 0.235795909375 0.5641035890625 0.235795909375 0.551281025 0.24715840937500003 0.54487076875 0.272726590625 0.5608974359375 0.29261454531250003 0.5865384609375 0.2954536359375 0.60576923125 0.2840911359375 0.6121794875 0.24147818124999998
4 1 0.59742740625 0.6017630765625 0.6079254546875 1 0.8424496640625 1 0.59742740625
4 0.3141805609375 1 0 0.5432816484375 0 0.871319784375 0.092476753125 1 0.3141805609375 1
5 0.94532 0.9521304546874999 0.9343271796874999 0.9510504546874999 0.9379805125 0.9608236359375001 0.94532 0.964061590625 0.9563456406249999 0.9651415906249999 0.9539107687499999 0.9586370453124999 0.94532 0.9521304546874999
5 0.559455384375 0.9526990906249999 0.5531087171875 0.9461372734375001 0.54359076875 0.955511590625 0.5467620515625 0.963949090625 0.5541671796875 0.969574090625 0.56157025625 0.963949090625 0.559455384375 0.9526990906249999