1 0.33125 0.975 0.340624 0.966666 0.3375 0.9388880000000001 0.321876 0.9305559999999999 0.29375 0.9305559999999999 0.29375 0.972222 0.33125 0.975
1 0.121874 0.9305559999999999 0.15312399999999998 0.95 0.19375 0.941666 0.19375 0.919444 0.178124 0.902778 0.125 0.9111119999999999 0.11875 0.919444 0.121874 0.9305559999999999
1 0.259376 0.594444 0.228126 0.597222 0.21562399999999998 0.613888 0.21875 0.633334 0.25 0.666666 0.28125 0.663888 0.30625 0.644444 0.30625 0.619444 0.2875 0.605556 0.259376 0.594444
1 0 0.2305552890625 0.0031260000000000003 0.233334 0.034376000000000004 0.233334 0.05 0.222222 0.059374 0.205556 0.059374 0.183334 0.05 0.175 0.03125 0.175 0 0.19209342499999998 0 0.2305552890625
1 0.2 0.194444 0.2125 0.20833400000000002 0.228126 0.21111200000000002 0.240624 0.20277799999999999 0.240624 0.175 0.21875 0.17222200000000001 0.203124 0.177778 0.2 0.194444
1 0.8593759999999999 0.166666 0.8375 0.175 0.834376 0.205556 0.84375 0.225 0.8906240000000001 0.21111200000000002 0.896876 0.194444 0.89375 0.166666 0.8593759999999999 0.166666
1 0.53125 0.886112 0.53125 0.877778 0.5 0.855556 0.46875 0.855556 0.41875 0.902778 0.41875 0.916666 0.44687599999999994 0.9305559999999999 0.4875 0.927778 0.503126 0.902778 0.53125 0.886112
1 0.06875 0.933334 0.075 0.955556 0.1 0.969444 0.121874 0.969444 0.14375 0.952778 0.14375 0.9444440000000001 0.121874 0.927778 0.0875 0.925 0.06875 0.933334
1 0.075 0.513888 0.034376000000000004 0.513888 0.01875 0.519444 0.00625 0.533334 0.00625 0.5555559999999999 0.015623999999999999 0.5611119999999999 0.05 0.5611119999999999 0.084374 0.572222 0.10625 0.5694440000000001 0.10625 0.547222 0.09687599999999999 0.530556 0.075 0.513888
1 0.2 0.497222 0.196876 0.519444 0.209374 0.547222 0.24687399999999998 0.558334 0.28125 0.55 0.284376 0.530556 0.271874 0.5166660000000001 0.22187600000000002 0.49166600000000005 0.2 0.497222
1 0.3875 0.23055599999999998 0.38125 0.23611200000000002 0.3875 0.27777799999999997 0.40625 0.288888 0.43125 0.28611200000000003 0.44687599999999994 0.26666599999999996 0.44062599999999996 0.241666 0.42812400000000006 0.23055599999999998 0.3875 0.23055599999999998
4 0 0.8255741359375 0.39140600000000003 0.594416 0 0.584068628125 0 0.8255741359375
4 1 0.49931885 0.6706559999999999 0.979444 0.712536046875 1 0.8720354125 1 1 0.8214316187499999 1 0.49931885
5 0.048062 0.9373340000000001 0.045688 0.943694 0.056438 0.942638 0.063594 0.939472 0.06715600000000001 0.9299160000000001 0.056438 0.930972 0.048062 0.9373340000000001
5 0.430594 0.942528 0.437812 0.9480280000000001 0.445032 0.942528 0.44812399999999997 0.9342779999999999 0.438844 0.925112 0.432656 0.9315279999999999 0.430594 0.942528