1 0.6656061140625 0.9774004515625 0.6751592359374999 0.9858757062500001 0.7133757968750001 0.9830506218749999 0.7133757968750001 0.9406784187499999 0.68471235625 0.9406784187499999 0.668789809375 0.9491516390625 0.6656061140625 0.9774004515625
1 0.8152866234375 0.9519767234375 0.8566889171875 0.9604519781249999 0.8885360515625 0.9406784187499999 0.8917197453125001 0.9293780796875 0.8853503187499999 0.920904859375 0.8312112109375001 0.9124296046874999 0.8152866234375 0.9293780796875 0.8152866234375 0.9519767234375
1 0.7579617828125 0.67231570625 0.7898089171875 0.6384187578125 0.79299465 0.6186431640625 0.7802537578125001 0.6016946890625 0.7484066234375 0.5988696046875 0.7197452234374999 0.61016994375 0.7006369421875001 0.6242933328125 0.7006369421875001 0.6497170624999999 0.72611465 0.669490621875 0.7579617828125 0.67231570625
1 1 0.182746271875 0.9808917203125 0.17231638437500002 0.9617834390625 0.17231638437500002 0.9522303187500001 0.1807916390625 0.9522303187500001 0.2033902828125 0.9617834390625 0.2203387578125 0.9777059875 0.2316390953125 1 0.2316390953125 1 0.182746271875
1 0.7802537578125001 0.2090404515625 0.7961783437500001 0.2062153671875 0.808917196875 0.19208994375 0.805733503125 0.17514146875 0.7898089171875 0.16949129999999998 0.7675169421875 0.17231638437500002 0.7675169421875 0.2005651984375 0.7802537578125001 0.2090404515625
1 0.1624193625 0.2033902828125 0.15923566875 0.17231638437500002 0.13694165625000002 0.1638411296875 0.101910828125 0.1638411296875 0.0987250953125 0.19208994375 0.1050965609375 0.2090404515625 0.1528662421875 0.22316384218750002 0.1624193625 0.2033902828125
1 0.5859872609375001 0.9124296046874999 0.535031846875 0.8644072312500001 0.5031847140625 0.8644072312500001 0.4713375796875 0.887005875 0.4713375796875 0.8954811296875 0.49999898125 0.9124296046874999 0.5159235671875 0.9378533328125 0.5573238218750001 0.9406784187499999 0.5859872609375001 0.92655299375 0.5859872609375001 0.9124296046874999
1 0.8885360515625 0.9802255375 0.910828025 0.9802255375 0.9363057328125001 0.9661021468750001 0.942675159375 0.9435035031250001 0.9235668796875001 0.9350282484375001 0.8885360515625 0.9378533328125 0.8662420375 0.9548018078125 0.8662420375 0.9632770624999999 0.8885360515625 0.9802255375
1 1 0.5296611296875 0.9936305734375 0.52259841875 0.9777059875 0.5169482484375 0.9363057328125001 0.5169482484375 0.9140117203125 0.5338987578125 0.9044585984375001 0.55084723125 0.9044585984375001 0.573445875 0.9267526109374999 0.5762709609375001 0.9617834390625 0.5649726546875 0.9968163062500001 0.5649726546875 1 0.5630896671875 1 0.5296611296875
1 0.761147515625 0.5621475703125001 0.7993640765625 0.55084723125 0.8121008921874999 0.52259841875 0.808917196875 0.4999997734375 0.786623184375 0.49434960468750005 0.735669809375 0.5197733328125 0.7229289171875 0.5338987578125 0.72611465 0.553672315625 0.761147515625 0.5621475703125001
1 0.5987261140625 0.2881346890625 0.6178343953125001 0.276836384375 0.624203821875 0.23446418125 0.6178343953125001 0.2288140109375 0.576434140625 0.2288140109375 0.5636932484375 0.24011231562500002 0.5573238218750001 0.2655360453125 0.5732484078125 0.2853116390625 0.5987261140625 0.2881346890625
4 1 0.588654434375 0.6138537578125 0.5988411296875 1 0.8264097765624999 1 0.588654434375
4 0.30965740468749997 1 0.3292677703125 0.9903950281249999 0 0.5113979859375 0 0.8385738671875 0.11592581875 1 0.30965740468749997 1
5 0.966177834375 0.9540390953125 0.9637584718750001 0.9475713000000001 0.9552224203125 0.94110146875 0.9442996171875 0.9400275703125001 0.94792968125 0.9497455374999999 0.9552224203125 0.9529651984375 0.966177834375 0.9540390953125
5 0.56656101875 0.958446553125 0.5739169421875 0.9528533328125001 0.5718155406250001 0.9416668921875001 0.5655093 0.9351421468750001 0.556051975 0.9444635031249999 0.5592030578125 0.9528533328125001 0.56656101875 0.958446553125