1 0.31632653125 0 0.31632653125 0.0121207265625 0.3469398640625 0.0121207265625 0.363945578125 0.0030312734375 0.3642857109375 0 0.31632653125 0
1 0.1486866265625 0 0.1292506125 0.0121207265625 0.125850340625 0.024242909375 0.1326530609375 0.033332364062499995 0.1904751015625 0.042424 0.20748299375 0.024242909375 0.20748299375 7.265625000000001e-7 0.20747945625000003 0 0.1486866265625 0
1 0.2687074828125 0.3000007265625 0.234693878125 0.336362909375 0.23129142812499998 0.3575767265625 0.244899046875 0.37575781875 0.278912653125 0.3787883640625 0.309523809375 0.36666618125 0.3299319734375 0.3515156359375 0.3299319734375 0.324242909375 0.3027210890625 0.30303127343749997 0.2687074828125 0.3000007265625
1 0 0.819581 0.0306122453125 0.8363636359375001 0.0510204078125 0.8363636359375001 0.0612234015625 0.827272 0.0612234015625 0.80302981875 0.0510204078125 0.7848487265624999 0.034014693750000005 0.7727265453125 0.0000010890625 0.7727265453125 0 0.772727515625 0 0.819581
1 0.244899046875 0.7969687265625 0.22789115624999998 0.7999992734375 0.2142857140625 0.815152 0.2176859859375 0.8333330906249999 0.234693878125 0.83939418125 0.2585023125 0.8363636359375001 0.2585023125 0.8060603640625 0.244899046875 0.7969687265625
1 0.90476299375 0.80302981875 0.9081632656249999 0.8363636359375001 0.9319738781250001 0.8454552734374999 0.9693877546874999 0.8454552734374999 0.9727902046875 0.815152 0.96598530625 0.7969687265625 0.9149659859374999 0.78181818125 0.90476299375 0.80302981875
1 0.45238095312500004 0.042424 0.5068027203125001 0.093938909375 0.5408163265625 0.093938909375 0.57482993125 0.0696967265625 0.57482993125 0.060605090625000003 0.544218775 0.042424 0.527210884375 0.015151273437500001 0.48299428593749993 0.0121207265625 0.45238095312500004 0.027273454687499997 0.45238095312500004 0.042424
1 0.0739794109375 0 0.071428571875 0.009090181249999999 0.09183673437499999 0.018181818750000002 0.1292506125 0.015151273437500001 0.149093265625 0 0.0739794109375 0
1 0.0510204078125 0.4151505453125 0.013604353125 0.4151505453125 0.0034013609374999995 0.4212116359375 0.0034013609374999995 0.44545381875 0.017006803125 0.4606065453125 0.034014693750000005 0.4666676359375 0.0782312921875 0.4666676359375 0.1020419046875 0.4484843640625 0.1122448984375 0.43030327343749997 0.1122448984375 0.406061090625 0.0884342859375 0.4030305453125 0.0510204078125 0.4151505453125
1 0.26530503437499997 0.418181090625 0.22448870781250002 0.43030327343749997 0.2108854421875 0.4606065453125 0.2142857140625 0.4848487265625 0.23809632656250002 0.49090981874999995 0.29251591875 0.46363709062499997 0.3061235375 0.4484843640625 0.3027210890625 0.4272727265625 0.26530503437499997 0.418181090625
1 0.4387755109375 0.71212218125 0.41836734687500005 0.72424218125 0.41156462656250004 0.7696959999999999 0.41836734687500005 0.775757090625 0.46258394531249997 0.775757090625 0.4761915640625 0.763637090625 0.48299428593749993 0.7363643640624999 0.46598639531249997 0.7151505453125 0.4387755109375 0.71212218125
4 0 0.39001682656250003 0.422618775 0.37881890937499996 0 0.1286597515625 0 0.39001682656250003
4 0.7547695578125 0 1 0.35831500312500003 1 0.012234974999999999 0.9912521265625 0 0.7547695578125 0
5 0.0471507421875 0 0.0489110203125 0.0047265453125 0.0580277546875 0.011666909375 0.0696936046875 0.012818909375000001 0.0658165984375 0.00239418125 0.06041738437500001 0 0.0471507421875 0
5 0.46544811875000003 0 0.467516734375 0.0110603640625 0.4742519734375 0.0180596359375 0.48435265312500003 0.0080603640625 0.481338578125 0 0.46544811875000003 0