3 0.49782622656250003 0.3137265234375 0.4782611484375 0.3169945234375 0.4608687296875 0.3464042875 0.4630436171875 0.3758162875 0.48260869531250006 0.3856202875 0.4999988875 0.3758162875 0.5152164171875 0.3529402875 0.51304375625 0.3267962875 0.49782622656250003 0.3137265234375
1 0 0.9549016015625 0.002174609375 0.9542478171875001 0.0304347828125 0.9738558171875 0.041304765625 0.9673198171875 0.039129878125 0.9346398171875 0.008694817187499999 0.8758180515625 0 0.8758180515625 0 0.9549016015625
3 0 0.262890790625 0.0239123484375 0.25490252343750003 0.028259895312499998 0.22549052343749998 0.0152172515625 0.2091505234375 0 0.2091505234375 0 0.262890790625
3 0.09347756562500001 0.2745105234375 0.0717398265625 0.2777785234375 0.052174748437499995 0.3039225234375 0.0434774265625 0.3398682875 0.078260034375 0.3594762875 0.09347756562500001 0.3431362875 0.10217488749999999 0.3202625234375 0.1043475484375 0.2875825234375 0.09347756562500001 0.2745105234375
1 0.1733210765625 1 0.1717401046875 0.9934638171874999 0.1630427828125 0.9869278171874999 0.13913015625 0.9869278171874999 0.1341610375 1 0.1733210765625 1
1 0.14782525156249998 0.6666660515625 0.13043506093749999 0.6666660515625 0.1173924171875 0.6895420515625 0.11521752968750001 0.7483660515625 0.13043506093749999 0.7516340515625 0.1521728 0.7352940515624999 0.17826031250000002 0.7287580515625 0.1913051828125 0.7189540515624999 0.1913051828125 0.6993460515625001 0.14782525156249998 0.6666660515625
1 0.1673903296875 0.3398682875 0.1913051828125 0.3660122875 0.232608 0.3823522875 0.2565228515625 0.3758162875 0.2565228515625 0.3300642875 0.232608 0.2875825234375 0.21956535625 0.2777785234375 0.20000027812500001 0.2777785234375 0.1804352 0.2908505234375 0.1673903296875 0.3169945234375 0.1673903296875 0.3398682875
1 0.9434777046875 0.1078425234375 0.921739965625 0.0849665234375 0.9 0.0718945234375 0.8869573562499999 0.07516252343749999 0.8869573562499999 0.1078425234375 0.9 0.12745052343750002 0.9369574953124999 0.13071852343749998 0.9456525906250001 0.1241825234375 0.9434777046875 0.1078425234375
1 0.9161654125 1 0.9197164515624999 0.9887898171874999 0.9187169390625 0.95254899375 0.903653009375 0.9027444046875001 0.889586365625 0.8800986406250001 0.871499409375 0.8861428765625 0.8564555125 0.9012422875 0.8393702953125001 0.9012422875 0.827327165625 0.9178438171875 0.8192820875000001 0.9404895812499999 0.8253036515625001 0.9797391109375001 0.8363695296874999 0.9978427578125 0.84161460625 1 0.9161654125 1
1 0.6760868171875 0.42483628749999996 0.6608692875 0.42156828749999997 0.64782664375 0.4346402875 0.6434790953125 0.46732028750000004 0.64782664375 0.4771242875 0.6847819125 0.4771242875 0.6913043484375 0.47058828750000004 0.693479234375 0.4542482875 0.6760868171875 0.42483628749999996
1 0.6913051171875 1 0.693479234375 0.9967318171875 0.6956518953125 0.9607838171875 0.6826092515625 0.9084958171874999 0.6717392703125 0.8954238171875 0.6543468515625 0.8921558171875 0.628261565625 0.9084958171874999 0.6152166953125 0.9477118171875001 0.6239140171875001 0.9869278171874999 0.6375785671875 1 0.6913051171875 1
1 0.1826078609375 0.4542482875 0.21521780937499999 0.4607842875 0.23478288749999998 0.47385628750000003 0.2456528703125 0.4509802875 0.2456528703125 0.4346402875 0.23478288749999998 0.4150322875 0.2108702609375 0.39869228749999996 0.19347784375 0.4019602875 0.1760876515625 0.4183002875 0.1760876515625 0.4444442875 0.1826078609375 0.4542482875
1 0.12391262656249999 0.5130722875 0.132607721875 0.5359482875 0.1543476875 0.5392162875000001 0.160870121875 0.5326802875000001 0.160870121875 0.5098042875 0.1521728 0.4934642875 0.1260875125 0.4934642875 0.12391262656249999 0.5130722875
1 0.11521752968750001 0.8431380515625 0.1521728 0.8790860515625001 0.1630427828125 0.8823540515625 0.1717401046875 0.8660140515625001 0.1717401046875 0.8366020515624999 0.145652590625 0.7810460515625001 0.10869509531249999 0.7777780515625 0.10217488749999999 0.7973860515625 0.0826075828125 0.8235300515624999 0.0913049046875 0.8464060515625 0.11521752968750001 0.8431380515625
1 0.3760859828125 0.5915042875000001 0.3500006953125 0.5882362875 0.3217382953125 0.6209140515625 0.3173907484375 0.6797380515625 0.3304356171875 0.6928100515625 0.3434782609375 0.6895420515625 0.3934784 0.6470580515625 0.410868590625 0.6405220515625001 0.410868590625 0.6241820515625001 0.3760859828125 0.5915042875000001
1 0.4782611484375 0.48692828749999995 0.45434852187499997 0.5261442875 0.4500009734375 0.5424842875 0.45217363437499997 0.5686282874999999 0.480433809375 0.5882362875 0.5021737734375 0.5849682875 0.5217388515625 0.5718962875 0.5413039296875 0.5359482875 0.5391312703125 0.48692828749999995 0.5282612875 0.47385628750000003 0.4999988875 0.47385628750000003 0.4782611484375 0.48692828749999995
1 0.386955965625 0.4509802875 0.42608612187499995 0.4771242875 0.439130990625 0.5000002875 0.45434852187499997 0.4934642875 0.4608687296875 0.4542482875 0.4369561046875 0.40849628750000005 0.4217385734375 0.4019602875 0.3934784 0.4183002875 0.3826084171875 0.4346402875 0.386955965625 0.4509802875
1 0.371738434375 0.3235305234375 0.347825809375 0.3202625234375 0.32826072968750003 0.3398682875 0.32391318281250003 0.3758162875 0.3304356171875 0.3921562875 0.3434782609375 0.39542428749999997 0.371738434375 0.3660122875 0.3891308515625 0.3627442875 0.3913035125 0.3464042875 0.371738434375 0.3235305234375
1 0.3891308515625 0.18300652343749998 0.410868590625 0.1862745234375 0.4304336703125 0.2091505234375 0.44130365156250007 0.2058825234375 0.44130365156250007 0.17973852343750002 0.428261009375 0.1437905234375 0.4086959296875 0.1405225234375 0.386955965625 0.1601305234375 0.3847833046875 0.1764705234375 0.3891308515625 0.18300652343749998
1 0.6586966265624999 0.7156860515625 0.6586966265624999 0.7450980515625 0.64565175625 0.7843140515625 0.6543468515625 0.8169940515624999 0.6717392703125 0.8169940515624999 0.6760868171875 0.7843140515625 0.6826092515625 0.7745100515625001 0.7021743296875 0.7679740515625 0.7173918609375 0.7483660515625 0.7173918609375 0.7287580515625 0.69999944375 0.7026140515625 0.6782617046875 0.6993460515625001 0.6586966265624999 0.7156860515625
1 0.7413044875 0.3071905234375 0.7434793734375 0.3398682875 0.7521744703125 0.3496722875 0.7891297390625 0.3464042875 0.7891297390625 0.3333322875 0.7695646609375 0.2875825234375 0.7543471296875001 0.2745105234375 0.7413044875 0.3071905234375
1 0.8134564171875001 0.07003252343750001 0.8186521046875 0.0583017 0.8073702953125 0.04526099375 0.7943476875 0.046568640625000005 0.7995656343750001 0.06872487656250001 0.8134564171875001 0.07003252343750001
3 0.8358698375 0 0.8347823296874999 0.013072757812499999 0.8478249734375 0.0555545234375 0.86086984375 0.058822523437499996 0.8673922781250001 0.0392167578125 0.865217390625 0.0065367578125 0.86086889375 0 0.8358698375 0