1 0.878021275 0.5911955718749999 0.870330725 0.6132067421875 0.870330725 0.6257866671875 0.8758248796875 0.65566108125 0.8879124390625 0.6713833453125 0.9032977578124999 0.6776722515625 0.9175817140625 0.68867995 0.9384611875 0.7122633453125 0.9505487468749999 0.7122633453125 0.95824140625 0.7044022140624999 0.95824140625 0.6839632703125 0.9505487468749999 0.650944403125 0.9318677796875001 0.6257866671875 0.914286065625 0.5927677984375 0.9032977578124999 0.5833323265625 0.8901088359375 0.5833323265625 0.878021275 0.5911955718749999
1 0.240659340625 0.39465459062499997 0.240659340625 0.40408795 0.248352 0.4103768546875 0.25824105468749997 0.4292456859375 0.27692202187500004 0.43867904375 0.28351542812499997 0.448112403125 0.29230734062499997 0.448112403125 0.298900746875 0.4402512703125 0.30659340625 0.4198123265625 0.307692659375 0.40094349687499997 0.305494153125 0.3789302140625 0.298900746875 0.3679246296875 0.2681322203125 0.37106908125000004 0.25494540625 0.3757857609375 0.2450542421875 0.38364689375 0.240659340625 0.39465459062499997
1 0.2868131875 0.069182590625 0.29670435156249997 0.0801881765625 0.3043949015625 0.0849048546875 0.31978022031250003 0.08647708125 0.32857213125 0.0833326296875 0.336264790625 0.075471496875 0.3395604390625 0.055030440624999996 0.3329670328125 0.040880403125 0.3 0.0157226671875 0.28131903281250004 0.014150440625 0.2747256265625 0.020439345312500003 0.2736263734375 0.040880403125 0.27582487968749997 0.048741534375 0.2868131875 0.069182590625
1 0.6505498015625 0.265723571875 0.6252754281249999 0.2531436484375 0.5549443515625 0.18868025156249998 0.54395604375 0.19339693125 0.5021970984374999 0.23899360937499997 0.501097846875 0.25943466718749997 0.5098897578125 0.286162515625 0.5131875171875 0.28930908125 0.523076571875 0.31603693125 0.536263384375 0.3380502140625 0.558242109375 0.366352403125 0.58241723125 0.3899379125 0.5923083953125 0.39465459062499997 0.6208784171875 0.39465459062499997 0.6340652312499999 0.3899379125 0.6428571421875 0.380502440625 0.6516490546875 0.3459113453125 0.6670322640624999 0.306603571875 0.6681315171875 0.2830180625 0.66483586875 0.2767291578125 0.6505498015625 0.265723571875
1 0.44285643906249994 0.5660378359375 0.46044026406249994 0.5660378359375 0.47032931875 0.5581767046875 0.47032931875 0.5455967796875 0.4670336703125 0.536163421875 0.45164835156249994 0.51886893125 0.4296696265625 0.5094334593750001 0.4142864171875 0.5110056859375 0.40988940625000003 0.51886893125 0.40988940625000003 0.5283022890625 0.4142864171875 0.5408801000000001 0.4296696265625 0.5597489312499999 0.44285643906249994 0.5660378359375
1 0.5516487031249999 0.4968556484375 0.54615455 0.536163421875 0.5472516921875 0.5676100625 0.553847209375 0.5974844781249999 0.5692304171875 0.6257866671875 0.5945047906250001 0.6477978359375001 0.6208784171875 0.6572333078125 0.6527483078125 0.6540888546875 0.6659351203125 0.646225609375 0.6736256703125 0.6367922515625 0.6791198234375 0.6194977609375 0.6769234281250001 0.5880511187499999 0.672528528125 0.57389896875 0.6582424609374999 0.553460025 0.6010981984375 0.5110056859375 0.5648355171875 0.4937111953125 0.5516487031249999 0.4968556484375
1 0.853846153125 0.48899451562499996 0.8450542421874999 0.5062890062500001 0.8439549890625001 0.5267300625 0.85055050625 0.5487412328125 0.8593403078125 0.5613211578125 0.8747256265625 0.5691822890625 0.89340659375 0.5676100625 0.9032977578124999 0.5597489312499999 0.91538531875 0.5393078734375 0.9186809671875 0.5283022890625 0.9186809671875 0.5125779125000001 0.914286065625 0.5015723265625 0.905494153125 0.49528342187499996 0.8813190328125 0.49213896874999996 0.8692314718749999 0.4842757234375 0.8604395609375001 0.4842757234375 0.853846153125 0.48899451562499996
1 0.780219428125 0.6839632703125 0.7703303734375 0.7012577609374999 0.7494509015624999 0.7248432703125001 0.743956746875 0.73742108125 0.743956746875 0.753145459375 0.75164940625 0.7625788171875 0.7714296265625 0.7657232703125 0.8043966593749999 0.7515732328125 0.8142857140625 0.7216988171875001 0.8131864609375 0.7075466671874999 0.8076923078125 0.6949688546874999 0.7956047468749999 0.68238893125 0.7857135828125 0.6808167046875 0.780219428125 0.6839632703125
1 0.336264790625 0.8066032703125 0.343955340625 0.8144644031249999 0.3758231203125 0.8160387421875 0.41648281249999997 0.8081754968749999 0.42747323125000003 0.8018865906249999 0.4373622859375 0.8034588171875001 0.49340729687499996 0.77043995 0.5120882640625 0.7484266671875 0.5098897578125 0.7389933078124999 0.4967029453125 0.72955995 0.47582347187499996 0.69654108125 0.45714250625 0.685535496875 0.417582065625 0.676100025 0.3989010984375 0.6776722515625 0.3857142859375 0.6871077234375 0.3714282203125 0.68238893125 0.36593406562499997 0.6871077234375 0.36593406562499997 0.691824403125 0.381319384375 0.713835571875 0.382416528125 0.7248432703125001 0.36703331875 0.7578621390625 0.3626384171875 0.7767288546875 0.351648 0.794025459375 0.3395604390625 0.7987421390625 0.336264790625 0.8066032703125
1 0.5329677359375 0.7405655343750001 0.54395604375 0.7342766296875001 0.5494501984375 0.726415496875 0.5483509453125001 0.713835571875 0.5186816703125 0.6933966296875 0.48681389062499997 0.68867995 0.4802204828125 0.6949688546874999 0.4802204828125 0.7028299875 0.48681389062499997 0.7185543640625001 0.4978021984375 0.732704403125 0.50879050625 0.7405655343750001 0.5329677359375 0.7405655343750001
1 0.14285675625 1 0.14505389062500001 0.9874219875 0.13846259375 0.9685531578125 0.12967068125 0.9654087046875001 0.12087876875 0.9685531578125 0.10549345000000002 0.9889942140624999 0.103570590625 1 0.14285675625 1
1 0.5571428578125001 0.8333332328124999 0.545055296875 0.8333332328124999 0.5428567906249999 0.8380499125 0.545055296875 0.8522020625 0.5615377578125 0.8679243265625001 0.5835164828125 0.8694965531250001 0.596703296875 0.8600631953125 0.596703296875 0.8490576093750001 0.5912091421875 0.8411943640624999 0.5571428578125001 0.8333332328124999
1 0.6659351203125 0.7924532328125 0.661538109375 0.781445534375 0.648351296875 0.7751566296875 0.612088615625 0.7720121765625 0.6065944609375 0.77830108125 0.6065944609375 0.7861643265625 0.6109893625 0.7924532328125 0.6340652312499999 0.8034588171875001 0.657143209375 0.8034588171875001 0.6626373625 0.8003143640625 0.6659351203125 0.7924532328125
1 0.6078148062500001 1 0.612088615625 0.9921386671875 0.6109893625 0.98113308125 0.6010981984375 0.96698093125 0.5648355171875 0.94025096875 0.5395611421875001 0.9166675718749999 0.5307692312500001 0.9150953453125 0.5241758234375 0.9182397984374999 0.5076933625 0.94025096875 0.5043956046875 0.9512586671875001 0.5054948578125 0.96698093125 0.5143185234375001 1 0.6078148062500001 1
1 0.8384608359374999 0.9166675718749999 0.834065934375 0.9056598734374999 0.8098908125 0.889937609375 0.7879120875 0.8867931578125001 0.7813186812499999 0.8930820625000001 0.782417934375 0.9056598734374999 0.7879120875 0.9166675718749999 0.812087209375 0.9339620625 0.8263732750000001 0.9339620625 0.834065934375 0.9276731578125 0.8384608359374999 0.9166675718749999
1 1 0.8805021390625001 0.9945061984375 0.8805021390625001 0.9857142859374999 0.8867931578125001 0.9824186375 0.8930820625000001 0.9846150328125001 0.9056598734374999 0.99560545 0.9213842515625 1 0.9345317765625 1 0.8805021390625001
1 0.9841755015625001 1 0.9901091875000001 0.99528311875 0.9945061984375 0.9732698359375 0.9934069453125 0.96698093125 0.9868135390624999 0.9591197984375001 0.9549457578125 0.9591197984375001 0.9417589453125 0.9654087046875001 0.9406596921875 0.98113308125 0.9472530984375 0.9921386671875 0.9549457578125 0.9968553453125001 0.967583753125 1 0.9841755015625001 1
4 0.2520146546875 1 0.2450542421875 0.9701253843750001 0.240659340625 0.9339620625 0.2362644390625 0.9229564781249999 0.22857177968750003 0.9213842515625 0.1868128359375 0.9308176093749999 0.1692311203125 0.9386787421875 0.16813186875 0.9465398734375 0.1714275171875 0.9685531578125 0.1791201765625 0.9764142890624999 0.1769237796875 0.9842775343750001 0.17776774687500002 1 0.2520146546875 1
4 1 0.5466445953125 0.9945061984375 0.5440245531250001 0.9395604390625 0.5062890062500001 0.9351655390625 0.5000001000000001 0.920879471875 0.4937111953125 0.9032977578124999 0.47955904374999997 0.898900746875 0.4716979125 0.892307340625 0.4716979125 0.876922021875 0.46383677968750003 0.8274725281249999 0.4292456859375 0.812087209375 0.43081791249999996 0.812087209375 0.43867904375 0.8032974062499999 0.4496846296875 0.7912077359375 0.48585006249999996 0.7703303734375 0.53301896875 0.7626377140625 0.5597489312499999 0.7175831203125 0.6666666671875 0.7120868578125 0.6902521765625 0.6901102421875 0.7405655343750001 0.6868124828125 0.753145459375 0.6879117359375 0.7625788171875 0.67802268125 0.7767288546875 0.6769234281250001 0.79088100625 0.66483586875 0.80503104375 0.6626373625 0.8191831953125 0.6582424609374999 0.8270443265624999 0.6593396046875 0.8349054593749999 0.6505498015625 0.8490576093750001 0.64725204375 0.8679243265625001 0.65604395625 0.8789299125 0.6659351203125 0.8789299125 0.671429275 0.8742132328125001 0.6923066375 0.8694965531250001 0.72967068125 0.8474832703124999 0.74285749375 0.8459110437499999 0.7494509015624999 0.8396221390624999 0.775824528125 0.8301887796875 0.782417934375 0.8160387421875 0.8054938015625 0.8176109687500001 0.834065934375 0.80503104375 0.8428578468750001 0.80503104375 0.8461534937499999 0.8144644031249999 0.848352 0.8144644031249999 0.8527469015625 0.8066032703125 0.8681322203124999 0.7987421390625 0.8824182859375 0.7830198734375 0.920879471875 0.7798733078125 0.9428560875 0.7657232703125 0.9659340656250001 0.761006590625 1 0.7452358609374999 1 0.5466445953125
4 0.2593403078125 0.4135213078125 0.2516476484375 0.40880462968750003 0.24615349375 0.39779904374999997 0.2362644390625 0.41194908124999996 0.2384608359375 0.44496795 0.249451253125 0.48270349687499997 0.2527469015625 0.4874222890625 0.262638065625 0.4874222890625 0.28351542812499997 0.47012568593750004 0.30659340625 0.45754787343750003 0.3252743734375 0.4402512703125 0.37912087968749997 0.40566017656250003 0.38901204375 0.39465459062499997 0.38901204375 0.386793459375 0.3417589453125 0.360063496875 0.3120875609375 0.36320795 0.3043949015625 0.36949685468750004 0.27252712031250004 0.3726413078125 0.2615388125 0.3773579875 0.25824105468749997 0.3820746671875 0.2604395609375 0.38521911875 0.27582487968749997 0.38521911875 0.2802197796875 0.39308236406249997 0.2802197796875 0.39937127031249997 0.2681322203125 0.40408795 0.2659337140625 0.39937127031249997 0.2593403078125 0.39937127031249997 0.2593403078125 0.40566017656250003 0.26373731875 0.40880462968750003 0.2593403078125 0.4135213078125
1 0.840659340625 0.7169821390625 0.840659340625 0.7342766296875001 0.8461534937499999 0.7452822140625 0.8670329671875001 0.7547176859375 0.876922021875 0.7515732328125 0.876922021875 0.732704403125 0.8648344609375 0.7154077984375 0.847252746875 0.71069111875 0.840659340625 0.7169821390625
1 0.98022013125 0.635220025 0.9681325718749999 0.62735889375 0.95384650625 0.6305033453125 0.9483523515625001 0.638364478125 0.9483523515625001 0.6477978359375001 0.95824140625 0.672955571875 0.9725274718750001 0.6745277984375 0.9857142859374999 0.658805534375 0.9857142859374999 0.644653384375 0.98022013125 0.635220025
1 0.2747256265625 0.81131995 0.28351542812499997 0.820755421875 0.2912080875 0.8238998734375 0.29340659375 0.8191831953125 0.3098890546875 0.8081754968749999 0.320879471875 0.7924532328125 0.321978725 0.781445534375 0.31538531875000003 0.7688677234375 0.3 0.753145459375 0.2890116921875 0.7468544406250001 0.278021275 0.7452822140625 0.2659337140625 0.761006590625 0.2648344609375 0.7798733078125 0.2747256265625 0.81131995
1 0.2681322203125 0.8632076484375 0.25824105468749997 0.8537742890625 0.24615349375 0.8553465156250001 0.240659340625 0.8647798734375 0.240659340625 0.8836487046875 0.2450542421875 0.889937609375 0.2604395609375 0.8867931578125001 0.269231471875 0.8742132328125001 0.2681322203125 0.8632076484375
1 0.1981978015625 0.964229534375 0.1948683953125 0.956556478125 0.187384615625 0.956556478125 0.18489072499999998 0.96369489375 0.18363745 0.9690561000000001 0.182394725 0.9737579875 0.18363745 0.9797637234375 0.1890429890625 0.9802983640624999 0.1948683953125 0.9785697609374999 0.19985617656250002 0.9773271953125 0.20360334062500002 0.9695907421875001 0.1981978015625 0.964229534375
1 0.3769223734375 0.9921386671875 0.3934069453125 0.998427571875 0.40549450625 0.998427571875 0.4153835609375 0.9921386671875 0.41868131875000003 0.977986515625 0.417582065625 0.9654087046875001 0.4120879125 0.949686440625 0.403296 0.9386787421875 0.3868135390625 0.9308176093749999 0.37032896718749997 0.9308176093749999 0.3626384171875 0.9386787421875 0.3604399125 0.9449676484375 0.3626384171875 0.9748420624999999 0.3769223734375 0.9921386671875
1 0.4384615390625 0.80503104375 0.4285724828125 0.8018865906249999 0.417582065625 0.81131995 0.41318716406249995 0.8238998734375 0.41318716406249995 0.8349054593749999 0.4153835609375 0.8380499125 0.426373978125 0.8380499125 0.4461541984375 0.8333332328124999 0.4505490984375 0.828616553125 0.4505490984375 0.8191831953125 0.4384615390625 0.80503104375
1 0.5329677359375 0.8663521 0.5263743296875 0.8632076484375 0.5208801765625 0.8647798734375 0.5241758234375 0.882076478125 0.5395611421875001 0.9009431953125 0.5549443515625 0.8993709687500001 0.5626370109375001 0.8915098359375 0.5615377578125 0.8852209312499999 0.55054945 0.882076478125 0.5329677359375 0.8663521
1 0.7549450546875 0.9481142140625 0.7560443078125 0.9591197984375001 0.7659333625 0.96698093125 0.780219428125 0.9654087046875001 0.7846164390625 0.9559753453125 0.782417934375 0.9449676484375 0.774725275 0.9386787421875 0.7637369671875 0.9386787421875 0.7549450546875 0.9481142140625
1 0.8637373187499999 0.7955976859375 0.8571418015625 0.8034588171875001 0.8593403078125 0.8097477234375001 0.8692314718749999 0.8160387421875 0.9021985062500001 0.8270443265624999 0.920879471875 0.8238998734375 0.9285721312499999 0.8160387421875 0.9285721312499999 0.8034588171875001 0.914286065625 0.7971699125 0.9032977578124999 0.7830198734375 0.8956050984375 0.7830198734375 0.8637373187499999 0.7955976859375
1 0.818680615625 0.5408801000000001 0.8021981531250001 0.5408801000000001 0.789011340625 0.5550322515625 0.7901105937499999 0.564465609375 0.8054938015625 0.5801878734375 0.8164842203125 0.5849066671875 0.8263732750000001 0.5849066671875 0.8296710328125 0.5801878734375 0.8296710328125 0.5550322515625 0.818680615625 0.5408801000000001
1 0.6681315171875 0.183961459375 0.67802268125 0.17924477968750002 0.6857153406250001 0.169811421875 0.6890109890625 0.1603780625 0.6868124828125 0.143081459375 0.6791198234375 0.136792553125 0.626372571875 0.12421474218749999 0.6153842640625 0.128931421875 0.612088615625 0.136792553125 0.6131857578125001 0.1477981390625 0.6274718234375001 0.1713836484375 0.648351296875 0.1855336859375 0.6681315171875 0.183961459375