1 0.7647069531249999 0.373528690625 0.7941169796875001 0.358822590625 0.8058822937500001 0.34117570625 0.8058822937500001 0.3147064640625 0.7941169796875001 0.3117656796875 0.7794108796875 0.3235288203125 0.7558824234375 0.3235288203125 0.758823209375 0.32941256406249997 0.7235294375 0.358822590625 0.720588653125 0.37058790625000004 0.7647069531249999 0.373528690625
1 0.6411765828125 0.455881546875 0.6823519234375001 0.461765290625 0.691176453125 0.45294076250000004 0.6882356671875 0.37647165 0.6147051671875 0.37647165 0.5911767125 0.441175446875 0.594117496875 0.455881546875 0.6029420265625001 0.461765290625 0.6117643828125 0.455881546875 0.6352950125 0.461765290625 0.6411765828125 0.455881546875
1 0.55294215625 0.6764708734375 0.585295140625 0.66764634375 0.6029420265625001 0.6441178875 0.6029420265625001 0.6323525734375 0.5823521828125 0.6352933593750001 0.535293096875 0.6588239875 0.5323523125 0.6735300875 0.55294215625 0.6764708734375
1 0.5882359265625 0.5764711328125001 0.608823596875 0.5764711328125001 0.6411765828125 0.5558812875 0.6411765828125 0.544118146875 0.570589040625 0.5499997171875 0.570589040625 0.558824246875 0.5882359265625 0.5764711328125001
1 0.8058822937500001 0.5088243765625 0.8764698359375 0.5029406328125 0.8852943640625 0.4970590625 0.8852943640625 0.476471390625 0.802941509375 0.4735284328125 0.77647009375 0.4823529625 0.7705885234375 0.491177490625 0.788235409375 0.5058814171875 0.8058822937500001 0.5088243765625
1 0.8588229500000001 0.5882342734375 0.8852943640625 0.582352703125 0.8970596796875 0.5705873875 0.8970596796875 0.558824246875 0.8411760640624999 0.5617650328125 0.8235291796875 0.5764711328125001 0.8235291796875 0.5852934875 0.8588229500000001 0.5882342734375
1 0.735294753125 0.6911769734375001 0.7382355375 0.69705854375 0.7647069531249999 0.69705854375 0.7676477375 0.6852932296875001 0.7382355375 0.6823524437499999 0.735294753125 0.6911769734375001
1 0.4705893 0.2117637640625 0.5058830703125 0.20000062343749997 0.5117646406249999 0.1852945234375 0.5029401124999999 0.144117009375 0.4882361859375 0.1323538671875 0.46470555625000004 0.1382354375 0.4176464703125 0.17941077968750002 0.42058725625 0.19117609375 0.4705893 0.2117637640625
1 0.44999945625000004 0.2617636359375 0.4735300859375 0.2558820640625 0.4735300859375 0.23823517968750002 0.4588239859375 0.22352907968750002 0.43529335625 0.2294128234375 0.43529335625 0.24117596406250003 0.44999945625000004 0.2617636359375
1 0.844647190625 0.7918831125 0.8314995125 0.7721474640625 0.8089708796874999 0.7477343828125 0.7939409234375 0.7261468875 0.7854989359375 0.7439698296875 0.78829409375 0.7683829125 0.8005006359375001 0.780617709375 0.8099120171875 0.7918831125 0.8258526828124999 0.8040874796875 0.8371463406249999 0.81441174375 0.8502657640625 0.810647190625 0.844647190625 0.7918831125
1 0.9094401031249999 0.9082951734375 0.9094401031249999 0.8998531859375 0.90567555 0.8848232296875 0.8906477671875 0.8914111968749999 0.8822057796875 0.898912046875 0.8887654906250001 0.9111185875000001 0.9094401031249999 0.9082951734375
1 0.975441496875 0.6237932140625 0.9782649125 0.6237932140625 0.9820294640625 0.6115888468749999 0.9660583703125001 0.6115888468749999 0.9566774171875 0.6134711234375 0.9575881265625 0.625675490625 0.9688817859375 0.6285010796875 0.975441496875 0.6237932140625
1 0.9247352296875 0.5402362234375 0.9444708765625001 0.5402362234375 0.9557362796875 0.5280296828125 0.9407063234375 0.5177054171875 0.922852953125 0.522382853125 0.9247352296875 0.5402362234375
1 0.9382350203125001 0.43235309062500005 0.9058820359374999 0.43823466250000004 0.9058820359374999 0.42941230625 0.8970596796875 0.4264715203125 0.8970596796875 0.4676468625 0.9058820359374999 0.49999984687500004 0.9323534499999999 0.5058814171875 0.9529411203124999 0.4941182765625 0.9647064359374999 0.4794121765625 0.958822690625 0.44411840625 0.9382350203125001 0.43235309062500005
1 0 0.349412040625 0.00294140625 0.35000023593749996 0.035294390625 0.34117570625 0.064706590625 0.30294115 0.0764697328125 0.26470659375 0.0705881625 0.2088229796875 0.04705970625 0.17646999375 0.0235290765625 0.158823109375 0.0117637625 0.16176389375 0 0.190521259375 0 0.349412040625
1 0.4470586703125 0.32646960625 0.4558832 0.3058819359375 0.452940240625 0.2617636359375 0.42941178593749996 0.2294128234375 0.3882342703125 0.2088229796875 0.3323528296875 0.21470672343750002 0.24999997343749997 0.2117637640625 0.2352938734375 0.21764750937500002 0.2117654171875 0.24117596406250003 0.200000103125 0.27058816406249997 0.20588167343750002 0.35000023593749996 0.238234659375 0.3941185359375 0.258824503125 0.40294089062499994 0.3470589296875 0.4058816765625 0.41470568593749996 0.3647063359375 0.4470586703125 0.32646960625
1 0.9813240328124999 0 0.9823533203125001 0.0205888125 1 0.0338242296875 1 0 0.9813240328124999 0
1 0.0852942625 0.5794119171875 0.1117656765625 0.5794119171875 0.1382349171875 0.5617650328125 0.1441186625 0.5411773625 0.126469603125 0.529412046875 0.0941166171875 0.5264712625 0.0676473765625 0.5382344031249999 0.0676473765625 0.552940503125 0.0852942625 0.5794119171875
1 0.1882347875 0.5705873875 0.2117654171875 0.5705873875 0.24705918750000003 0.544118146875 0.24705918750000003 0.529412046875 0.1735286875 0.529412046875 0.161765546875 0.5382344031249999 0.161765546875 0.5558812875 0.1882347875 0.5705873875
1 0.5117646406249999 0.5470589328125001 0.467646340625 0.529412046875 0.4382363140625 0.5323528328125 0.426471 0.552940503125 0.426471 0.5764711328125001 0.4382363140625 0.5999995874999999 0.452940240625 0.6147056875 0.5029401124999999 0.6352933593750001 0.5294115265625 0.6323525734375 0.549999196875 0.6205872593749999 0.5676460828125001 0.6029403734375001 0.5764706125 0.5705873875 0.5676460828125001 0.5499997171875 0.5117646406249999 0.5470589328125001
1 0.5764706125 0.7323523140625 0.541176840625 0.7058830734375 0.497058540625 0.7058830734375 0.47647087031249996 0.7205891734375001 0.4735300859375 0.7499992 0.47941165625000004 0.7617645140625 0.5382360562499999 0.8117643859375001 0.5764706125 0.8323520562500001 0.608823596875 0.8323520562500001 0.6294112671875001 0.8176481296875 0.6441173671875 0.7941175 0.6352950125 0.7470584140625001 0.5764706125 0.7323523140625
4 0.356676796875 0.568911596875 0.5425287765625 0.6822350734375 0.7034699359375 0.5122650734375 0.33855825624999997 0.5281166234375 0.356676796875 0.568911596875
4 0.7169697265625 0.5029710625 0.90023520625 0.5048533374999999 0.8737942203125 0.3924405703125 0.7169697265625 0.5029710625
4 1 0.780152946875 0.7847055968750001 0.7009122125 0.7645733671875 1 1 1 1 0.780152946875
4 0.13402095625 0 0 0.1963030859375 0 0.40759682656249996 0.113176296875 0.46282379999999995 0.343883403125 0.473793603125 0.529528896875 0.16873440312500002 0.28017496406250003 0 0.13402095625 0
1 0.1588225875 0.11470480937500001 0.170587903125 0.0882355671875 0.170587903125 0.058823367187499996 0.1588225875 0.0411764828125 0.11764724687500001 0.038235696875 0.0941166171875 0.0500010125 0.064706590625 0.076470253125 0.05294127656249999 0.0970579234375 0.050000490625000005 0.12058855312500001 0.0764697328125 0.1558823234375 0.1000003625 0.158823109375 0.11764724687500001 0.1529415375 0.1588225875 0.11470480937500001
1 0.3499997140625 0.12058855312500001 0.37353034375 0.0970579234375 0.3882342703125 0.0735294671875 0.3882342703125 0.044117267187499996 0.3647058140625 0.0176480265625 0.32941204375 0.0058827125 0.29999984375 0.0058827125 0.2735284296875 0.023529596875 0.24411840312500002 0.023529596875 0.20882245937500002 0.082353996875 0.20882245937500002 0.11470480937500001 0.267646859375 0.1529415375 0.29999984375 0.1529415375 0.3499997140625 0.12058855312500001
5 0.793499696875 0.7852342859375 0.783088490625 0.8012944937500001 0.7982053875 0.8088518562499999 0.80955990625 0.7965583734374999 0.793499696875 0.7852342859375
5 0.6555588265625001 0.7521770765625 0.6527354125 0.74838209375 0.6470581531249999 0.740822559375 0.6347951000000001 0.7455586796875 0.6404419296875 0.755000490625 0.6451758765625 0.7578521625 0.6555588265625001 0.7521770765625
4 1 0.3711045125 0.8802343875 0.39214714375000004 1 0.6860960828125 1 0.3711045125
1 0.6588234671875 0.1852945234375 0.6411765828125 0.173529209375 0.6264704828125 0.1705884234375 0.6117643828125 0.17941077968750002 0.632352053125 0.22352907968750002 0.652941896875 0.23529439375 0.7117641234375001 0.22646986406249997 0.7264702234375 0.2117637640625 0.7117641234375001 0.20000062343749997 0.6588234671875 0.1852945234375
1 0.170587903125 0.42352856250000004 0.11470646250000001 0.38529400625 0.04705970625 0.3676471203125 0.020588290625 0.373528690625 0.0147067203125 0.388234790625 0.01764750625 0.44411840625 0.0117637625 0.470587646875 0.01764750625 0.4882345328125 0.05294127656249999 0.514705946875 0.1117656765625 0.514705946875 0.155881803125 0.48529374687500004 0.1823532171875 0.44999997656249996 0.1823532171875 0.43823466250000004 0.170587903125 0.42352856250000004
1 0.1294125625 0.3647063359375 0.141175703125 0.34705945 0.1441186625 0.3088227203125 0.1382349171875 0.2970595796875 0.0852942625 0.30294115 0.088235046875 0.34117570625 0.1117656765625 0.36176555 0.1294125625 0.3647063359375
1 0.1911755734375 0.358822590625 0.1911755734375 0.3382349203125 0.1735286875 0.32941256406249997 0.1588225875 0.33235335 0.1529410171875 0.34705945 0.155881803125 0.3647063359375 0.1823532171875 0.37058790625000004 0.1911755734375 0.358822590625
1 0.3617650296875 0.44411840625 0.3499997140625 0.42352856250000004 0.3235304734375 0.42352856250000004 0.3088243734375 0.43529387656249996 0.3058814140625 0.44999997656249996 0.326471259375 0.4676468625 0.3558812859375 0.4735284328125 0.3617650296875 0.44411840625
1 0.3499997140625 0.41764699062500005 0.3882342703125 0.41764699062500005 0.3941180140625 0.4088224625 0.3911772296875 0.3970593203125 0.3676466 0.3911755765625 0.3529405 0.3970593203125 0.3499997140625 0.41764699062500005
1 0.632352053125 0.3058819359375 0.6705887828125 0.3000003640625 0.6882356671875 0.2764697359375 0.6882356671875 0.2617636359375 0.6411765828125 0.2558820640625 0.6176481265625 0.2764697359375 0.6176481265625 0.2970595796875 0.632352053125 0.3058819359375