1 1 0.6124756171875 0.9817764015625 0.5879484046875 0.9635538953125 0.55374645 0.952165103125 0.5439728984375 0.9384954890625 0.5439728984375 0.9259673796874999 0.5521178890625 0.9179965375 0.5749177328124999 0.9179965375 0.5879484046875 0.9236909343749999 0.6188932375 0.9362190437500001 0.635178840625 0.952165103125 0.64169308125 0.9669696578125 0.6530951921875 0.9886101140625 0.6775235953125 1 0.6775235953125 1 0.6124756171875
1 0.26537585468749997 0.34853472343749997 0.26537585468749997 0.358306084375 0.273348884375 0.364820325 0.283598359375 0.3843652375 0.30296018281250003 0.3941366 0.3097938953125 0.40390796093750003 0.3189062421875 0.40390796093750003 0.3257399546875 0.395765159375 0.333712984375 0.3745938765625 0.3348523 0.35504896406249997 0.33257366718750003 0.33224693125 0.3257399546875 0.320847009375 0.2938500234375 0.3241041296875 0.28018259687499997 0.3289898109375 0.269930934375 0.3371326125 0.26537585468749997 0.34853472343749997
1 0.3070795484375 0 0.3132118453125 0.011400859374999999 0.3234635078125 0.02280078125 0.3314343515625 0.027686462499999998 0.34738040937500003 0.029315023437499997 0.35649275625 0.026057901562500003 0.3644657859375 0.0179151015625 0.3673559 0 0.3070795484375 0
1 0.6902053765625 0.21498402656249999 0.664009840625 0.2019533546875 0.5911154437499999 0.1351801953125 0.5797266515625 0.1400658765625 0.536445740625 0.1872963125 0.5353064234375 0.208469784375 0.5444187703125001 0.236155309375 0.5478367203125 0.23941461875 0.5580861953125 0.26710014375 0.571753621875 0.2899021765625 0.59453339375 0.31921845000000004 0.6195896125 0.3436490421875 0.629841275 0.34853472343749997 0.6594525734375 0.34853472343749997 0.67312 0.3436490421875 0.682232346875 0.3338754921875 0.6913446921874999 0.2980449765625 0.7072885656250001 0.25732878124999997 0.70842788125 0.2328981890625 0.70501211875 0.2263839484375 0.6902053765625 0.21498402656249999
1 0.4749423234375 0.5260587359375 0.493167015625 0.5260587359375 0.5034164921875 0.517915934375 0.5034164921875 0.5048852640625 0.5000007296875 0.4951139015625 0.4840546703125 0.47719973906249996 0.461274896875 0.4674261890625 0.44533102500000005 0.4690547484375 0.44077375781250006 0.47719973906249996 0.44077375781250006 0.48697110156249995 0.44533102500000005 0.4999995828125 0.461274896875 0.5195444953125 0.4749423234375 0.5260587359375
1 0.5876996812499999 0.45439770625 0.582005284375 0.4951139015625 0.5831424140625 0.527687296875 0.5899783140625 0.5586321296875 0.6059221875 0.5879484046875 0.632117721875 0.610748246875 0.6594525734375 0.6205217984375 0.692484009375 0.617264678125 0.7061514343749999 0.6091196875 0.714122278125 0.599348325 0.719816675 0.5814341625 0.7175402281250001 0.54886076875 0.7129851484375 0.5342015375 0.6981784046875 0.5130302546875 0.638951434375 0.4690547484375 0.6013671078125 0.45114058593750006 0.5876996812499999 0.45439770625
1 0.9009111624999999 0.44625490624999997 0.8917988156250001 0.46416906874999997 0.8906594984374999 0.48534254062500004 0.8974953984375 0.5081423843749999 0.9066055578125001 0.5211730546875 0.9225516171875 0.52931585625 0.9419134390625 0.527687296875 0.952165103125 0.5195444953125 0.9646932125 0.49837102343749995 0.968108975 0.48697110156249995 0.968108975 0.470683309375 0.9635538953125 0.45928338750000003 0.9544415484375 0.452769146875 0.9293853296875 0.4495120265625 0.9168572203125 0.4413670359375 0.907744875 0.4413670359375 0.9009111624999999 0.44625490624999997
1 0.8246010015625 0.6482095109375 0.8143515265625 0.6661236749999999 0.7927110703125 0.6905542671875 0.787016675 0.7035827484375 0.787016675 0.719870540625 0.794989703125 0.7296419015625 0.8154908421875 0.7328990234375 0.8496594078124999 0.7182419796875 0.859908884375 0.687297146875 0.8587695671875 0.672637915625 0.8530751703125 0.6596094328125 0.8405470609375 0.6465787625 0.8302953984375 0.6449502015624999 0.8246010015625 0.6482095109375
1 0.3644657859375 0.775243778125 0.372436628125 0.7833865796875 0.4054658765625 0.7850173296875 0.44760747187499994 0.7768723390625001 0.45899845156249997 0.7703580984375 0.4692479265625 0.7719866578125 0.52733558125 0.737784703125 0.546697403125 0.7149826703125 0.5444187703125001 0.705211309375 0.53075134375 0.6954399484375 0.5091108890625 0.66123799375 0.489749065625 0.649838071875 0.4487467875 0.6400645218750001 0.429384965625 0.64169308125 0.41571754062500005 0.65146663125 0.40091079687500003 0.6465787625 0.39521640156250004 0.65146663125 0.39521640156250004 0.6563523124999999 0.411162459375 0.67915215625 0.412299590625 0.6905542671875 0.39635571718749996 0.724756221875 0.3918006375 0.7442989453125 0.38040965781249997 0.762215296875 0.3678815484375 0.7671009765625 0.3644657859375 0.775243778125
1 0.5683378593749999 0.7068398703125001 0.5797266515625 0.700325628125 0.5854210484375 0.692182828125 0.58428173125 0.67915215625 0.553531115625 0.6579808734375 0.5205018671875 0.6530951921875 0.5136681546874999 0.6596094328125 0.5136681546874999 0.667752234375 0.5205018671875 0.6840400265625 0.5318906609375 0.69869706875 0.543279453125 0.7068398703125001 0.5683378593749999 0.7068398703125001
1 0.14616512343750002 1 0.162870159375 0.9820840656250001 0.166285921875 0.9625413421875001 0.15945439687500002 0.9429964296875 0.15034205 0.939739309375 0.141229703125 0.9429964296875 0.1252836453125 0.9641699015625 0.1195892484375 0.996743296875 0.1226270375 1 0.14616512343750002 1
1 0.593394078125 0.8029314921875 0.58086596875 0.8029314921875 0.578587334375 0.8078171718749999 0.58086596875 0.8224764046875 0.5979491578125 0.83876200625 0.6207289296875 0.8403905671875 0.6343963546875 0.8306192046875 0.6343963546875 0.8192192828125 0.6287019593750001 0.81107429375 0.593394078125 0.8029314921875
1 0.7061514343749999 0.7605867359375 0.70159416875 0.749184625 0.6879267421875 0.742670384375 0.6503424140625 0.7394132640625 0.64464801875 0.7459275046875 0.64464801875 0.7540724953125 0.6492030984375 0.7605867359375 0.67312 0.7719866578125 0.6970390890625 0.7719866578125 0.7027334859375001 0.7687295375 0.7061514343749999 0.7605867359375
1 0.63485155625 1 0.638951434375 0.9951147359375 0.642369384375 0.9820840656250001 0.6503424140625 0.9674270234375 0.6492030984375 0.9560271015625 0.638951434375 0.9413678703125001 0.6013671078125 0.9136801562500001 0.575171571875 0.889251753125 0.5660592249999999 0.8876231921875 0.5592255125000001 0.8908803125 0.5421423234375 0.9136801562500001 0.5387243734375 0.9250822671875 0.5398636906250001 0.9413678703125001 0.5546704328125001 0.996743296875 0.5572009515625 1 0.63485155625 1
1 0.884965103125 0.889251753125 0.8804100234375 0.8778496421875 0.8553538046875 0.8615640390625 0.8325740312500001 0.85830691875 0.82574031875 0.864821159375 0.8268796359374999 0.8778496421875 0.8325740312500001 0.889251753125 0.85763025 0.907165915625 0.8724369937500001 0.907165915625 0.8804100234375 0.900651675 0.884965103125 0.889251753125
4 0.2790432796875 1 0.2790432796875 0.9837126250000001 0.269930934375 0.9446249906249999 0.26537585468749997 0.907165915625 0.260820775 0.8957659937500001 0.2528477453125 0.8941374328125 0.20956683437499998 0.9039087953125 0.191344328125 0.9120515953125 0.1902050109375 0.9201943968749999 0.193620775 0.9429964296875 0.20159380468750002 0.95113923125 0.19931735781249998 0.9592842218750001 0.2004544875 0.9804555046875001 0.2078141140625 1 0.2790432796875 1
4 1 0.471204753125 0.9897494312499999 0.46416906874999997 0.9851943515625001 0.457654828125 0.9703876078125001 0.45114058593750006 0.952165103125 0.43648135468750004 0.9476078359375 0.428338553125 0.9407741234375001 0.428338553125 0.9248280640625 0.42019575312499996 0.873576309375 0.3843652375 0.85763025 0.38599379843750004 0.85763025 0.3941366 0.848520090625 0.40553652187499994 0.8359897953125 0.442997784375 0.8143515265625 0.49185678125 0.806378496875 0.5195444953125 0.759681821875 0.6302931593750001 0.7539852390624999 0.6547237531250001 0.731207653125 0.7068398703125001 0.727789703125 0.719870540625 0.7289290203125 0.7296419015625 0.71867954375 0.7442989453125 0.7175402281250001 0.7589581765625 0.70501211875 0.77361521875 0.7027334859375001 0.7882744500000001 0.6981784046875 0.7964172515625 0.6993155359375 0.8045600515625001 0.6902053765625 0.8192192828125 0.6867874265625 0.83876200625 0.695899771875 0.8501619281250001 0.7061514343749999 0.8501619281250001 0.71184583125 0.845276246875 0.7334841 0.8403905671875 0.77220993125 0.817588534375 0.7858773578125 0.8159599734375 0.7927110703125 0.8094457328125 0.820045921875 0.799674371875 0.8268796359374999 0.7850173296875 0.8507965375 0.7866458890625 0.8804100234375 0.77361521875 0.88952236875 0.77361521875 0.8929381328125 0.7833865796875 0.895216765625 0.7833865796875 0.8997718453125 0.775243778125 0.9157179046874999 0.7671009765625 0.9305246468749999 0.750815375 0.9703876078125001 0.747556065625 0.99316519375 0.7328990234375 1 0.7315029546875 1 0.471204753125
4 0.2847376765625 0.368077446875 0.276764646875 0.363191765625 0.27107025 0.35179184375 0.260820775 0.3664488859375 0.2630972203125 0.400650840625 0.2744882 0.43973847499999996 0.2779039640625 0.4446263453125 0.2881556265625 0.4446263453125 0.3097938953125 0.42670999375 0.333712984375 0.4136815109375 0.35307480625 0.395765159375 0.4088838265625 0.35993464531249997 0.4191354890625 0.34853472343749997 0.4191354890625 0.340391921875 0.37016018281249996 0.3127042078125 0.3394073796875 0.3159613296875 0.3314343515625 0.3224755703125 0.298405103125 0.325732690625 0.287016309375 0.330618371875 0.283598359375 0.33550405156249996 0.28587699375 0.338761171875 0.301823053125 0.338761171875 0.30637813281250004 0.3469061625 0.30637813281250004 0.35342040468749997 0.2938500234375 0.358306084375 0.2915713890625 0.35342040468749997 0.2847376765625 0.35342040468749997 0.2847376765625 0.35993464531249997 0.28929494375 0.363191765625 0.2847376765625 0.368077446875
1 0.8872437359375 0.682411465625 0.8872437359375 0.700325628125 0.8929381328125 0.7117255499999999 0.9145785875 0.7214991015625001 0.9248280640625 0.7182419796875 0.9248280640625 0.69869706875 0.9122999546875 0.6807807171875 0.8940774484375 0.6758950359375 0.8872437359375 0.682411465625
1 0.3006837359375 0.780129459375 0.3097938953125 0.789903009375 0.31776692500000003 0.7931601296874999 0.3200455578125 0.7882744500000001 0.337128746875 0.7768723390625001 0.3485197265625 0.7605867359375 0.34965904375 0.749184625 0.3428253296875 0.7361561437499999 0.32687927031249997 0.719870540625 0.315490478125 0.7133541109375 0.3040994984375 0.7117255499999999 0.2915713890625 0.7280133421875 0.2904320734375 0.747556065625 0.3006837359375 0.780129459375
1 0.2938500234375 0.833876325 0.283598359375 0.8241049640625 0.27107025 0.8257335250000001 0.26537585468749997 0.8355048859374999 0.26537585468749997 0.8550497984375 0.269930934375 0.8615640390625 0.28587699375 0.85830691875 0.29498933906249997 0.845276246875 0.2938500234375 0.833876325
1 0.2213667421875 0.9385178890624999 0.21791599062499997 0.9305699015625001 0.210159453125 0.9305699015625001 0.20757467031250001 0.937964090625 0.20627571718749999 0.94351739375 0.2049877 0.948387753125 0.20627571718749999 0.954608678125 0.21187826875 0.9551624750000001 0.21791599062499997 0.953371934375 0.2230855578125 0.952084846875 0.22696929375 0.9440711921875 0.2213667421875 0.9385178890624999
1 0.40660519375000004 0.9674270234375 0.42369056875 0.9739412640625 0.43621867812500004 0.9739412640625 0.4464681546875 0.9674270234375 0.44988610468749995 0.9527677921875 0.4487467875 0.939739309375 0.44305239218750003 0.9234537062499999 0.4339400453125 0.9120515953125 0.41685685625 0.9039087953125 0.39977148125 0.9039087953125 0.3918006375 0.9120515953125 0.3895220046875 0.9185658374999999 0.3918006375 0.9495106703125 0.40660519375000004 0.9674270234375
1 0.47038724375 0.77361521875 0.46013776718750005 0.7703580984375 0.4487467875 0.780129459375 0.4441917078125 0.7931601296874999 0.4441917078125 0.8045600515625001 0.4464681546875 0.8078171718749999 0.45785913437500003 0.8078171718749999 0.4783602734375 0.8029314921875 0.482915353125 0.7980458109375 0.482915353125 0.7882744500000001 0.47038724375 0.77361521875
1 0.5683378593749999 0.837133446875 0.5615041453125 0.833876325 0.55580975 0.8355048859374999 0.5592255125000001 0.8534212374999999 0.575171571875 0.8729639609375001 0.5911154437499999 0.8713354000000001 0.5990884734375 0.8631926 0.5979491578125 0.8566783578124999 0.5865603640625 0.8534212374999999 0.5683378593749999 0.837133446875
1 0.7984054671874999 0.921825146875 0.799544784375 0.93322506875 0.809794259375 0.9413678703125001 0.8246010015625 0.939739309375 0.82915826875 0.9299679484375 0.8268796359374999 0.9185658374999999 0.81890660625 0.9120515953125 0.8075178125000001 0.9120515953125 0.7984054671874999 0.921825146875
1 0.9111628250000001 0.7638438562500001 0.904326925 0.7719866578125 0.9066055578125001 0.7785008984374999 0.9168572203125 0.7850173296875 0.9510257859375001 0.7964172515625 0.9703876078125001 0.7931601296874999 0.9783606375 0.7850173296875 0.9783606375 0.7719866578125 0.9635538953125 0.7654724171875 0.952165103125 0.750815375 0.9441920734375 0.750815375 0.9111628250000001 0.7638438562500001
1 0.8644639640625 0.4999995828125 0.8473807750000001 0.4999995828125 0.8337133484375 0.5146588140625 0.8348526656249999 0.5244301765625 0.8507965375 0.5407157781249999 0.8621875171875001 0.5456036484375 0.8724369937500001 0.5456036484375 0.87585494375 0.5407157781249999 0.87585494375 0.5146588140625 0.8644639640625 0.4999995828125
1 0.70842788125 0.13029232500000001 0.71867954375 0.1254066453125 0.7266525734375 0.11563528281249999 0.7300683375 0.105863921875 0.727789703125 0.0879475703125 0.719816675 0.0814333296875 0.6651469703124999 0.06840484687500001 0.653758178125 0.073290528125 0.6503424140625 0.0814333296875 0.6514795437500001 0.0928332515625 0.6662862875 0.11726384375000001 0.6879267421875 0.1319208859375 0.70842788125 0.13029232500000001