1 0.38338265312500003 0.015217187500000002 0.37900947500000004 0.0304345171875 0.38046574375 0.0413040390625 0.38775583125 0.047825751562500005 0.3935852765625 0.039130134375 0.3935852765625 0.026086709375 0.3892120984375 0.017391090625 0.38338265312500003 0.015217187500000002
1 0.8629737609375001 0.1717383 0.8790080171874999 0.189129534375 0.8965007281249999 0.189129534375 0.9067055390625001 0.2086946734375 0.91691035 0.20434686562499998 0.91691035 0.1782600125 0.8994176390625 0.1413036390625 0.8965007281249999 0.1217385 0.8862981046874999 0.104347265625 0.87755175 0.104347265625 0.8629737609375001 0.1521731609375 0.8629737609375001 0.1717383
1 0.8309030609375 0.1739122046875 0.8338199703125 0.167390490625 0.8309030609375 0.1478253515625 0.8177835281249999 0.1456514484375 0.8134103500000001 0.154347065625 0.816327259375 0.1739122046875 0.8309030609375 0.1739122046875
1 0.6457733234374999 0.1739122046875 0.64431486875 0.1565209703125 0.6384832359375 0.1478253515625 0.625363703125 0.14999925625 0.6180758015625 0.1630426828125 0.6195342562499999 0.1739122046875 0.6457733234374999 0.1739122046875
1 0.6326537906249999 0.2065207703125 0.6282806125 0.189129534375 0.6195342562499999 0.1804339171875 0.61224416875 0.189129534375 0.6093294453125 0.210868578125 0.615161078125 0.2195641953125 0.6282806125 0.2217381 0.6326537906249999 0.21739029062499998 0.6326537906249999 0.2065207703125
1 0.447521865625 0.23695760937500002 0.43731705468750004 0.23695760937500002 0.4285707 0.2456532265625 0.42711443125 0.2586966515625 0.43731705468750004 0.2739139828125 0.45189504375 0.2760878875 0.456268221875 0.271740078125 0.4577266765625 0.25434884375 0.447521865625 0.23695760937500002
1 0.4300291546875 0.082608221875 0.456268221875 0.07391260468750001 0.456268221875 0.0630430828125 0.45043658906250006 0.04999965625 0.43731705468750004 0.047825751562500005 0.4300291546875 0.058695273437499994 0.4300291546875 0.082608221875
1 0.6909613703125 0.004347665625 0.67638556875 0.0195649953125 0.673468659375 0.026086709375 0.6749271140624999 0.036956229687499995 0.68367346875 0.039130134375 0.6953345484375 0.0217389 0.6953345484375 0.010869378124999999 0.6909613703125 0.004347665625
1 0.3862973765625 0.9500004125 0.37900947500000004 0.9347830828125 0.367346209375 0.9347830828125 0.3585998546875 0.9521743171875 0.360058309375 0.9804350734374999 0.3688046640625 0.9956524046874999 0.38192419843750003 0.9978263093749999 0.38775583125 0.9804350734374999 0.3862973765625 0.9500004125
1 0.3542266765625 0.6260864875000001 0.3425655984375 0.6239125828125001 0.336733965625 0.628260390625 0.33381924218750003 0.6391299125 0.336733965625 0.6565211484375 0.351311953125 0.6586950515625001 0.360058309375 0.649999434375 0.360058309375 0.636956009375 0.3542266765625 0.6260864875000001
1 0.3811654515625 0.6856532093750001 0.37692346875 0.6926955265625 0.3788039359375 0.70254344375 0.384475946875 0.7109994515625 0.3944030609375 0.713129790625 0.391092565625 0.6962177734375 0.385888484375 0.687761765625 0.3811654515625 0.6856532093750001
1 0.3381924203125 0.43260899999999997 0.33527769687500003 0.4391307125 0.336733965625 0.45434804375000004 0.34839722968750003 0.46086975625 0.3527704078125 0.4478263296875 0.351311953125 0.436956809375 0.34839722968750003 0.43260899999999997 0.3381924203125 0.43260899999999997
1 0.3702631203125 0.2891313125 0.367346209375 0.2978269296875 0.3688046640625 0.31087035625000004 0.38046574375 0.315218165625 0.38338265312500003 0.31087035625000004 0.38192419843750003 0.2913052171875 0.37900947500000004 0.28695740937499997 0.3702631203125 0.2891313125
1 0.32215816249999996 0.2630444609375 0.33090451875000004 0.278261790625 0.3498534984375 0.293479121875 0.360058309375 0.2826096 0.3644314875 0.2695661734375 0.3644314875 0.2478271296875 0.3585998546875 0.2347815265625 0.339650875 0.2282598125 0.327987609375 0.23695760937500002 0.32215816249999996 0.250001034375 0.32215816249999996 0.2630444609375
1 0.24635568437500002 0.826087865625 0.236150875 0.81521834375 0.22740451875 0.81521834375 0.22594825 0.826087865625 0.231777696875 0.8500008125 0.240524053125 0.86521814375 0.24635568437500002 0.8630442390624999 0.2492704078125 0.847826909375 0.24635568437500002 0.826087865625
1 0.26354227343750003 0.7637830703125 0.2592849859375 0.7736309875 0.2677995625 0.7750425 0.27393513125 0.764477934375 0.271107871875 0.7560219265625 0.26354227343750003 0.7637830703125
1 0.24781414062499998 0.5695649734375 0.2448972296875 0.5847823046875 0.26093367343749996 0.6347821046875 0.2827995625 0.643477721875 0.2900874640625 0.6326082000000001 0.287172740625 0.5413042171875 0.2769679296875 0.5413042171875 0.24781414062499998 0.5695649734375
1 0.2055386296875 0.6347821046875 0.20991180781250002 0.6478255296875 0.21720189531249998 0.6521733390625 0.22740451875 0.649999434375 0.22740451875 0.6304342953125001 0.21720189531249998 0.621738678125 0.20699708437500003 0.628260390625 0.2055386296875 0.6347821046875
1 0.1661800296875 0.5913040171875 0.1807580171875 0.5956518265625 0.19533600625 0.6086952515624999 0.20408236093749998 0.6043474437499999 0.1967922734375 0.5847823046875 0.18804591875 0.5760866874999999 0.16472376093750002 0.5804344953125 0.1661800296875 0.5913040171875
1 0.2186581625 0.48913051249999995 0.22594825 0.5065217484375 0.2376093296875 0.5065217484375 0.2376093296875 0.4978261296875 0.231777696875 0.48913051249999995 0.2186581625 0.48913051249999995
1 0.2376093296875 0.415217765625 0.25072886250000004 0.4195655734375 0.25947521875 0.4130438609375 0.26093367343749996 0.393478721875 0.25656049531249997 0.3826092 0.25656049531249997 0.3673918703125 0.240524053125 0.37173967812500003 0.23323615156250002 0.3847831046875 0.231777696875 0.40434824375 0.2376093296875 0.415217765625
1 0.33090451875000004 0.1913034390625 0.3250728859375 0.1847817265625 0.2930021859375 0.1847817265625 0.28425583125 0.19347734375 0.2827995625 0.210868578125 0.287172740625 0.2217381 0.29883381875000004 0.232607621875 0.319241253125 0.2347815265625 0.3250728859375 0.226085909375 0.33090451875000004 0.1913034390625
1 0.287172740625 0.167390490625 0.2725947515625 0.14347754375 0.2623899421875 0.117390690625 0.2536435859375 0.1152167875 0.2492704078125 0.1239124046875 0.240524053125 0.11956459531250001 0.231777696875 0.1282602125 0.22740451875 0.1413036390625 0.22594825 0.1717383 0.23906778437499998 0.20434686562499998 0.2653068515625 0.2130424828125 0.27405320624999996 0.20434686562499998 0.279882653125 0.18695562968749999 0.288629009375 0.182607821875 0.287172740625 0.167390490625
1 0.13265314374999998 0 0.1413994171875 0.015217187500000002 0.150145771875 0.0217389 0.16472376093750002 0.015217187500000002 0.1720116625 0.0021737609375 0.1716473453125 0 0.13265314374999998 0
1 0.027696793749999997 0.06956479531250001 0.033528425 0.07391260468750001 0.0451895046875 0.0717387 0.04373105 0.058695273437499994 0.027696793749999997 0.058695273437499994 0.027696793749999997 0.06956479531250001
1 0.0655969390625 0.1304341171875 0.0699701171875 0.1369558296875 0.0699701171875 0.1521731609375 0.0728870265625 0.1565209703125 0.08308965 0.14999925625 0.08163338125 0.11956459531250001 0.0699701171875 0.1021733609375 0.05830903750000001 0.1021733609375 0.039357871875 0.11956459531250001 0.0408163265625 0.1282602125 0.05247740468749999 0.126086309375 0.0655969390625 0.1304341171875
1 0.1057580171875 0.27886952656249997 0.1010349859375 0.28732553437499997 0.1010349859375 0.3035209046875 0.1057580171875 0.3197184515625 0.12087390625000001 0.3281744609375 0.1274927109375 0.31408764843750003 0.1260779890625 0.2964785875 0.113323615625 0.2845003296875 0.1057580171875 0.27886952656249997
1 0.0728870265625 0.3260876875 0.08163338125 0.3304354953125 0.09183600625 0.3304354953125 0.0932944609375 0.3260876875 0.0889212828125 0.31304426093750004 0.0685138484375 0.31087035625000004 0.0685138484375 0.3195659734375 0.0728870265625 0.3260876875
1 0.049562682812499995 0.2304337171875 0.05247740468749999 0.2282598125 0.055394315625 0.2065207703125 0.06414067031250001 0.1804339171875 0.06414067031250001 0.1695643953125 0.05976749218750001 0.167390490625 0.04227478125 0.1717383 0.037901603125 0.1782600125 0.04227478125 0.2195641953125 0.049562682812499995 0.2304337171875
1 0.1898258015625 0.7536301953125 0.1930903796875 0.7371952171875 0.195539359375 0.7152819125 0.1939059765625 0.6964138171875 0.1869679296875 0.6885001953125001 0.1743010203125 0.6763041125 0.16695408125 0.6732610828125 0.15797376093749999 0.6690004046875 0.1530758015625 0.6708257875 0.1453199703125 0.6726511703125 0.1404220109375 0.6775217609374999 0.1375663265625 0.684217734375 0.133483965625 0.68971784375 0.125306121875 0.6964138171875 0.1220415453125 0.7031076125 0.12122376093750001 0.7134565296875001 0.121632653125 0.7274562125 0.12449052499999999 0.7390227781250001 0.13470845468749998 0.756065490625 0.1416465015625 0.7664340125 0.1530758015625 0.770694690625 0.16817857187500002 0.7688693093750001 0.1824788625 0.765216365625 0.1898258015625 0.7536301953125
1 0.14940233281249998 0.7853042875 0.13960641406250002 0.7688693093750001 0.12489722968750001 0.7664340125 0.11469460625000001 0.7688693093750001 0.1085721578125 0.7749575484375 0.102040815625 0.786521934375 0.09755175 0.798696234375 0.0938782796875 0.8145213 0.09469387812499999 0.8315879734375 0.0979584546875 0.8437600953125 0.102040815625 0.8510659828125 0.1183680765625 0.85715204375 0.1330750734375 0.8528913656249999 0.1412397953125 0.8492384218750001 0.149811225 0.8413269781249999 0.15389139999999998 0.8285427656250001 0.15552478125 0.8126959171875001 0.15430029218750002 0.7999138828125 0.14940233281249998 0.7853042875
1 0.057215635937499995 1 0.049562682812499995 0.9847828828124999 0.04227478125 0.9782611703124999 0.026238337499999997 0.9826089781249999 0.0247820875 1 0.057215635937499995 1
3 0.0889212828125 0.6326082000000001 0.0801749265625 0.628260390625 0.0699701171875 0.628260390625 0.06705539375 0.6326082000000001 0.0685138484375 0.649999434375 0.0728870265625 0.6565211484375 0.0903797375 0.649999434375 0.09183600625 0.6391299125 0.0889212828125 0.6326082000000001
1 0.660349125 0.671738478125 0.6661807578125 0.6630428609375 0.6661807578125 0.6521733390625 0.6516027703125 0.6108691562499999 0.6370269671875 0.5847823046875 0.625363703125 0.586956209375 0.6195342562499999 0.6021735390625 0.615161078125 0.6456516265625 0.6195342562499999 0.671738478125 0.660349125 0.671738478125
1 0.5285547828125 1 0.5393586 0.9804350734374999 0.5422733234375 0.9630438390625 0.5393586 0.9521743171875 0.5233243437499999 0.9521743171875 0.504373178125 0.9630438390625 0.4795919796875 1 0.5285547828125 1
1 0.45863623750000004 1 0.458951165625 0.979260990625 0.45711443125000006 0.95149905625 0.4528571421875 0.9328705703125 0.44675000000000004 0.925131209375 0.444926384375 0.93330404375 0.44370189531250004 0.9683261218749999 0.44400801718749994 0.9970007484375 0.44424913750000006 1 0.45863623750000004 1
1 0.443172 1 0.4424774046875 0.986065878125 0.44370189531250004 0.9587831609374999 0.443395771875 0.937869678125 0.4458316328125 0.9301303171875 0.43790087499999997 0.9242163390625 0.43119460624999995 0.928760190625 0.42631195312500003 0.9492402 0.42418440156250004 0.975152790625 0.4226641984375 1 0.443172 1
1 1 0.9043484218750001 0.9985422734375 0.9043484218750001 0.98979591875 0.9195657515625 0.98979591875 0.9347830828125 0.9941690968750001 0.9413047953125 1 0.9423917124999999 1 0.9043484218750001
1 0.7883390078125 1 0.7900881921875 0.9956524046874999 0.7900881921875 0.9630438390625 0.77988338125 0.9434787 0.7653053937500001 0.9347830828125 0.7565590375 0.9369569875 0.7434395046875 0.9565221265625 0.74052478125 0.9782611703124999 0.7463564140625001 0.9978263093749999 0.7478137890625 1 0.7883390078125 1
1 0.4431486875 0.797827109375 0.4577266765625 0.7847836828125 0.4577266765625 0.7413034171875 0.45480976718750005 0.7304338953125 0.4460634109375 0.7239121828124999 0.4300291546875 0.7239121828124999 0.41836807656249997 0.736955609375 0.41545116562500006 0.7847836828125 0.43586078749999996 0.797827109375 0.4431486875 0.797827109375
1 0.607870990625 0.7782597906250001 0.600583090625 0.7695641734375 0.591836734375 0.7695641734375 0.5889220109375 0.7739119828125001 0.5889220109375 0.7934793 0.5947514578125 0.8021749171874999 0.6093294453125 0.8000010124999999 0.6107879015625 0.7869575875 0.607870990625 0.7782597906250001
3 0.9314861515624999 0.743477321875 0.9314861515624999 0.728259990625 0.9256567062500001 0.7195643734375 0.91691035 0.7173904703125 0.9154518953125 0.7413034171875 0.91836661875 0.7456512265625 0.9314861515624999 0.743477321875
1 1 0.5847835265625 0.9883374640625 0.6043474437499999 0.9810495625 0.636956009375 0.9839642859375 0.6760862875 0.9927106406249999 0.686955809375 1 0.6887675765625 1 0.5847835265625
1 0.8965007281249999 0.65434724375 0.9023323609375 0.6456516265625 0.9023323609375 0.6260864875000001 0.8877543734375 0.621738678125 0.87755175 0.636956009375 0.87609329375 0.649999434375 0.8965007281249999 0.65434724375
1 0.49271209843749997 0.5130434609375001 0.49125364375 0.500000034375 0.48396574374999995 0.48260880000000006 0.4752193875 0.47826099062500005 0.4650145765625 0.48695660937499996 0.4620998546875 0.500000034375 0.4650145765625 0.5130434609375001 0.47667565625 0.5086956515625001 0.47959256562499997 0.5130434609375001 0.49271209843749997 0.5130434609375001
1 0.5903782796875 0.3521745390625 0.5991246359375 0.32826159062500004 0.600583090625 0.3065225484375 0.5991246359375 0.2978269296875 0.58746355625 0.2804356953125 0.575802478125 0.271740078125 0.5583097671874999 0.271740078125 0.5393586 0.2826096 0.529153790625 0.30000083437499997 0.5233243437499999 0.3239137828125 0.5233243437499999 0.35434844375 0.529153790625 0.3826092 0.5364438781249999 0.3956526265625 0.54810495625 0.393478721875 0.5714292999999999 0.37826139062499997 0.5903782796875 0.3521745390625
1 0.653061225 0.3304354953125 0.639941690625 0.336957209375 0.6224489796875 0.3521745390625 0.6180758015625 0.36087015624999996 0.6195342562499999 0.3673918703125 0.6370269671875 0.36304406093749997 0.6778418375 0.32826159062500004 0.688046646875 0.3260876875 0.692419825 0.3195659734375 0.692419825 0.3065225484375 0.680758746875 0.30434864375 0.653061225 0.3304354953125
1 0.67638556875 0.35869625156249996 0.67638556875 0.37173967812500003 0.688046646875 0.4021743390625 0.7201173468750001 0.3956526265625 0.71574416875 0.3673918703125 0.7274052484375 0.3239137828125 0.7274052484375 0.29565302656250003 0.7230320703124999 0.2913052171875 0.7113709906250001 0.29565302656250003 0.692419825 0.3239137828125 0.67638556875 0.35869625156249996
1 0.82215670625 0.350000634375 0.8294467937500001 0.3347833046875 0.8352762390624999 0.2826096 0.82215670625 0.2586966515625 0.8061224484375 0.2521749390625 0.8017492718750001 0.25434884375 0.7944613703125001 0.2804356953125 0.793002915625 0.3065225484375 0.8090371718749999 0.34565282656249996 0.82215670625 0.350000634375
3 0.8979591843750001 0.2739139828125 0.88483965 0.3739135828125 0.8862981046874999 0.386957009375 0.8965007281249999 0.3804352953125 0.9052470843749999 0.35869625156249996 0.9329446062500001 0.31304426093750004 0.937317784375 0.30000083437499997 0.937317784375 0.2847835046875 0.9314861515624999 0.2760878875 0.9227397953124999 0.271740078125 0.8979591843750001 0.2739139828125
1 0.880466471875 0.41086995625 0.8819249265625 0.44565242656250004 0.88483965 0.45000023437500003 0.9023323609375 0.44565242656250004 0.90816399375 0.42826119062499995 0.9023323609375 0.415217765625 0.88483965 0.400000434375 0.880466471875 0.41086995625
1 0.90816399375 0.5326086 0.9067055390625001 0.549999834375 0.9198250734375 0.5521737390625 0.9227397953124999 0.543478121875 0.9212835281249999 0.5347825046875 0.90816399375 0.5326086
1 0.9941690968750001 0.3913048171875 0.9781348390625 0.3847831046875 0.969388484375 0.3891309125 0.96501530625 0.4021743390625 0.9664715749999999 0.415217765625 0.976676384375 0.42608728749999997 0.9927106406249999 0.42608728749999997 0.9956275515625 0.4173916703125 0.9941690968750001 0.3913048171875
1 0.9562689499999999 0.0869560296875 0.9562689499999999 0.060869178125 0.9489788625 0.052173560937499995 0.9402325078124999 0.0565213703125 0.9358593296875 0.0652169875 0.937317784375 0.076086509375 0.9562689499999999 0.0869560296875
1 0.9956275515625 0.8804354734375 0.9868811953125001 0.8739137609375 0.97230320625 0.8739137609375 0.969388484375 0.882609378125 0.9679300296875001 0.92173965625 0.969388484375 0.9282613703125 0.9810495625 0.9282613703125 0.9941690968750001 0.9000006125000001 0.9956275515625 0.8804354734375
1 0.102040815625 0.8695659515624999 0.0845481046875 0.8847832828125 0.0801749265625 0.9000006125000001 0.08308965 0.92173965625 0.0903797375 0.9434787 0.102040815625 0.960869934375 0.12244825 0.9673916484375 0.135567784375 0.96521774375 0.15451895 0.9434787 0.158892128125 0.926087465625 0.1574336734375 0.9108701343750001 0.1457725953125 0.8891310906250001 0.13119460624999998 0.8739137609375 0.102040815625 0.8695659515624999
2 0.6843212171874999 1 0.6865881921875 0.9847828828124999 0.68367346875 0.9695655515625001 0.6355685125 0.9565221265625 0.6180758015625 0.9565221265625 0.61224416875 0.960869934375 0.6006995671875 1 0.6843212171874999 1
0 0.310066878125 1 0.295919096875 0.9673916484375 0.28571428593750003 0.960869934375 0.268221575 0.9978263093749999 0.268109396875 1 0.310066878125 1
1 0.46647303281249997 0.48260880000000006 0.46647303281249997 0.45217413906250004 0.4577266765625 0.42608728749999997 0.447521865625 0.421739478125 0.43731705468750004 0.4239133828125 0.4256559765625 0.436956809375 0.4212827984375 0.45000023437500003 0.42419752187500004 0.4630436609375 0.4577266765625 0.48478270468750007 0.46647303281249997 0.48260880000000006
1 0.5218658890625 0.6195647734375 0.5408170546875 0.6239125828125001 0.552478134375 0.6173908703125 0.5612244890625 0.6065213484374999 0.5612244890625 0.586956209375 0.5495634109374999 0.571738878125 0.5320707 0.571738878125 0.5233243437499999 0.578260590625 0.518951165625 0.599999634375 0.5218658890625 0.6195647734375
1 0.527697521875 0.7739119828125001 0.5306122453125 0.7695641734375 0.5306122453125 0.7543468437499999 0.5145779890625 0.71086875625 0.5 0.7130426609375 0.48833892187499994 0.728259990625 0.47959256562499997 0.749999034375 0.481048834375 0.765216365625 0.48542201093750004 0.7695641734375 0.527697521875 0.7739119828125001
1 0.5335269671875 0.92173965625 0.5422733234375 0.92173965625 0.559766034375 0.9108701343750001 0.5655976671875 0.8978267093750001 0.5641392125 0.8891310906250001 0.5553928578125 0.8739137609375 0.5379001453125001 0.8565225265624999 0.5262390671875 0.8630442390624999 0.5131195328125 0.8978267093750001 0.518951165625 0.9108701343750001 0.5335269671875 0.92173965625
4 0.2467208453125 0.8775645265625001 0.34686661875 0.712369578125 0.1890670546875 0.6558045 0.2467208453125 0.8775645265625001
4 0.0788371546875 0 0.2361071421875 0.1172599953125 0.20581485000000002 0 0.0788371546875 0
1 0.5379001453125001 0.2695661734375 0.5393586 0.2565227484375 0.5349854234375 0.2478271296875 0.520407434375 0.2347815265625 0.50874635625 0.232607621875 0.4941683671875 0.250001034375 0.4897951890625 0.2739139828125 0.4941683671875 0.2826096 0.5145779890625 0.28695740937499997 0.5379001453125001 0.2695661734375
1 0.7069978140625001 0.1152167875 0.7201173468750001 0.1521731609375 0.7346931484375 0.1521731609375 0.7492711375 0.1282602125 0.7551027703125001 0.1065211703125 0.753644315625 0.0956516484375 0.731778425 0.0869560296875 0.7186588921875 0.076086509375 0.7099125359375 0.076086509375 0.704080903125 0.089129934375 0.7069978140625001 0.1152167875