1 0.5994906890625 0.4999997453125 0.5994906890625 0.48214323906249995 0.5586733421875001 0.48469323906249995 0.5586733421875001 0.5025519125 0.576529846875 0.51020408125 0.5918363515625 0.50765408125 0.5994906890625 0.4999997453125
1 0.4719386484375 0.372449871875 0.46938864843749994 0.3571433671875 0.4540821421875 0.3520411984375 0.43112346874999996 0.3545911984375 0.4285713015625 0.374999871875 0.43877563750000004 0.38265204062499997 0.46428647968750003 0.380102040625 0.4719386484375 0.372449871875
1 0.24999974531250002 0.655612628125 0.2372454078125 0.658162628125 0.2423475765625 0.69642780625 0.25765408125 0.7168364796875 0.2831627546875 0.7244908156250001 0.311223596875 0.7091843109375 0.30867359687499996 0.69387780625 0.2755105875 0.6658169640625 0.24999974531250002 0.655612628125
1 0.311223596875 0.5382649234375 0.311223596875 0.5255105875 0.306121428125 0.52040841875 0.27295841875 0.52040841875 0.27040841875 0.5382649234375 0.27295841875 0.5433670921875 0.29846926093750004 0.5459192609375 0.311223596875 0.5382649234375
1 0.2857116078125 1 0.2857149234375 0.9999992343749999 0.2933670921875 0.992347065625 0.2882649234375 0.964286225 0.2755105875 0.9617340562500001 0.2423475765625 0.9719383921875 0.2423475765625 0.9974492343750001 0.2448983421875 1 0.2857116078125 1
1 0.405612628125 0.68622346875 0.40816262812500004 0.6683669640625001 0.37244961718749997 0.6632647953124999 0.36479528125 0.6760213015625001 0.37244961718749997 0.68622346875 0.392856121875 0.6887756375 0.405612628125 0.68622346875
1 0.6020406890625 0.43622372499999995 0.6071428578125 0.4081628828125 0.576529846875 0.40306071406250005 0.5612255109375 0.42346938749999996 0.5586733421875001 0.4566323984375 0.568877678125 0.479591071875 0.581632015625 0.47448890312499997 0.6020406890625 0.43622372499999995
1 0.612245025 0.8061233421875 0.614795025 0.7908168375 0.6096928578125 0.7857146687500001 0.568877678125 0.7857146687500001 0.5663255109375 0.7959190046875 0.579082015625 0.8086733421875 0.5994906890625 0.8112255109375001 0.612245025 0.8061233421875
1 0.26020408125 0.7499994890624999 0.25765408125 0.739795153125 0.221938903125 0.739795153125 0.216836734375 0.7474494890625001 0.219386734375 0.7602038265625 0.227041071875 0.7653059953125 0.25255191250000003 0.7627559953125 0.26020408125 0.7499994890624999
1 0.8673469390624999 0.6198974484375 0.8545926015624999 0.6198974484375 0.836733928125 0.6403061218749999 0.836733928125 0.6683669640625001 0.844388265625 0.68622346875 0.8673469390624999 0.7040821421875 0.8979599484375 0.7015299749999999 0.9081642859375 0.68622346875 0.9081642859375 0.6709191328124999 0.8903056125000001 0.6326539546875 0.8673469390624999 0.6198974484375
1 1 0.6275519125 0.9974489796875 0.6326539546875 0.9846946421875 0.645408290625 0.9846946421875 0.6658169640625 0.9770403062499999 0.68112346875 0.9821424750000001 0.69387780625 1 0.701317809375 1 0.6275519125
1 0.6075079484375 1 0.5943885203125 0.9897948984375 0.568877678125 0.9897948984375 0.5599487578125 1 0.6075079484375 1
1 0.7627558859375 1 0.7499992343749999 0.9872448984375 0.7270405609374999 0.9821427296874999 0.71173405625 0.9897948984375 0.7094663625 1 0.7627558859375 1
1 0.2857149234375 0.0178567609375 0.27295841875 0.0127545921875 0.24999974531250002 0.0535719390625 0.24489757656250002 0.08418278125 0.24999974531250002 0.119897959375 0.26530624999999997 0.15051096875 0.2831627546875 0.170917475 0.321427934375 0.193878315625 0.36224528125 0.19642831562500002 0.395408290625 0.18877614843749999 0.40051045937499996 0.1734696421875 0.3801017859375 0.1428566328125 0.3265301015625 0.07908061250000001 0.2857149234375 0.0178567609375
1 0.499150321875 0 0.5178581624999999 0.0561219390625 0.573979846875 0.1403066328125 0.5969385203125 0.15051096875 0.61989719375 0.14795880156250002 0.6454080359375001 0.1326522953125 0.6785710453125 0.09438711718750001 0.6785710453125 0.0535719390625 0.668366709375 0.038265434375000004 0.6249993625 0.0025502546875 0.624468084375 0 0.499150321875 0
1 0.6173471937499999 0.596938775 0.5943885203125 0.5841844390625 0.568877678125 0.5841844390625 0.5433668375 0.60459094375 0.5408168375 0.6249996171875 0.5459190046875 0.647958290625 0.5051016578125 0.68622346875 0.49999948906249997 0.7117343109375 0.5051016578125 0.7219386484375 0.52551033125 0.742347321875 0.5433668375 0.7499994890624999 0.584184184375 0.744897321875 0.6173471937499999 0.7066321421875 0.6326536984375 0.6734691328125 0.6326536984375 0.6198974484375 0.6173471937499999 0.596938775
1 0.313775765625 0.1913261484375 0.301021428125 0.193878315625 0.2806127546875 0.2168369890625 0.27040841875 0.24489783125 0.27295841875 0.2755108421875 0.2882649234375 0.306121684375 0.30867359687499996 0.329082525 0.3265301015625 0.33673469375 0.3571431125 0.33673469375 0.38775612187499997 0.32142818906250004 0.40816262812500004 0.290817346875 0.405612628125 0.2653065046875 0.3852039546875 0.25 0.3698974484375 0.24745 0.3265301015625 0.19642831562500002 0.313775765625 0.1913261484375
1 0.7321427296875 0.1428566328125 0.7244905609375001 0.127550128125 0.69897971875 0.114795790625 0.6760210453125 0.114795790625 0.5943885203125 0.16326530625 0.576529846875 0.206632653125 0.579082015625 0.24234783124999998 0.5969385203125 0.25510216875 0.673468878125 0.25 0.6913275515625 0.24234783124999998 0.70152971875 0.23214349531249998 0.70918405625 0.201530484375 0.7321427296875 0.1581631375 0.7321427296875 0.1428566328125
1 0.7653057390625 0.4464280609375 0.7551014031250001 0.4387758921875 0.7346948984375 0.4387758921875 0.716836225 0.4464280609375 0.6964275515625 0.47448890312499997 0.6887753828125 0.5025519125 0.6964275515625 0.5765301015625 0.7193883921875 0.6096931125 0.7397948984375 0.6198974484375 0.7576535718749999 0.6198974484375 0.79081658125 0.60459094375 0.8214295921874999 0.5739801015625 0.8316317609375 0.5484692609375 0.8137752546874999 0.52040841875 0.7831622453125 0.4948975765625 0.7653057390625 0.4464280609375
1 1 0.030530025 0.9515316328125 0.0586741078125 0.9311229593749999 0.08418278125 0.9260207906250001 0.107143621875 0.9311229593749999 0.112245790625 1 0.10578748281250001 1 0.030530025
1 0 0 0 0.0694661734375 0.00510216875 0.07142844375 0.038265178125 0.0739806125 0.051019515625 0.06887844374999999 0.0663260203125 0.0535719390625 0.09757631875 0 0 0
1 0.23979540781250003 0.0561219390625 0.224488903125 0.020408928125 0.21428673437499998 0.0178567609375 0.20153022968749998 0.022958928125 0.137754209375 0.0994892859375 0.08928469375 0.1760196421875 0.08673469375000001 0.198980484375 0.0943868625 0.206632653125 0.140306378125 0.209182653125 0.16836721875 0.201530484375 0.216836734375 0.16326530625 0.2346932390625 0.1326522953125 0.2423475765625 0.09438711718750001 0.23979540781250003 0.0561219390625
1 0.494897321875 0.732142984375 0.4719386484375 0.7066321421875 0.44897997500000003 0.69387780625 0.40816262812500004 0.69387780625 0.344388775 0.7091843109375 0.30357142812500004 0.727040815625 0.2959192609375 0.7474494890625001 0.29846926093750004 0.7831625 0.313775765625 0.818877678125 0.344388775 0.8545928578125 0.3571431125 0.8596928578125 0.38265395468749996 0.8571428578125 0.4158169640625 0.8061233421875 0.477040815625 0.7729581624999999 0.494897321875 0.7576538265625 0.494897321875 0.732142984375
1 0.6377558671875 0.86989719375 0.6249993625 0.8392863515625001 0.5969385203125 0.8443885203124999 0.5612255109375 0.8852036984374999 0.5357146687500001 0.9336732140624999 0.5357146687500001 0.95918405625 0.5408168375 0.964286225 0.568877678125 0.966836225 0.6071428578125 0.95152971875 0.6249993625 0.9336732140624999 0.6377558671875 0.8979602046874999 0.6377558671875 0.86989719375
1 0.46683647968750003 0.48469323906249995 0.43112346874999996 0.46173456562500004 0.4107147953125 0.46173456562500004 0.40051045937499996 0.47448890312499997 0.38775612187499997 0.5255105875 0.34948877500000003 0.594388775 0.34948877500000003 0.6198974484375 0.35969311249999997 0.6275517859375 0.4260213015625 0.6326539546875 0.4413256375 0.6249996171875 0.44897997500000003 0.61224528125 0.451529975 0.568877934375 0.47959081562500006 0.52295841875 0.47959081562500006 0.50765408125 0.46683647968750003 0.48469323906249995
1 1 0.3281425046875 0.9744903062500001 0.33418469375000004 0.936225128125 0.3545911984375 0.9234686218749999 0.3673477046875 0.928570790625 0.39795854531249997 0.9489794640625 0.42346938749999996 0.9719381374999999 0.47193890312500003 0.9897968109375 0.48724540781250003 1 0.48881518125 1 0.3281425046875
1 0.12135610781249999 1 0.11989770468750001 0.9897948984375 0.1122455359375 0.9846948984375 0.08418469375 0.992347065625 0.0737481765625 1 0.12135610781249999 1
1 0.20408239843749998 1 0.20408239843749998 0.9846948984375 0.19387806093749999 0.966836225 0.17346938750000002 0.966836225 0.16326505156249999 0.9770405609375 0.153811503125 1 0.20408239843749998 1
1 0.451529975 0.862245025 0.4234691328125 0.8647950249999999 0.40816262812500004 0.8903058671874999 0.4132647953125 0.923468878125 0.474490815625 0.964286225 0.48724515312500005 0.964286225 0.5076538265625 0.9540818874999999 0.5127559953125 0.923468878125 0.494897321875 0.8903058671874999 0.451529975 0.862245025
1 0.63520216875 1 0.6352036984375 0.9999992343749999 0.6352036984375 0.964286225 0.62755153125 0.9438775515625 0.614795025 0.9489797187500001 0.5994906890625 0.9770405609375 0.6020406890625 0.992347065625 0.6109685687499999 1 0.63520216875 1
1 0.6953650796875 1 0.6964275515625 0.9872448984375 0.6887753828125 0.9387753828125 0.6938775515625 0.923468878125 0.70152971875 0.918366709375 0.70918405625 0.8877558671875001 0.70918405625 0.8494906890625 0.70152971875 0.8367341843749999 0.6811232140625 0.8367341843749999 0.670918878125 0.8469385203125 0.670918878125 0.8852036984374999 0.6535907171875001 1 0.6953650796875 1
1 1 0.84481353125 0.9872446421875001 0.8469385203125 0.9795924749999999 0.8571428578125 0.9617338015625 0.8596928578125 0.936225128125 0.923468878125 0.936225128125 0.9464275515624999 0.9464294640625001 0.966836225 0.9540816328125 0.966836225 0.9642859687499999 0.9540818874999999 0.9974489796875 0.8596928578125 1 0.8571423781249999 1 0.84481353125
1 1 0.716837071875 0.9999989796875 0.7168364796875 0.9642859687499999 0.7040821421875 0.9489794640625 0.7040821421875 0.9591838015624999 0.7091843109375 0.9668359687500001 0.734692984375 0.9795924749999999 0.7499994890624999 1 0.7596032703125 1 0.716837071875
1 0.9566316328125 0.7499994890624999 0.9464294640625001 0.7168364796875 0.9311229593749999 0.7244908156250001 0.9183664546875001 0.7627559953125 0.9183664546875001 0.7780603312500001 0.928570790625 0.78826466875 0.9489794640625 0.7857146687500001 0.9566316328125 0.7780603312500001 0.9566316328125 0.7499994890624999
1 0.8739539546874999 0.8723474484375 0.817296684375 0.9935960453125 0.8560454078124999 0.9767088015625 0.8798974484375 0.91905625 0.8739539546874999 0.8723474484375
1 0.922653315625 0.9290047187500001 0.9156885203125 0.9230352046875 0.9067353312499999 0.9230352046875 0.9017610968750001 0.9339789546875 0.9067353312499999 0.9468872453125 0.9146932390625 0.947882525 0.9236485968749999 0.9409177296875001 0.922653315625 0.9290047187500001
1 0.9017610968750001 0.973725128125 0.8898459187500001 0.971734565625 0.883878571875 0.9846428578124999 0.883878571875 0.9945913265625 0.893827040625 0.9945913265625 0.9077306125 0.9876265312499999 0.9097190046874999 0.9816830359375001 0.9017610968750001 0.973725128125
1 0.9633926015625001 0.8355871171875 0.9544394125 0.8316081625 0.942526403125 0.8425519124999999 0.943519515625 0.8484954078125 0.9474746171874999 0.8544649234374999 0.95543469375 0.8534696421874999 0.9633926015625001 0.8425519124999999 0.9633926015625001 0.8355871171875
1 0.7627557390625 0.7959190046875 0.7397948984375 0.7908168375 0.7295927296875 0.7959190046875 0.7397948984375 0.8903058671874999 0.760203571875 0.915816709375 0.7729600765625 0.918366709375 0.7882644125 0.8571428578125 0.7857144125 0.829082015625 0.7627557390625 0.7959190046875
1 0.3290822703125 0.8520406890625001 0.306121428125 0.8418363515625 0.2882649234375 0.8545928578125 0.2780605875 0.8877558671875001 0.2831627546875 0.9336732140624999 0.2933670921875 0.95918405625 0.30357142812500004 0.964286225 0.344388775 0.9540818874999999 0.37244961718749997 0.9362253828125 0.3852039546875 0.918366709375 0.3852039546875 0.908162371875 0.37499961718749997 0.8954080359375001 0.34948877500000003 0.88010153125 0.3316322703125 0.862245025 0.3290822703125 0.8520406890625001
1 0.2346932390625 0.8954080359375001 0.229591071875 0.88010153125 0.20663239843749998 0.87755153125 0.186223725 0.8903058671874999 0.17857155625 0.9005102046875001 0.183673725 0.9311232140625 0.19387806093749999 0.923468878125 0.200511096875 0.9168358421875 0.21607130156249998 0.9104586734375 0.2346932390625 0.8954080359375001
1 0.1341829078125 0.908162371875 0.12831530625 0.9130108421875001 0.11887857187499999 0.9206630109375 0.1173477046875 0.923468878125 0.1122455359375 0.9489797187500001 0.130102040625 0.964286225 0.1454085453125 0.964286225 0.16836721875 0.95152971875 0.17346938750000002 0.9285710453125 0.1530607140625 0.9030602046875 0.1341829078125 0.908162371875
1 0.140306378125 0.8494906890625 0.135204209375 0.8418363515625 0.0943868625 0.8418363515625 0.0688781890625 0.8596928578125 0.0331630109375 0.910714540625 0.0331630109375 0.95918405625 0.053571684375 0.966836225 0.0739803578125 0.9617340562500001 0.1173477046875 0.9285710453125 0.137754209375 0.8852036984374999 0.140306378125 0.8494906890625
1 0.5153059953125 0.7678581624999999 0.49999948906249997 0.7678581624999999 0.49999948906249997 0.7831625 0.5153059953125 0.8137755109375 0.5280603312500001 0.8137755109375 0.5459190046875 0.8035711734375001 0.5484690046875 0.78826466875 0.5153059953125 0.7678581624999999
1 0.69897971875 0.7040821421875 0.6836732140625 0.7066321421875 0.665816709375 0.727040815625 0.665816709375 0.739795153125 0.673468878125 0.7525516578125 0.716836225 0.7908168375 0.7321427296875 0.7908168375 0.744897065625 0.7831625 0.7576535718749999 0.7653059953125 0.752551403125 0.7499994890624999 0.69897971875 0.7040821421875
1 0.79846875 0.7193886484375 0.7780622453125 0.7117343109375 0.7627557390625 0.729590815625 0.7755100765625 0.7908168375 0.7882644125 0.8112255109375001 0.8137752546874999 0.8137755109375 0.846938265625 0.78826466875 0.8494904343749999 0.7678581624999999 0.834183928125 0.7474494890625001 0.79846875 0.7193886484375
1 0.9234686218749999 0.5892866078125001 0.9056121171875 0.5918366078124999 0.9132642859375 0.6096931125 0.9540816328125 0.6352039546875 0.9719381374999999 0.6377561218750001 0.9795924749999999 0.6326539546875 0.9795924749999999 0.61224528125 0.9617338015625 0.60204094375 0.9234686218749999 0.5892866078125001
1 0.8061230875 0.6352039546875 0.8112252546875001 0.61224528125 0.79846875 0.60459094375 0.7576535718749999 0.6249996171875 0.7551014031250001 0.6326539546875 0.7755100765625 0.642856121875 0.79336658125 0.642856121875 0.8061230875 0.6352039546875
1 0.7551014031250001 0.6683669640625001 0.752551403125 0.6377561218750001 0.742347065625 0.6301017859375 0.7219383921875 0.6352039546875 0.6811232140625 0.6632647953124999 0.6836732140625 0.68112346875 0.70918405625 0.69642780625 0.7372448984375 0.6913256375 0.7551014031250001 0.6683669640625001
1 0.670918878125 0.6785713015625 0.660714540625 0.6683669640625001 0.6454080359375001 0.6709191328124999 0.5994906890625 0.732142984375 0.5994906890625 0.744897321875 0.6071428578125 0.7525516578125 0.6326536984375 0.7525516578125 0.6454080359375001 0.739795153125 0.673468878125 0.6913256375 0.670918878125 0.6785713015625
1 0.321427934375 0.658162628125 0.29846926093750004 0.658162628125 0.29846926093750004 0.6709191328124999 0.318877934375 0.69387780625 0.3367344390625 0.6989799750000001 0.35459094375 0.69642780625 0.35204094375 0.68112346875 0.3367344390625 0.6658169640625 0.321427934375 0.658162628125
1 0.1913258921875 0.642856121875 0.17601938749999999 0.6377561218750001 0.1505107140625 0.655612628125 0.1479585453125 0.68112346875 0.16071505156250002 0.7117343109375 0.18112155624999998 0.737245153125 0.17857155625 0.742347321875 0.19387806093749999 0.744897321875 0.227041071875 0.7219386484375 0.2321432390625 0.7091843109375 0.21173456562499998 0.68367346875 0.1913258921875 0.642856121875
1 0.0943868625 0.5357149234375 0.079082525 0.5280605875 0.053571684375 0.5459192609375 0.035715178125000004 0.5892866078125001 0.0331630109375 0.6301017859375 0.081632525 0.7091843109375 0.0943868625 0.7117343109375 0.1122455359375 0.6785713015625 0.11989770468750001 0.642856121875 0.0943868625 0.5357149234375
1 0 0.6619897953125 0.0076521687500000005 0.6658169640625 0.0280608421875 0.645408290625 0.0280608421875 0.6275517859375 0.012754337499999999 0.6198974484375 0 0.624149696875 0 0.6619897953125
1 0.16326505156249999 0.5255105875 0.1530607140625 0.52040841875 0.140306378125 0.5255105875 0.1173477046875 0.5484692609375 0.1122455359375 0.5739801015625 0.12499987187499999 0.5918366078124999 0.1530607140625 0.61224528125 0.17857155625 0.6198974484375 0.183673725 0.599488775 0.16326505156249999 0.5255105875
1 0.34948877500000003 0.568877934375 0.3239801015625 0.5484692609375 0.30357142812500004 0.5484692609375 0.27295841875 0.5765301015625 0.26530624999999997 0.6096931125 0.27295841875 0.6301017859375 0.2959192609375 0.645408290625 0.2959192609375 0.655612628125 0.306121428125 0.642856121875 0.321427934375 0.6403061218749999 0.34693877500000003 0.6147952812499999 0.35204094375 0.599488775 0.34948877500000003 0.568877934375
1 0.48979515312500005 0.5841844390625 0.4719386484375 0.5816322703125001 0.45663214218750003 0.5892866078125001 0.4540821421875 0.6071431125 0.474490815625 0.655612628125 0.48724515312500005 0.6607147953125 0.5153059953125 0.645408290625 0.5153059953125 0.6352039546875 0.5051016578125 0.6198974484375 0.5102038265625 0.60459094375 0.48979515312500005 0.5841844390625
1 0.8290817609375001 0.4974497453125 0.8188774234375 0.4974497453125 0.8112252546875001 0.5051019125 0.8137752546874999 0.5255105875 0.836733928125 0.5433670921875 0.8494904343749999 0.5408170921875 0.8596947703125 0.5306127546875 0.8571426015625001 0.51275408125 0.8290817609375001 0.4974497453125
1 0.9642859687499999 0.5255105875 0.9464294640625001 0.51275408125 0.9234686218749999 0.51275408125 0.9132642859375 0.5280605875 0.9158164546875 0.5484692609375 0.9311229593749999 0.561223596875 0.9489794640625 0.561223596875 0.9642859687499999 0.5408170921875 0.9642859687499999 0.5255105875
1 0.9005099484375 0.45918456562500004 0.9056121171875 0.4464280609375 0.880101275 0.43112155625000004 0.8622447703124999 0.43112155625000004 0.79846875 0.4515302296875 0.7882644125 0.46173456562500004 0.7882644125 0.49234757656249994 0.79846875 0.5025519125 0.8086730875000001 0.5025519125 0.834183928125 0.48214323906249995 0.9005099484375 0.45918456562500004
1 0.714286225 0.4438780609375 0.71173405625 0.42857155625 0.6862253828125 0.42857155625 0.673468878125 0.4464280609375 0.6785710453125 0.469386734375 0.6938775515625 0.47193890312500003 0.7066318875 0.45918456562500004 0.714286225 0.4438780609375
1 0.5586733421875001 0.43112155625000004 0.5535711734375 0.42601938749999996 0.53826466875 0.42601938749999996 0.5153059953125 0.45918456562500004 0.5051016578125 0.48214323906249995 0.5076538265625 0.4974497453125 0.5306124999999999 0.4974497453125 0.5561233421875 0.464286734375 0.5586733421875001 0.43112155625000004
1 0.4974494890625 0.479591071875 0.48214298437499997 0.479591071875 0.474490815625 0.48469323906249995 0.48214298437499997 0.5331627546875 0.4974494890625 0.5433670921875 0.5102038265625 0.5331627546875 0.5051016578125 0.4897954078125 0.4974494890625 0.479591071875
1 0.5408168375 0.5433670921875 0.5331625 0.5331627546875 0.5229581624999999 0.5306127546875 0.48979515312500005 0.5459192609375 0.48979515312500005 0.561223596875 0.49999948906249997 0.5714279343750001 0.52551033125 0.5739801015625 0.5408168375 0.5586735968750001 0.5408168375 0.5433670921875
1 0.344388775 0.4897954078125 0.316325765625 0.4897954078125 0.30867359687499996 0.51785625 0.318877934375 0.5408170921875 0.3392866078125 0.563775765625 0.35969311249999997 0.563775765625 0.37499961718749997 0.5484692609375 0.37499961718749997 0.52040841875 0.344388775 0.4897954078125
1 0.2755105875 0.5484692609375 0.24489757656250002 0.5408170921875 0.2346932390625 0.5459192609375 0.2346932390625 0.563775765625 0.2423475765625 0.5765301015625 0.25255191250000003 0.5841844390625 0.27040841875 0.5790822703125 0.2780605875 0.568877934375 0.2755105875 0.5484692609375
1 0.0280608421875 0.4081628828125 0.0102043375 0.41581721875 0.0102043375 0.4387758921875 0.0229586734375 0.47193890312500003 0.040817346875 0.477041071875 0.079082525 0.5051019125 0.14285637812500002 0.51020408125 0.1581628828125 0.4999997453125 0.15561288281250002 0.47448890312499997 0.1173477046875 0.43622372499999995 0.056121684375 0.41071505156250004 0.0280608421875 0.4081628828125
1 0.058673851562500004 0.3239803578125 0.0306130109375 0.3265303578125 0.0280608421875 0.33673469375 0.051019515625 0.3571433671875 0.053571684375 0.39285637812499996 0.0688781890625 0.39540854531249997 0.08418469375 0.3698977046875 0.08418469375 0.33928469375 0.079082525 0.329082525 0.058673851562500004 0.3239803578125
1 0.20663239843749998 0.4209193875 0.20663239843749998 0.40561288281249996 0.20153022968749998 0.40051071406250005 0.1454085453125 0.40306071406250005 0.137754209375 0.41071505156250004 0.137754209375 0.4209193875 0.1530607140625 0.43112155625000004 0.17857155625 0.43622372499999995 0.20663239843749998 0.4209193875
1 0.27040841875 0.198980484375 0.26275408125 0.1913261484375 0.221938903125 0.19642831562500002 0.21428673437499998 0.22448915781249998 0.20918456562499999 0.2780608421875 0.21428673437499998 0.41836721875 0.2321432390625 0.43112155625000004 0.26020408125 0.43112155625000004 0.27040841875 0.42346938749999996 0.27040841875 0.380102040625 0.2755105875 0.3698977046875 0.27040841875 0.3647955359375 0.26785625 0.329082525 0.27295841875 0.298469515625 0.26785625 0.2704086734375 0.27040841875 0.198980484375
1 0.130102040625 0.306121684375 0.130102040625 0.298469515625 0.1173477046875 0.290817346875 0.08418469375 0.290817346875 0.058673851562500004 0.295917346875 0.045917346875 0.306121684375 0.0637760203125 0.3265303578125 0.09693903125 0.329082525 0.1147955359375 0.32142818906250004 0.130102040625 0.306121684375
1 0.29846926093750004 0.372449871875 0.2806127546875 0.3673477046875 0.27295841875 0.37755204062500003 0.27295841875 0.41836721875 0.2831627546875 0.43112155625000004 0.29846926093750004 0.43112155625000004 0.318877934375 0.4209193875 0.3265301015625 0.4081628828125 0.29846926093750004 0.372449871875
1 0.36224528125 0.3571433671875 0.35204094375 0.33928469375 0.318877934375 0.33928469375 0.301021428125 0.3571433671875 0.29846926093750004 0.374999871875 0.318877934375 0.39795854531249997 0.344388775 0.40051071406250005 0.3571431125 0.390306378125 0.36224528125 0.3571433671875
1 0.34948877500000003 0.43112155625000004 0.34948877500000003 0.41836721875 0.344388775 0.41326505156250004 0.3265301015625 0.41326505156250004 0.29846926093750004 0.43112155625000004 0.2908170921875 0.4438780609375 0.2908170921875 0.45918456562500004 0.306121428125 0.466836734375 0.3418366078125 0.4438780609375 0.34948877500000003 0.43112155625000004
1 0.4285713015625 0.4387758921875 0.43112346874999996 0.40051071406250005 0.390306121875 0.39795854531249997 0.3801017859375 0.40306071406250005 0.3801017859375 0.43112155625000004 0.38775612187499997 0.4464280609375 0.4209191328125 0.4464280609375 0.4285713015625 0.4387758921875
1 0.4183669640625 0.3418368625 0.38775612187499997 0.329082525 0.3801017859375 0.33673469375 0.3801017859375 0.3596933671875 0.392856121875 0.372449871875 0.405612628125 0.372449871875 0.4183669640625 0.3545911984375 0.4183669640625 0.3418368625
1 0.49999948906249997 0.40561288281249996 0.48724515312500005 0.39285637812499996 0.46938864843749994 0.39795854531249997 0.46428647968750003 0.41326505156250004 0.46428647968750003 0.4566323984375 0.47959081562500006 0.479591071875 0.4974494890625 0.477041071875 0.5051016578125 0.4566323984375 0.49999948906249997 0.40561288281249996
1 0.581632015625 0.372449871875 0.573979846875 0.3647955359375 0.5280603312500001 0.38265204062499997 0.52551033125 0.41071505156250004 0.5331625 0.4209193875 0.5484690046875 0.4209193875 0.568877678125 0.41071505156250004 0.581632015625 0.390306378125 0.581632015625 0.372449871875
1 0.6938775515625 0.3647955359375 0.658162371875 0.3673477046875 0.6505102046875 0.374999871875 0.6505102046875 0.39795854531249997 0.660714540625 0.41326505156250004 0.6785710453125 0.42346938749999996 0.7040818875 0.42857155625 0.7219383921875 0.41581721875 0.7244905609375001 0.38265204062499997 0.714286225 0.3698977046875 0.6938775515625 0.3647955359375
1 0.9489794640625 0.295917346875 0.9515316328125 0.2780608421875 0.936225128125 0.2729586734375 0.9158164546875 0.2780608421875 0.89540778125 0.293367346875 0.89540778125 0.303571684375 0.9132642859375 0.3188781890625 0.9311229593749999 0.3188781890625 0.9489794640625 0.295917346875
1 1 0.149416525 0.9795924749999999 0.1581631375 0.9617338015625 0.17857181093750002 0.9617338015625 0.198980484375 0.9795924749999999 0.211734821875 1 0.20663266875000003 1 0.149416525
1 0.6045928578125 0.25510216875 0.5612255109375 0.2346934953125 0.5484690046875 0.24745 0.5510211734375 0.2678565046875 0.571427678125 0.298469515625 0.5892863515625 0.301019515625 0.5994906890625 0.295917346875 0.6096928578125 0.2704086734375 0.6045928578125 0.25510216875
1 0.46683647968750003 0.2397956625 0.45918431093749995 0.22959132656249998 0.4183669640625 0.23214349531249998 0.4158169640625 0.2627543375 0.4260213015625 0.2755108421875 0.46428647968750003 0.2704086734375 0.46683647968750003 0.2397956625
1 0.43112346874999996 0.201530484375 0.4285713015625 0.1734696421875 0.4158169640625 0.170917475 0.38265395468749996 0.1913261484375 0.35459094375 0.198980484375 0.35204094375 0.209182653125 0.35969311249999997 0.22448915781249998 0.38775612187499997 0.2397956625 0.40816262812500004 0.23724566249999998 0.4209191328125 0.22448915781249998 0.43112346874999996 0.201530484375
1 0.26530624999999997 0.1581631375 0.24744974531250002 0.1352044640625 0.2372454078125 0.1352044640625 0.219386734375 0.16071530625 0.219386734375 0.1760196421875 0.227041071875 0.1913261484375 0.25510191249999997 0.18877614843749999 0.26530624999999997 0.17857181093750002 0.26530624999999997 0.1581631375
1 0.21173456562499998 0.22448915781249998 0.1989802296875 0.211734821875 0.16581721875 0.21938698906249998 0.1479585453125 0.24489783125 0.1505107140625 0.2755108421875 0.1709193875 0.28826517812499997 0.19387806093749999 0.28316301093749996 0.21173456562499998 0.2602043375 0.21173456562499998 0.22448915781249998
1 0.08673469375000001 0.22448915781249998 0.08418469375 0.201530484375 0.0739803578125 0.201530484375 0.053571684375 0.2219391578125 0.012754337499999999 0.28571517812499997 0.012754337499999999 0.306121684375 0.0306130109375 0.3086738515625 0.051019515625 0.298469515625 0.079082525 0.25255 0.08673469375000001 0.22448915781249998
1 0.9158164546875 0.1377544640625 0.936225128125 0.122447959375 0.9209186218750001 0.10969362187500001 0.8775512750000001 0.117347959375 0.8698969390625001 0.125000128125 0.880101275 0.1352044640625 0.9158164546875 0.1377544640625
1 0.8647969390625001 0.1045914546875 0.8596947703125 0.066326275 0.839286096875 0.066326275 0.8086730875000001 0.09438711718750001 0.80357091875 0.119897959375 0.8188774234375 0.1428566328125 0.844388265625 0.1403066328125 0.8571426015625001 0.127550128125 0.8647969390625001 0.1045914546875
1 0.8736560796875 0 0.8494904343749999 0.0459176015625 0.852040434375 0.0612241078125 0.8698969390625001 0.0612241078125 0.9132642859375 0.033163265625 0.928570790625 0.0102045921875 0.928570790625 0 0.8736560796875 0
1 0.5663255109375 0.1428566328125 0.5510211734375 0.1428566328125 0.5459190046875 0.15051096875 0.5484690046875 0.17857181093750002 0.568877678125 0.201530484375 0.576529846875 0.201530484375 0.586734184375 0.17857181093750002 0.5892863515625 0.1556131375 0.5663255109375 0.1428566328125
1 0.48979515312500005 0.112245790625 0.47959081562500006 0.1020414546875 0.46173431093749995 0.112245790625 0.46173431093749995 0.1301022953125 0.477040815625 0.1377544640625 0.49234732187499997 0.127550128125 0.48979515312500005 0.112245790625
1 0.48469298437499997 0.035713265625000004 0.4540821421875 0.035713265625000004 0.43877563750000004 0.0612241078125 0.4413256375 0.0739806125 0.46428647968750003 0.08418278125 0.48979515312500005 0.107143621875 0.5025516578125 0.107143621875 0.5153059953125 0.0892849484375 0.5127559953125 0.0535719390625 0.48469298437499997 0.035713265625000004
1 0.40398848750000005 0 0.40816262812500004 0.0153067609375 0.4285713015625 0.038265434375000004 0.45918431093749995 0.033163265625 0.46938864843749994 0.0127545921875 0.467069540625 0 0.40398848750000005 0
1 0.3316328234375 0 0.3775517859375 0.06887844374999999 0.4260213015625 0.16581530625000002 0.44897997500000003 0.193878315625 0.46428647968750003 0.193878315625 0.4719386484375 0.1734696421875 0.46428647968750003 0.15051096875 0.44642780625 0.1301022953125 0.44897997500000003 0.122447959375 0.390306121875 0.040815434375 0.371599109375 0 0.3316328234375 0
1 0.7342091843749999 0.0268121171875 0.7201278062500001 0.0268121171875 0.7126794640624999 0.032627678125 0.7184690046875 0.054157398437500004 0.725102040625 0.07403048437500001 0.735867984375 0.087704209375 0.748724234375 0.10801096875 0.7611489796875001 0.09267844374999999 0.760305484375 0.08109719374999999 0.7342091843749999 0.0268121171875
1 0.807068371875 0 0.7992602046874999 0.0156385203125 0.7967600765625 0.034286479687499996 0.8046420921875 0.038827040624999996 0.8232661984374999 0.022679209375000002 0.838653290625 0 0.807068371875 0
1 0.49999948906249997 0.2602043375 0.48214298437499997 0.2653065046875 0.46683647968750003 0.28826517812499997 0.46173431093749995 0.33418469375000004 0.474490815625 0.3673477046875 0.49234732187499997 0.374999871875 0.5331625 0.374999871875 0.5586733421875001 0.3673477046875 0.571427678125 0.3520411984375 0.568877678125 0.33163252499999996 0.5586733421875001 0.303571684375 0.5408168375 0.2780608421875 0.5204081625 0.2627543375 0.49999948906249997 0.2602043375
4 1 0.72692628125 0.942526403125 0.70655625 0.8142403640625 1 0.9810436984375001 1 1 0.9548203671875 1 0.72692628125
4 0 0.8677599640625001 0.0857133921875 0.7721168375 0 0.7342071781249999 0 0.8677599640625001
4 0.7116651859374999 0 0.703927934375 0.009642984375 0.7657394125 0.1291829078125 0.8648857140624999 0 0.7116651859374999 0
4 0.1640044640625 0.0550008921875 0.056863265625000006 0.0673475765625 0.0032915812500000003 0.11887665781250001 0.005332015625 0.306403571875 0.1640044640625 0.0550008921875
1 0.16326505156249999 0.742347321875 0.1479585453125 0.7219386484375 0.1147955359375 0.729590815625 0.09693903125 0.7474494890625001 0.0943868625 0.7780603312500001 0.1020411984375 0.8061233421875 0.1122455359375 0.8163255109374999 0.132652040625 0.818877678125 0.1454085453125 0.8137755109375 0.16326505156249999 0.7933668375 0.16326505156249999 0.742347321875
1 0.2908170921875 0.7806124999999999 0.2857149234375 0.7627559953125 0.26020408125 0.7653059953125 0.23979540781250003 0.7857146687500001 0.25255191250000003 0.8137755109375 0.27040841875 0.818877678125 0.2780605875 0.8137755109375 0.2908170921875 0.7806124999999999
1 0.6403058671874999 0.7576538265625 0.614795025 0.7627559953125 0.614795025 0.7780603312500001 0.6326536984375 0.78826466875 0.655612371875 0.8163255109374999 0.673468878125 0.8137755109375 0.6913275515625 0.829082015625 0.70152971875 0.826529846875 0.6913275515625 0.7780603312500001 0.6785710453125 0.7653059953125 0.6403058671874999 0.7576538265625
1 0 0.61224528125 0.0280608421875 0.61224528125 0.0331630109375 0.6071431125 0.035715178125000004 0.5892866078125001 0.051019515625 0.561223596875 0.051019515625 0.5280605875 0.043367346875000004 0.51785625 0 0.5384001078125 0 0.61224528125
1 0.6862253828125 0.5357149234375 0.658162371875 0.4948975765625 0.6377558671875 0.4897954078125 0.62755153125 0.4948975765625 0.6045928578125 0.52295841875 0.6020406890625 0.561223596875 0.6071428578125 0.566325765625 0.6505102046875 0.5739801015625 0.6760210453125 0.561223596875 0.6862253828125 0.5357149234375
1 0.2755105875 0.5025519125 0.2780605875 0.4897954078125 0.25255191250000003 0.479591071875 0.20153022968749998 0.47448890312499997 0.18112155624999998 0.5051019125 0.17857155625 0.5459192609375 0.19387806093749999 0.551021428125 0.2372454078125 0.5331627546875 0.2755105875 0.5025519125
1 0.658162371875 0.2755108421875 0.6224493625 0.2678565046875 0.5969385203125 0.3086738515625 0.5969385203125 0.3265303578125 0.61989719375 0.3622455359375 0.6479602046874999 0.3673477046875 0.673468878125 0.3520411984375 0.6913275515625 0.33163252499999996 0.69897971875 0.306121684375 0.658162371875 0.2755108421875
1 0.1505107140625 0.24234783124999998 0.1505107140625 0.22448915781249998 0.140306378125 0.21428482187500003 0.0918368625 0.21428482187500003 0.08418469375 0.2219391578125 0.08418469375 0.24745 0.10714336718749999 0.2653065046875 0.135204209375 0.2627543375 0.1505107140625 0.24234783124999998
1 0.106542834375 0 0.10714336718749999 0.020408928125 0.1147955359375 0.028061096875000004 0.16326505156249999 0.035713265625000004 0.20153022968749998 0.020408928125 0.2146496359375 0 0.106542834375 0
5 0.3341844390625 0.7091843109375 0.3290822703125 0.69387780625 0.318877934375 0.69387780625 0.318877934375 0.7117343109375 0.3341844390625 0.7091843109375
5 0.52551033125 0.5739801015625 0.5076538265625 0.5739801015625 0.5102038265625 0.5867344390625 0.52551033125 0.5867344390625 0.52551033125 0.5739801015625
5 0.7321427296875 0.7091843109375 0.7295927296875 0.69642780625 0.714286225 0.69642780625 0.71173405625 0.7066321421875 0.716836225 0.7142864796875 0.7321427296875 0.7091843109375
5 0.5306124999999999 0.829082015625 0.5331625 0.8137755109375 0.5153059953125 0.8137755109375 0.5153059953125 0.826529846875 0.5306124999999999 0.829082015625
5 0.8137752546874999 0.8163255109374999 0.8086730875000001 0.8112255109375001 0.79336658125 0.8112255109375001 0.79591875 0.829082015625 0.80357091875 0.8316320156250001 0.8112252546875001 0.826529846875 0.8137752546874999 0.8163255109374999
5 0.655612371875 0.5892866078125001 0.6530602046875 0.5714279343750001 0.6377558671875 0.5765301015625 0.6403058671874999 0.5892866078125001 0.655612371875 0.5892866078125001
5 0.9311229593749999 0.329082525 0.928570790625 0.3188781890625 0.9107142859374999 0.32142818906250004 0.9132642859375 0.33673469375 0.9260207906250001 0.33673469375 0.9311229593749999 0.329082525
5 0.9489794640625 0.563775765625 0.9336729593750001 0.5586735968750001 0.9311229593749999 0.5739801015625 0.9464294640625001 0.5790822703125 0.9489794640625 0.563775765625
5 0.26275408125 0.60204094375 0.26020408125 0.5867344390625 0.24744974531250002 0.5892866078125001 0.24999974531250002 0.60459094375 0.26275408125 0.60204094375
5 0.668366709375 0.826529846875 0.663264540625 0.8112255109375001 0.6479602046874999 0.8163255109374999 0.6505102046875 0.829082015625 0.660714540625 0.8316320156250001 0.668366709375 0.826529846875
1 0.0662761484375 0.1856883921875 0.024667346875000003 0.1196941328125 0.017474871875 0.1696164546875 0.0662761484375 0.1856883921875
2 0.8061230875 0.1301022953125 0.7806122453125 0.125000128125 0.744897065625 0.14795880156250002 0.7295927296875 0.1734696421875 0.747449234375 0.298469515625 0.7397948984375 0.380102040625 0.7551014031250001 0.41071505156250004 0.7882644125 0.43622372499999995 0.8214295921874999 0.4387758921875 0.8418360968749999 0.42601938749999996 0.8724491078125001 0.42857155625 0.8979599484375 0.41071505156250004 0.9107142859374999 0.380102040625 0.9030621171875 0.33928469375 0.8903056125000001 0.3188781890625 0.880101275 0.2346934953125 0.8571426015625001 0.19642831562500002 0.8163274234375001 0.15306096875 0.8061230875 0.1301022953125
1 0.17857155625 0.3265303578125 0.16836721875 0.3188781890625 0.132652040625 0.3188781890625 0.10714336718749999 0.33928469375 0.10714336718749999 0.3673477046875 0.132652040625 0.39540854531249997 0.15561288281250002 0.39795854531249997 0.16581721875 0.387754209375 0.16836721875 0.3647955359375 0.17857155625 0.34693903125 0.17857155625 0.3265303578125
1 0.26020408125 0.4489802296875 0.25510191249999997 0.4387758921875 0.2346932390625 0.4413258921875 0.2321432390625 0.4540823984375 0.2372454078125 0.464286734375 0.25765408125 0.46173456562500004 0.26020408125 0.4489802296875
1 0.5484690046875 0.1403066328125 0.5484690046875 0.112245790625 0.5331625 0.0969392859375 0.5102038265625 0.0969392859375 0.5025516578125 0.1020414546875 0.48214298437499997 0.15306096875 0.48724515312500005 0.1734696421875 0.5127559953125 0.1760196421875 0.5433668375 0.15051096875 0.5484690046875 0.1403066328125
1 0.2372454078125 0.6224496171875 0.23979540781250003 0.60204094375 0.2346932390625 0.596938775 0.21173456562499998 0.596938775 0.20663239843749998 0.6198974484375 0.2372454078125 0.6224496171875
1 0.1989802296875 0.8035711734375001 0.1989802296875 0.7857146687500001 0.18112155624999998 0.7831625 0.17346938750000002 0.78826466875 0.17601938749999999 0.8086733421875 0.19387806093749999 0.8086733421875 0.1989802296875 0.8035711734375001
1 0.586734184375 0.551021428125 0.586734184375 0.5382649234375 0.5612255109375 0.5357149234375 0.5586733421875001 0.556121428125 0.5637755109375 0.561223596875 0.579082015625 0.561223596875 0.586734184375 0.551021428125
1 0.79591875 0.95918405625 0.79081658125 0.9464275515624999 0.7704079078125 0.9438775515625 0.7627557390625 0.9489797187500001 0.7678579078125 0.9719383921875 0.7831622453125 0.9744905609375 0.79336658125 0.9693883921875001 0.79591875 0.95918405625
1 0.4540821421875 0.33418469375000004 0.44642780625 0.3265303578125 0.4260213015625 0.33418469375000004 0.43112346874999996 0.3520411984375 0.4413256375 0.3545911984375 0.451529975 0.34948903124999997 0.4540821421875 0.33418469375000004
1 0.928570790625 0.818877678125 0.9234686218749999 0.8137755109375 0.9132642859375 0.8137755109375 0.9030621171875 0.8239798468749999 0.9056121171875 0.8418363515625 0.9260207906250001 0.834184184375 0.928570790625 0.818877678125
1 0.6964275515625 0.6377561218750001 0.6964275515625 0.6173474484375 0.665816709375 0.6173474484375 0.665816709375 0.6377561218750001 0.6964275515625 0.6377561218750001
1 0.5357146687500001 0.8724493624999999 0.5331625 0.8494906890625 0.5076538265625 0.8545928578125 0.5076538265625 0.86989719375 0.5127559953125 0.8749993625 0.5357146687500001 0.8724493624999999
1 0.9107142859374999 0.48214323906249995 0.9056121171875 0.477041071875 0.88520344375 0.477041071875 0.880101275 0.48214323906249995 0.8775512750000001 0.4948975765625 0.88520344375 0.50765408125 0.9107142859374999 0.5025519125 0.9107142859374999 0.48214323906249995
1 0.35204094375 0.48724540781250003 0.35204094375 0.464286734375 0.3316322703125 0.46173456562500004 0.3265301015625 0.466836734375 0.3265301015625 0.48469323906249995 0.3367344390625 0.4897954078125 0.35204094375 0.48724540781250003
1 0.035715178125000004 0.69387780625 0.0178565046875 0.69387780625 0.0178565046875 0.7168364796875 0.043367346875000004 0.7168364796875 0.043367346875000004 0.7015299749999999 0.035715178125000004 0.69387780625
1 0.6352036984375 0.39285637812499996 0.6377558671875 0.3698977046875 0.612245025 0.3698977046875 0.612245025 0.390306378125 0.6173471937499999 0.39540854531249997 0.6352036984375 0.39285637812499996
1 0.313775765625 0.3443868625 0.311223596875 0.33163252499999996 0.2959192609375 0.329082525 0.27295841875 0.34948903124999997 0.27295841875 0.3622455359375 0.2780605875 0.3673477046875 0.2933670921875 0.3673477046875 0.313775765625 0.3443868625
1 0.397958290625 0.48214323906249995 0.397958290625 0.464286734375 0.3673474484375 0.46173456562500004 0.3571431125 0.466836734375 0.3571431125 0.48469323906249995 0.392856121875 0.48724540781250003 0.397958290625 0.48214323906249995
1 0.9489794640625 0.477041071875 0.9566316328125 0.46173456562500004 0.9489794640625 0.4515302296875 0.9081642859375 0.4540823984375 0.9081642859375 0.47193890312500003 0.9158164546875 0.477041071875 0.9489794640625 0.477041071875
1 0.44897997500000003 0.642856121875 0.4285713015625 0.642856121875 0.4260213015625 0.6760213015625001 0.43367346875 0.68367346875 0.45663214218750003 0.69387780625 0.48214298437499997 0.69642780625 0.48469298437499997 0.6785713015625 0.474490815625 0.655612628125 0.44897997500000003 0.642856121875
1 0.216836734375 0.4566323984375 0.21428673437499998 0.43112155625000004 0.1989802296875 0.42601938749999996 0.17346938750000002 0.4464280609375 0.16836721875 0.464286734375 0.1887758921875 0.469386734375 0.21173456562499998 0.464286734375 0.216836734375 0.4566323984375
1 0.21173456562499998 0.40051071406250005 0.216836734375 0.37755204062500003 0.21173456562499998 0.372449871875 0.183673725 0.372449871875 0.17601938749999999 0.380102040625 0.17601938749999999 0.39540854531249997 0.1989802296875 0.40306071406250005 0.21173456562499998 0.40051071406250005
1 0.7346948984375 0.3673477046875 0.7372448984375 0.34948903124999997 0.7040818875 0.3443868625 0.6938775515625 0.34948903124999997 0.6913275515625 0.3596933671875 0.7056127546875001 0.3658168375 0.7244905609375001 0.372449871875 0.7346948984375 0.3673477046875
1 0.8188774234375 0.68622346875 0.8188774234375 0.6734691328125 0.8137752546874999 0.6683669640625001 0.7729600765625 0.6709191328124999 0.7704079078125 0.68112346875 0.7780622453125 0.69387780625 0.8086730875000001 0.69387780625 0.8188774234375 0.68622346875