1 1 0.6424885484375 0.9849540734375 0.6142389406250001 0.9733807406249999 0.6043035765625 0.9594896296875 0.6043035765625 0.9467585187499999 0.6125834171875 0.93865851875 0.6357607421875 0.93865851875 0.6490071515625 0.9444451859375 0.6804643171875 0.957176296875 0.69701955 0.9733807406249999 0.7036416421875 0.9884251859375001 0.7152325296875001 1 0.728303065625 1 0.6424885484375
1 0.2754629625 0.40562966874999995 0.2754629625 0.4155628078125 0.2835651859375 0.4221849 0.293980740625 0.4420534046875 0.31365629687499996 0.45198654375 0.320600740625 0.4619196828125 0.329860740625 0.4619196828125 0.3368051859375 0.453642065625 0.3449074078125 0.43212026562499994 0.3460651859375 0.41225176093749993 0.3437496296875 0.3890722125 0.3368051859375 0.37748355 0.30439851875 0.3807945953125 0.2905096296875 0.385761165625 0.2800918515625 0.39403878125 0.2754629625 0.40562966874999995
1 0.3240740734375 0.06291411875 0.3344918515625 0.07450278125000001 0.3425918515625 0.0794693515625 0.358796296875 0.0811248734375 0.36805629687499997 0.077813828125 0.37615851875 0.0695362125 0.3796296296875 0.0480121859375 0.3726851859375 0.0331124765625 0.3379629625 0.00662188125 0.3182874078125 0.004966357812500001 0.31134296250000004 0.01158845 0.3101851859375 0.0331124765625 0.312500740625 0.0413900921875 0.3240740734375 0.06291411875
1 0.7071762968749999 0.2698678671875 0.6805562968750001 0.25662145625 0.606480740625 0.18874278125 0.5949074078125001 0.1937093515625 0.5509251859375001 0.2417217484375 0.5497674078125 0.263245775 0.5590274078124999 0.29138966875 0.562500740625 0.294702940625 0.572916296875 0.322846834375 0.5868051859375 0.346026384375 0.6099540734375 0.3758280265625 0.635416296875 0.40066309999999994 0.6458340734375 0.40562966874999995 0.6759251859375001 0.40562966874999995 0.6898140734375 0.40066309999999994 0.6990740734374999 0.390727734375 0.7083340734375 0.354304 0.724536296875 0.3129136953125 0.7256940734375 0.288078621875 0.7222229625 0.2814565296875 0.7071762968749999 0.2698678671875
1 0.48842518593750006 0.586092821875 0.5069451859375 0.586092821875 0.517360740625 0.5778152046875 0.517360740625 0.5645687953125 0.5138896296875 0.55463565625 0.49768518593750005 0.5364249 0.47453629687500004 0.5264895359375 0.4583340734375 0.528145059375 0.4537029625 0.5364249 0.4537029625 0.5463580390625 0.4583340734375 0.559602225 0.47453629687500004 0.579470728125 0.48842518593750006 0.586092821875
1 0.6030096296874999 0.5132453515625001 0.5972229625 0.55463565625 0.5983785187499999 0.58774834375 0.6053251859375 0.619205509375 0.6215274078124999 0.6490071515625 0.6481474078125 0.6721844765625 0.6759251859375001 0.682119840625 0.7094918515625 0.6788087953125 0.723380740625 0.670528953125 0.731480740625 0.6605958140625 0.7372674078125 0.642385059375 0.7349540734375 0.6092723703125 0.7303251859375 0.5943704375000001 0.71527851875 0.5728486359375 0.6550918515624999 0.528145059375 0.61689851875 0.5099343046875 0.6030096296874999 0.5132453515625001
1 0.921296296875 0.504967734375 0.912036296875 0.523178490625 0.91087851875 0.5447025171875 0.9178251859375001 0.5678798406250001 0.9270829624999999 0.5811262515625 0.9432874078125 0.5894038671875 0.9629629625 0.58774834375 0.9733807406249999 0.579470728125 0.9861118515625 0.5579467015625 0.9895829624999999 0.5463580390625 0.9895829624999999 0.5298005828125001 0.9849540734375 0.5182119203125 0.9756940734375 0.511589828125 0.9502318515624999 0.50827878125 0.9375007406250001 0.499998940625 0.928240740625 0.499998940625 0.921296296875 0.504967734375
1 0.8437496296875 0.7102659609375 0.8333340734375 0.728476715625 0.8113429625 0.7533117875 0.805556296875 0.7665559734375 0.805556296875 0.7831134296875 0.81365851875 0.7930465703125 0.8344918515625 0.7963576156250001 0.8692140734375 0.7814579078125 0.8796296296874999 0.7500007421875 0.8784718515625001 0.7350988078125 0.8726851859375 0.721854621875 0.8599540734375 0.7086082125 0.849536296875 0.7069526890625 0.8437496296875 0.7102659609375
1 0.37615851875 0.83940344375 0.38425851875 0.847681059375 0.4178229625 0.8493388078124999 0.4606474078125 0.8410589671875 0.47222296249999995 0.8344368734375 0.48263851874999997 0.836092396875 0.5416674078125 0.8013241859375 0.5613429625 0.7781446359374999 0.5590274078124999 0.768211496875 0.54513851875 0.7582783578125001 0.5231474078125 0.7235101453125 0.5034718515625001 0.7119214828125 0.4618051859375 0.70198611875 0.4421296296875 0.7036416421875 0.428240740625 0.71357700625 0.41319407343750003 0.7086082125 0.4074074078125 0.71357700625 0.4074074078125 0.7185435765625 0.4236118515625 0.7417209 0.4247674078125 0.7533117875 0.4085651859375 0.78808 0.403936296875 0.807946278125 0.392360740625 0.8261592578125001 0.3796296296875 0.831125828125 0.37615851875 0.83940344375
1 0.5833340734375 0.7698670203125 0.5949074078125001 0.7632449265625 0.6006940734375 0.7549673109375 0.599536296875 0.7417209 0.5682874078125 0.7201991 0.5347229625 0.7152325296875001 0.52777851875 0.721854621875 0.52777851875 0.7301322390625 0.5347229625 0.7466896953125 0.546296296875 0.7615894046875 0.5578696296875 0.7698670203125 0.5833340734375 0.7698670203125
1 0.608796296875 0.8675495625 0.5960651859375 0.8675495625 0.5937496296875 0.8725161328125 0.5960651859375 0.8874180656249999 0.6134251859375001 0.9039732984375 0.6365740734374999 0.9056288218749999 0.6504629625 0.8956956828125 0.6504629625 0.8841070203125 0.6446762968749999 0.875827178125 0.608796296875 0.8675495625
1 0.723380740625 0.8245037343750001 0.7187496296875 0.8129128484375 0.704860740625 0.8062907546875 0.6666674078125 0.802979709375 0.660880740625 0.8096018015625001 0.660880740625 0.8178816421875 0.6655096296874999 0.8245037343750001 0.6898140734375 0.836092396875 0.7141207406250001 0.836092396875 0.7199074078125001 0.8327813515625 0.723380740625 0.8245037343750001
1 0.643858975 1 0.61689851875 0.9801318140624999 0.59027851875 0.9552989671875001 0.58101851875 0.9536434437500001 0.5740740734374999 0.956954490625 0.5567140734375 0.9801318140624999 0.553240740625 0.9917227015625001 0.5538196078125 1 0.643858975 1
1 0.9050918515624999 0.9552989671875001 0.9004629625 0.9437080796874999 0.8750007406250001 0.9271528484375 0.8518518515625001 0.9238418015625 0.8449074078125 0.93046389375 0.8460651859375 0.9437080796874999 0.8518518515625001 0.9552989671875001 0.8773140734375 0.973509721875 0.8923607406249999 0.973509721875 0.9004629625 0.9668876296875 0.9050918515624999 0.9552989671875001
4 0.278683103125 1 0.2754629625 0.973509721875 0.2708340734375 0.9619210593749999 0.2627318515625 0.9602655359375 0.2187496296875 0.970198675 0.20023185156249998 0.978476290625 0.1990740734375 0.9867539078125 0.20105766093750002 1 0.278683103125 1
4 1 0.5134997968749999 0.99189851875 0.5099343046875 0.9733807406249999 0.4950323703125 0.9687496296875 0.48675475468749996 0.9618051859375001 0.48675475468749996 0.945600740625 0.4784771390625 0.89351851875 0.4420534046875 0.8773140734375 0.44370892656249994 0.8773140734375 0.45198654375 0.868056296875 0.4635752046875 0.8553229625000001 0.5016566890624999 0.8333340734375 0.551324609375 0.8252318515624999 0.579470728125 0.77777851875 0.6920529796875 0.7719896296875 0.716888053125 0.7488429625 0.7698670203125 0.7453696296875 0.7831134296875 0.7465274078124999 0.7930465703125 0.7361118515625 0.807946278125 0.7349540734375 0.8228482125 0.7222229625 0.8377479203125 0.7199074078125001 0.8526498546875001 0.71527851875 0.8609274703124999 0.7164340734375 0.8692050859375 0.7071762968749999 0.8841070203125 0.7037029625 0.9039732984375 0.7129629625 0.9155619609375 0.723380740625 0.9155619609375 0.7291674078125 0.9105953906250001 0.751156296875 0.9056288218749999 0.7905096296874999 0.8824492718749999 0.80439851875 0.8807937484374999 0.8113429625 0.87417165625 0.8391207406250001 0.8642385171875 0.8460651859375 0.8493388078124999 0.8703696296875 0.8509943312500001 0.9004629625 0.8377479203125 0.9097229625000001 0.8377479203125 0.9131940734375 0.847681059375 0.9155096296874999 0.847681059375 0.92013851875 0.83940344375 0.9363429625 0.831125828125 0.9513896296875 0.8145705953125001 0.99189851875 0.811257325 1 0.8060423312499999 1 0.5134997968749999
4 0.29513851875 0.42549594687500003 0.287036296875 0.420529378125 0.2812496296875 0.408940715625 0.2708340734375 0.42384042343750006 0.2731474078125 0.4586086359375 0.2847229625 0.4983434171875 0.28819407343750003 0.5033122125 0.2986118515625 0.5033122125 0.320600740625 0.48509923125 0.3449074078125 0.471855046875 0.3645829625 0.453642065625 0.42129629687500003 0.41721833124999996 0.4317140734375 0.40562966874999995 0.4317140734375 0.397352053125 0.3819451859375 0.369205934375 0.35069407343750003 0.37251697968749997 0.3425918515625 0.37913907343750003 0.30902740781250004 0.38245011875 0.2974540734375 0.38741668906250004 0.293980740625 0.3923832578125 0.296296296875 0.3956943046875 0.312500740625 0.3956943046875 0.3171296296875 0.4039741453125 0.3171296296875 0.4105962390625 0.30439851875 0.4155628078125 0.3020829625 0.4105962390625 0.29513851875 0.4105962390625 0.29513851875 0.41721833124999996 0.2997696296875 0.420529378125 0.29513851875 0.42549594687500003
1 0.9074074078125 0.745034171875 0.9074074078125 0.7632449265625 0.9131940734375 0.7748335890625 0.9351851859375 0.7847689531250001 0.945600740625 0.7814579078125 0.945600740625 0.7615894046875 0.9328696296875 0.7433764234375 0.9143518515625001 0.7384098546875 0.9074074078125 0.745034171875
1 0.31134296250000004 0.8443700125 0.320600740625 0.8543053781250001 0.32870296250000003 0.8576164234375 0.33101851875 0.8526498546875001 0.34837851875000003 0.8410589671875 0.3599540734375 0.8245037343750001 0.3611118515625 0.8129128484375 0.3541674078125 0.7996686625 0.3379629625 0.7831134296875 0.3263896296875 0.7764891125 0.3148140734375 0.7748335890625 0.3020829625 0.7913910468750001 0.3009251859375 0.811257325 0.31134296250000004 0.8443700125
1 0.30439851875 0.899006728125 0.293980740625 0.8890735890625001 0.2812496296875 0.8907291125000001 0.2754629625 0.9006622515625 0.2754629625 0.9205307546875 0.2800918515625 0.9271528484375 0.296296296875 0.9238418015625 0.30555629687499997 0.9105953906250001 0.30439851875 0.899006728125
1 0.45949040781250006 1 0.45601851875 0.9900671781250001 0.44675851875 0.978476290625 0.42939851874999996 0.970198675 0.41203629687500004 0.970198675 0.403936296875 0.978476290625 0.40162074062500003 0.9850983843750001 0.4027176453125 1 0.45949040781250006 1
1 0.48379629687500003 0.8377479203125 0.473380740625 0.8344368734375 0.4618051859375 0.8443700125 0.457176296875 0.8576164234375 0.457176296875 0.8692050859375 0.45948962968749996 0.8725161328125 0.4710651859375 0.8725161328125 0.49189851874999996 0.8675495625 0.4965274078125 0.86258299375 0.4965274078125 0.8526498546875001 0.48379629687500003 0.8377479203125
1 0.5833340734375 0.902317775 0.5763896296875 0.899006728125 0.5706029625 0.9006622515625 0.5740740734374999 0.91887523125 0.59027851875 0.938741509375 0.606480740625 0.9370859875 0.6145829625 0.9288083703125001 0.6134251859375001 0.922186278125 0.6018518515625 0.91887523125 0.5833340734375 0.902317775
1 0.8468371859375001 1 0.8483807406249999 0.996689271875 0.8460651859375 0.9850983843750001 0.8379629625 0.978476290625 0.8263896296875 0.978476290625 0.8171296296874999 0.9884116562499999 0.8182873765625001 1 0.8468371859375001 1
1 1 0.836092071875 0.9849540734375 0.8294703046875 0.9733807406249999 0.8145705953125001 0.9652785187499999 0.8145705953125001 0.9317140734375 0.8278147812500001 0.9247674078125 0.836092396875 0.9270829624999999 0.8427144906249999 0.9375007406250001 0.8493388078124999 0.9722229625000001 0.8609274703124999 0.99189851875 0.8576164234375 1 0.8493395640625 1 0.836092071875
1 0.8842585187499999 0.559602225 0.86689851875 0.559602225 0.8530096296874999 0.574504159375 0.8541674078125 0.5844372984375 0.8703696296875 0.6009925296875 0.8819451859375 0.605961325 0.8923607406249999 0.605961325 0.8958340734375 0.6009925296875 0.8958340734375 0.574504159375 0.8842585187499999 0.559602225
1 0.7256940734375 0.1837739875 0.7361118515625 0.17880741718749998 0.7442140734375 0.168874278125 0.7476851859375 0.15894113906250001 0.7453696296875 0.140728159375 0.7372674078125 0.134106065625 0.6817118515625 0.12086188125 0.67013851875 0.12582845 0.6666674078125 0.134106065625 0.6678229625000001 0.145694728125 0.6828696296875 0.1705298015625 0.704860740625 0.185429509375 0.7256940734375 0.1837739875