5 0.4634755359375 0.5303021890624999 0.4521411921875 0.5303021890624999 0.44710370624999995 0.5437705390625001 0.448363078125 0.5538728953125001 0.462216165625 0.5639730640625 0.47355269218749996 0.5622900671875 0.47984954843749994 0.5471387203125 0.478590178125 0.5404045453124999 0.4634755359375 0.5303021890624999
3 0.7531484515625 0.0993259265625 0.74685159375 0.11111127968750001 0.7518890796875 0.1195284515625 0.8022661234375 0.15151414218749998 0.812343278125 0.15151414218749998 0.812343278125 0.1262626265625 0.787153665625 0.1010111109375 0.7720412062500001 0.0942769359375 0.7607046796875 0.0942769359375 0.7531484515625 0.0993259265625
5 0.8564234640624999 0.1397309765625 0.8513859781249999 0.1481481484375 0.8501266078124999 0.15824831718750001 0.853904721875 0.16329949531250001 0.8702765515625 0.1717166671875 0.876573409375 0.1717166671875 0.8816130781249999 0.1649824921875 0.88287245 0.1498311453125 0.8690171796874999 0.1397309765625 0.8564234640624999 0.1397309765625
5 0.2858932375 0.5168360265625 0.2795963796875 0.5218850171875 0.2770776359375 0.5387215484375 0.28337449375 0.5454535359375 0.3035266203125 0.5488217171875001 0.3085641078125 0.5404045453124999 0.3085641078125 0.5286191921875 0.30100787812499996 0.5218850171875 0.2858932375 0.5168360265625
5 0.5768255234375 0.3047127953125 0.568009921875 0.3047127953125 0.5629724359375 0.3148151515625 0.5629724359375 0.32491532031250003 0.5755661515625 0.3367006734375 0.5856433062499999 0.3383836703125 0.5931995359375 0.32491532031250003 0.5906807921875 0.3164981484375 0.5768255234375 0.3047127953125
5 0.9773296796875 0.3367006734375 0.9773296796875 0.32491532031250003 0.9647359640625 0.31818114531249997 0.9496213234375 0.31818114531249997 0.9445838375 0.3265983171875 0.9445838375 0.3400666671875 0.9596984781250001 0.3468008421875 0.9722921937500001 0.3468008421875 0.9773296796875 0.3367006734375
5 0.031487090625000005 0.1767678453125 0.023928678125 0.1835020203125 0.0226693078125 0.19360218906249999 0.027706793750000003 0.2003363640625 0.0403026921875 0.20875353593749998 0.05289640625000001 0.2053875421875 0.054155778125 0.1919191921875 0.0478589203125 0.1835020203125 0.0377839484375 0.1767678453125 0.031487090625000005 0.1767678453125
5 0.1549120484375 0.29124663281249996 0.1473558203125 0.2996638046875 0.1498745625 0.3097639734375 0.16372765 0.3198663296875 0.173802621875 0.31818114531249997 0.17758291875 0.3097639734375 0.17254324999999998 0.2979808078125 0.16372765 0.29124663281249996 0.1549120484375 0.29124663281249996
5 0.47229113749999996 0.1851850171875 0.46095679375 0.1767678453125 0.45088182187500003 0.1868680140625 0.45088182187500003 0.1969703703125 0.462216165625 0.21380471406249998 0.471031765625 0.21717070781249997 0.478590178125 0.2104387203125 0.4811089203125 0.19865336718749999 0.47229113749999996 0.1851850171875
5 0.2556683203125 0 0.2556683203125 0.0050496640625 0.270780778125 0.020201009375000002 0.2795963796875 0.020201009375000002 0.2858932375 0.0101008421875 0.2851375953125 0 0.2556683203125 0
1 0.28085575 0.5303021890624999 0.282115121875 0.5202020203125 0.2795963796875 0.5134678453125 0.26070580625 0.49999949531250004 0.23551619218750003 0.49663350156249997 0.2241818484375 0.5067336703125 0.220403734375 0.5235680140625 0.22292247656250003 0.5353533671874999 0.23173807812499997 0.5437705390625001 0.2544089484375 0.5454535359375 0.2745588921875 0.5387215484375 0.28085575 0.5303021890624999
1 0.8979849078125 0.29124663281249996 0.8891693078125 0.2929296296875 0.8866505640625 0.3047127953125 0.892947421875 0.32491532031250003 0.8992442796875 0.33501767656250003 0.91939640625 0.3417518515625 0.931990121875 0.3552180140625 0.9408057234375 0.3569031984375 0.943324465625 0.35353501718749997 0.9445838375 0.32828350156249997 0.9483619515624999 0.31818114531249997 0.945843209375 0.3013468015625 0.9282120078125 0.2996638046875 0.9093192515625 0.3047127953125 0.8979849078125 0.29124663281249996
1 0.537782821875 0.2693611109375 0.5226703640625 0.2777782828125 0.5138547625000001 0.2946126265625 0.5365234515624999 0.3265983171875 0.5528974640625 0.32828350156249997 0.5617130640625 0.3215493265625 0.568009921875 0.3097639734375 0.5629724359375 0.2845124578125 0.554156834375 0.2727271046875 0.537782821875 0.2693611109375
1 0.6851380234375 0.7003373734375 0.6826192796874999 0.6750836703124999 0.6725443078125 0.6649835015625001 0.6612099640625 0.6616153203125 0.6435765796874999 0.6633005046875 0.634760978125 0.6683494953125 0.6297234921875 0.6750836703124999 0.6246860062499999 0.7003373734375 0.62720475 0.7154887203125 0.6335016078125 0.7239058921875 0.6435765796874999 0.7289570703125 0.662469334375 0.7289570703125 0.67758179375 0.7222228953125 0.6826192796874999 0.7138057234375 0.6851380234375 0.7003373734375
1 0.2267005921875 0.8063968015625 0.2241818484375 0.8097649828125 0.22921933437500003 0.8434336703125 0.23803493593749997 0.8569020203125 0.2493692796875 0.8569020203125 0.27204015 0.8282823234375 0.27204015 0.8181821546875 0.2644839203125 0.8114479796875 0.24810990781250003 0.8131309765625 0.2267005921875 0.8063968015625
1 0.5595540796875 1 0.55793495 0.9949493265625 0.537782821875 0.9764319859375 0.5138547625000001 0.9781149828125001 0.5025182375 0.9848491578124999 0.4962213796875 0.9949493265625 0.4962213796875 1 0.5595540796875 1
3 0.8501266078124999 0.11111127968750001 0.8400494515625001 0.10774309687500001 0.837530709375 0.1313138046875 0.8425681953125 0.15151414218749998 0.8501266078124999 0.1548823234375 0.8589422078125001 0.1397309765625 0.8589422078125001 0.1262626265625 0.8501266078124999 0.11111127968750001
3 0.5790304015625 0 0.5894214203125 0.0101008421875 0.5982370218749999 0.0084178453125 0.59855186875 0 0.5790304015625 0
3 0.5585644000000001 0 0.556675578125 0.0033666671874999997 0.55793495 0.011783839062499999 0.56926929375 0.0134690234375 0.5743067046875 0 0.5585644000000001 0
3 0.7279588375 0.8956218859374999 0.72544009375 0.9141414140625 0.734257878125 0.9208755890625 0.7493703359375 0.9175074078125001 0.7720412062500001 0.8922558921875 0.787153665625 0.8973070703125 0.8022661234375 0.9090902359375 0.81360265 0.9090902359375 0.8173807640625 0.9023560609375 0.81108390625 0.8872047140625 0.7997473796875 0.8787875421875 0.775819321875 0.8737363640625 0.7493703359375 0.8585850171875 0.743073478125 0.8636361953125 0.7279588375 0.8956218859374999
1 0.4420662203125 0.10269410781249999 0.43072969375000003 0.09595993281250001 0.4168766078125 0.0976429296875 0.4005047765625 0.11111127968750001 0.38664950781249996 0.1329968015625 0.3828713921875 0.1481481484375 0.3828713921875 0.17339966406250001 0.3853901359375 0.1818190234375 0.3979838515625 0.1919191921875 0.4156172359375 0.21380471406249998 0.42695157968749997 0.2121217171875 0.448363078125 0.1902361953125 0.45969742187499996 0.17339966406250001 0.4634755359375 0.1599335015625 0.462216165625 0.1397309765625 0.4546599359375 0.1195284515625 0.4420662203125 0.10269410781249999
1 0.3841307640625 0.6649835015625001 0.381612021875 0.6700346796875001 0.381612021875 0.6902350171875 0.406801634375 0.7188547140625 0.41939535 0.7205377109375 0.448363078125 0.7070715484375001 0.44710370624999995 0.6936031984375 0.437028734375 0.6767666671875 0.42191409375 0.6767666671875 0.406801634375 0.6818178453125 0.39294636562499996 0.6649835015625001 0.3841307640625 0.6649835015625001
3 0.133325940625 0.2443766 0.111624153125 0.2506730640625 0.09842585312499999 0.2796626265625 0.1022039671875 0.29101026874999997 0.1059689859375 0.29479865312500003 0.1135143015625 0.28723939375 0.11634734218750001 0.2721033671875 0.127657678125 0.25446144843749996 0.133325940625 0.2443766
5 0.476071434375 0.1498311453125 0.4634755359375 0.1548823234375 0.462216165625 0.1649824921875 0.46599427968749996 0.17339966406250001 0.4836276640625 0.1818190234375 0.49244326406249994 0.1767678453125 0.4937026359375 0.16329949531250001 0.487405778125 0.1548823234375 0.476071434375 0.1498311453125
3 0.15522793125 1 0.1586901640625 0.9983175078125001 0.17254324999999998 0.9814809765625 0.176321365625 0.9595954546875 0.1712838796875 0.9528612796875 0.1574307921875 0.9528612796875 0.1435777046875 0.9713808078125 0.12342557812499999 0.9781149828125001 0.1083131203125 0.9747468015624999 0.0982359640625 0.9579124578125 0.093198478125 0.9612784515625 0.0919391078125 0.9680126265625001 0.09571722187500001 0.9831639734375001 0.10579437656249999 0.9983175078125001 0.1105156015625 1 0.15522793125 1
1 0.448363078125 0.5471387203125 0.45088182187500003 0.5353533671874999 0.448363078125 0.5235680140625 0.4345078078125 0.5050506734375 0.41939535 0.5067336703125 0.39168699375 0.5185190234375 0.39168699375 0.5303021890624999 0.406801634375 0.5488217171875001 0.4168766078125 0.5555558921875 0.4420662203125 0.5521877109375 0.448363078125 0.5471387203125
1 0 0.1943029140625 0.001259990625 0.1952851859375 0.0100755921875 0.1952851859375 0.0201505640625 0.1885531984375 0.0365245765625 0.16329949531250001 0.04408080625 0.1430969703125 0.04408080625 0.1178454546875 0.023928678125 0.08585757499999999 0.0075568484374999995 0.07744040468749999 0 0.0814812125 0 0.1943029140625
3 0 0.68635876875 0.0352652046875 0.6835008421875 0.0491182921875 0.6767666671875 0.0516370359375 0.6700346796875001 0.0516370359375 0.6447809765625 0.045340178125000005 0.6313126265625 0.0113349640625 0.6380468015625 0 0.6372894765625 0 0.68635876875