2 1 0.11394101875 0.99373881875 0.11394101875 0.982110196875 0.12064343125000002 0.9651169953125001 0.1447721171875 0.9561717359375 0.16487935625 0.9543835421875 0.1823056296875 0.9660100171874999 0.19705093906249999 0.9669051874999999 0.21581769374999998 0.9713767437499999 0.22654155468749998 0.9722719140624999 0.249329759375 0.9686933812499999 0.288203753125 0.9874769234375 0.3753351203125 0.99373881875 0.3900804296875 1 0.39861139218749997 1 0.11394101875
1 0.848837209375 0.560321715625 0.8568872984375 0.560321715625 0.8613588546875001 0.5549597859375 0.8667255812500001 0.53217158125 0.8649373875 0.502680965625 0.85778246875 0.48793565625 0.8524157421874999 0.48391420937499996 0.8309488375 0.48525469218749995 0.7898032203125 0.5013404828125 0.768336315625 0.516085790625 0.7504479421875 0.5361930296875 0.7459742390625 0.5549597859375 0.7459742390625 0.567024128125 0.7486576031250001 0.579088471875 0.7593910546875 0.597855228125 0.769231484375 0.6072386062499999 0.78711985625 0.6193029484375 0.7969581390625 0.6179624671874999 0.80679856875 0.597855228125 0.8220035781249999 0.5777479890625 0.826475134375 0.57640750625 0.8345252234375 0.567024128125 0.848837209375 0.560321715625
1 0.571555634375 0.7774798921875 0.5635055453125 0.79088471875 0.559929159375 0.806970509375 0.5590339890625 0.84182305625 0.568872271875 0.863270778125 0.57513416875 0.8900804296875 0.5742389984375 0.9249329765625 0.57781753125 0.9289544234375 0.591234346875 0.9289544234375 0.6082296953124999 0.920911528125 0.62880143125 0.895442359375 0.640430053125 0.8699731906249999 0.640430053125 0.8471849859375 0.635063328125 0.8217158171875001 0.62611806875 0.8096514750000001 0.5966010734375 0.781501340625 0.5787127015625 0.774798928125 0.571555634375 0.7774798921875
1 0 0.6595131375000001 0.0044729875 0.6863270781249999 0.0134161 0.70911528125 0.0321996421875 0.7359249328125 0.0438282640625 0.737265415625 0.0742404296875 0.7064343156249999 0.10375742343750001 0.660857909375 0.10733381093750001 0.65147453125 0.10912415 0.6286863265625 0.10375742343750001 0.6085790890625 0.09839069843750001 0.597855228125 0.073345259375 0.5683646109375 0.0590332734375 0.560321715625 0.03130661875 0.55630026875 0.020573165625 0.5616621984375 0.0134161 0.57640750625 0 0.6273431281249999 0 0.6595131375000001
1 0.1851513421875 1 0.1923084078125 0.9946380703125 0.20930160937500003 0.9705093828125 0.2164586765625 0.94235925 0.21556350625 0.9249329765625 0.20930160937500003 0.9128686328125 0.1923084078125 0.898123325 0.18425831875 0.895442359375 0.1699463328125 0.9048257375000001 0.1592128796875 0.9195710453125001 0.15295098437500002 0.9369973187499999 0.15026762031250002 0.9530831093750001 0.15026762031250002 0.978552278125 0.1565295171875 0.997319034375 0.161538175 1 0.1851513421875 1
1 0.0157122453125 0 0.019194990624999998 0.0386058984375 0.0349989265625 0.0662327078125 0.0455370296875 0.0583378015625 0.059578532812499994 0.04254584375 0.0630948125 0.026756032812500004 0.0657330953125 0.0030691687499999998 0.0665339421875 0 0.0157122453125 0
1 0.12045259374999999 0 0.1189624328125 0.040214476562500004 0.1252243296875 0.0777479890625 0.13774597500000002 0.1032171578125 0.14937459687500002 0.11394101875 0.1627914125 0.116621984375 0.1699463328125 0.11126005312500001 0.1860465109375 0.0750670234375 0.19320143125 0.044235924999999995 0.19856815781249998 0.0040214484375 0.198427153125 0 0.12045259374999999 0
1 0.075133453125 0.0388739953125 0.0670833625 0.0750670234375 0.07066189687499999 0.085790884375 0.08855026875000001 0.0844504015625 0.09839069843750001 0.0777479890625 0.10196708437499999 0.046916890625 0.09660035781250001 0.016085790625 0.0858669046875 0.0174262734375 0.075133453125 0.0388739953125
1 0.060823614062499996 0.1179624671875 0.061716637500000004 0.13404825781250002 0.0644 0.1434316359375 0.071557065625 0.1541554953125 0.080500178125 0.15817694375 0.0903406078125 0.1568364609375 0.1010740609375 0.14611259999999998 0.10375742343750001 0.1394101875 0.1064407875 0.116621984375 0.1064407875 0.0991957109375 0.10286225468750002 0.0844504015625 0.0939169953125 0.0844504015625 0.0724500890625 0.0991957109375 0.06261180625 0.10991957031249999 0.060823614062499996 0.1179624671875
1 0.33184329218749997 0.029490617187500002 0.3166361359375 0.048257371874999996 0.3139527734375 0.06300268125 0.3032193203125 0.09115281562500001 0.30053595781250003 0.10455764062499999 0.30053595781250003 0.1246648796875 0.3032193203125 0.1313672921875 0.3103763859375 0.13404825781250002 0.3228980328125 0.1313672921875 0.3345266546875 0.1219839140625 0.357781753125 0.0871313671875 0.3631484796875 0.0737265421875 0.369410375 0.044235924999999995 0.369410375 0.0388739953125 0.3658318421875 0.0308310984375 0.341681575 0.024128685937499998 0.33184329218749997 0.029490617187500002
1 0.380276815625 0 0.37388193125 0.0174262734375 0.37030339843750004 0.0335120640625 0.37030339843750004 0.046916890625 0.3667270125 0.0643431640625 0.36136028593749997 0.0777479890625 0.357781753125 0.1032171578125 0.355993559375 0.1313672921875 0.359569946875 0.1380697046875 0.3667270125 0.1380697046875 0.3855105546875 0.12064343125000002 0.40250375624999996 0.0938337796875 0.41323720937499997 0.06300268125 0.4150275484375 0.052278820312499995 0.4150275484375 0.024128685937499998 0.41323720937499997 0.016085790625 0.4064581875 0 0.380276815625 0
1 0.428444365625 0.21849865937500002 0.431127728125 0.205093834375 0.4302325578125 0.1890080421875 0.42307763906250007 0.1876675609375 0.4123441859375 0.20777479843750002 0.3989273703125 0.22654155468749998 0.3971370296875 0.243967828125 0.4016107328125 0.25335120624999996 0.41055384687499996 0.256032171875 0.41771091250000003 0.250670240625 0.428444365625 0.21849865937500002
1 0.75581466875 0.0174262734375 0.7406075140625 0.009383378125 0.7289810375 0.0107238609375 0.722719140625 0.0174262734375 0.709302325 0.045576407812500004 0.6815735234375 0.09249329687499999 0.6386397140625 0.15817694375 0.630589625 0.1756032171875 0.62880143125 0.1876675609375 0.630589625 0.1943699734375 0.6413230765625 0.19571045625 0.6565302328125 0.190348525 0.7289810375 0.1434316359375 0.7370311265625 0.1313672921875 0.7540243296875 0.0777479890625 0.7620744187499999 0.041554959375 0.7611813953125 0.02546916875 0.75581466875 0.0174262734375
1 0.8631491953125 0.22654155468749998 0.862254025 0.20107238593750001 0.855992128125 0.17962466562499999 0.8452586765625 0.16487935625 0.8318418609375 0.1568364609375 0.8130583187499999 0.15817694375 0.7862246875000001 0.190348525 0.772807871875 0.21983914218749998 0.7620744187499999 0.269436996875 0.7620744187499999 0.29624664843750004 0.7656529515625 0.3083109921875 0.7710196781249999 0.3163538875 0.7799649375000001 0.3230563 0.7898032203125 0.3243967828125 0.8121652953125 0.313672921875 0.8157416812499999 0.3083109921875 0.8228987484375001 0.281501340625 0.8372085874999999 0.25737265468750004 0.8479420390625 0.24664879375 0.8568872984375 0.2426273453125 0.86046583125 0.23726541562499998 0.8631491953125 0.22654155468749998
1 0.29785259375 0.309651475 0.28175241562500003 0.2922252015625 0.2745974953125 0.2895442359375 0.26654740625 0.29088471875 0.24418533125000003 0.30697050937500003 0.23524221875 0.3230563 0.221825403125 0.363270778125 0.21735169999999998 0.40482573750000006 0.21735169999999998 0.432975871875 0.22093023281250002 0.4597855234375 0.22808515156250003 0.48123324375000004 0.23524221875 0.49195710468750004 0.24239713749999997 0.4959785515625 0.2522354203125 0.4959785515625 0.260285509375 0.49195710468750004 0.27012593906250004 0.48123324375000004 0.29159284375 0.43967828437499995 0.305009659375 0.3900804296875 0.305009659375 0.3337801609375 0.29785259375 0.309651475
1 0.26654740625 0.6032171578125001 0.278176028125 0.5924932968750001 0.282647584375 0.5844504015624999 0.282647584375 0.5750670234374999 0.2763856890625 0.560321715625 0.26744257656250003 0.5455764078125 0.2611806796875 0.5402144765625 0.25134239687500004 0.5455764078125 0.2432923078125 0.56970509375 0.2415019671875 0.591152815625 0.24418533125000003 0.6099195703125 0.2522354203125 0.611260053125 0.26654740625 0.6032171578125001
1 0.3148479421875 0.41689007968749997 0.3014311265625 0.432975871875 0.287119140625 0.47050938281250004 0.28175241562500003 0.5080428953125 0.282647584375 0.5268096515625 0.2898025046875 0.5428954421875 0.29516923125 0.5643431640625 0.3014311265625 0.572386059375 0.3184264765625 0.5831099203125001 0.332736315625 0.5777479890625 0.3443649375 0.56300268125 0.35420322031249996 0.5361930296875 0.359569946875 0.5 0.3586769234375 0.46782841875000003 0.350626834375 0.434316353125 0.3363148484375 0.41554959843750006 0.33005295156250003 0.4128686328125 0.3148479421875 0.41689007968749997
1 0.4454375671875 0.3780160859375 0.4347041140625 0.388739946875 0.42397066250000004 0.408847184375 0.41413237968749994 0.465147453125 0.41323720937499997 0.48793565625 0.415920571875 0.5 0.42576100156249996 0.502680965625 0.43738747812499995 0.4959785515625 0.4454375671875 0.48793565625 0.45438282656249995 0.47050938281250004 0.45796135937500004 0.4544235921875 0.4686948125 0.43029490625 0.47048300468750004 0.414209115625 0.4686948125 0.3873994640625 0.4615377453125 0.3753351203125 0.4525946328125 0.3739946375 0.4454375671875 0.3780160859375
1 0.5831842578125 0.455764075 0.573345975 0.43699731875000003 0.5635055453125 0.43565683593750004 0.5572457953125001 0.4410187671875 0.5161001781250001 0.521447721875 0.46958783593750003 0.5924932968750001 0.4454375671875 0.6179624671874999 0.4320207515625 0.636729221875 0.42486583125 0.6568364609375 0.42486583125 0.6756032171874999 0.4320207515625 0.6916890078125 0.43738747812499995 0.6970509390624999 0.4454375671875 0.699731903125 0.4856880140625 0.6970509390624999 0.5456171734375 0.6447721171875 0.559929159375 0.6260053625 0.5679792484374999 0.6045576406250001 0.579605725 0.5455764078125 0.5858676203125001 0.48123324375000004 0.5831842578125 0.455764075
1 0.27012593906250004 0.7640750671875 0.2745974953125 0.7734584453125 0.304114490625 0.78418230625 0.31931949843749996 0.7855227874999999 0.3273695890625 0.778820375 0.329159928125 0.7707774796875 0.33005295156250003 0.74664879375 0.32826475781250003 0.730563003125 0.3148479421875 0.6876675609375 0.3121645796875 0.6836461125 0.3032193203125 0.6836461125 0.2808593921875 0.71581769375 0.273702325 0.7319034859375 0.27012593906250004 0.7453083109375 0.27012593906250004 0.7640750671875
1 0.350626834375 0.8485254687499999 0.34704830000000003 0.9182305625 0.355098390625 0.9343163531249999 0.39087728125 0.9584450406249999 0.40250375624999996 0.9624664875000001 0.408765653125 0.9597855234375 0.41681574218749995 0.94235925 0.42397066250000004 0.89946380625 0.42307763906250007 0.8552278828125001 0.41055384687499996 0.7935656843750001 0.40250375624999996 0.7721179625000001 0.3810368515625 0.73994638125 0.37030339843750004 0.73994638125 0.362253309375 0.7573726546875 0.35688658281249996 0.7868632703125 0.350626834375 0.8485254687499999
1 0.5080500890625 1 0.49821180624999994 0.986595175 0.4901617171875 0.9852546921875 0.4874783546875 0.9892761390624999 0.48390053593750004 1 0.5080500890625 1