2 1 0.5890638515625 0.996465725 0.586206896875 0.9840989406249999 0.58753315625 0.9752643109375001 0.5928381968750001 0.9655477031249999 0.6061007953125 0.9593632515625 0.6206896546875 0.9408120140625 0.7068965515625 0.9443462890625 0.745358090625 0.9434621906249999 0.767904509375 0.9390459359375001 0.7785145890625 0.9381618375 0.7970822281250001 0.9266791515625 0.8116710875 0.9284452296874999 0.8289124671874999 0.937279859375 0.848806365625 0.9540628968749999 0.8726790453125 0.9655477031249999 0.8793103453125 0.9717321562500001 0.8793103453125 0.9920494703125 0.868700265625 1 0.861026465625 1 0.5890638515625
1 0.804771025 0.5119363390625 0.8259724374999999 0.5132626 0.8312727921875 0.5092838203125 0.838339221875 0.49469496093750004 0.8401052999999999 0.465517240625 0.8348049468750001 0.44297082187500003 0.8303886921875 0.4376657828125 0.8224381624999999 0.4376657828125 0.8083031796875 0.4310344828125 0.80035265 0.42175066250000004 0.7959363953125 0.420424403125 0.780919434375 0.40053050468749996 0.7712007062499999 0.3806366046875 0.7614840984375 0.3793103453125 0.7438169609374999 0.391246684375 0.7340982328125001 0.40053050468749996 0.7234975265625 0.41909814375 0.72084735 0.4310344828125 0.72084735 0.44297082187500003 0.7252657250000001 0.4615384609375 0.7429328625 0.4814323609375 0.764134275 0.49602122031249996 0.804771025 0.5119363390625
1 0.5371031796875 0.19363395156250002 0.5406353359375 0.209549071875 0.548585865625 0.2228116703125 0.5556544171875 0.22546419062499998 0.5733215546875 0.21883289062500003 0.6024734984375 0.1909814328125 0.6113081265625 0.1790450921875 0.61660848125 0.153846153125 0.61660848125 0.131299734375 0.605123675 0.10610079531250001 0.5848063609375 0.08090185625 0.5680212015625 0.07294429687500001 0.5547703187499999 0.07294429687500001 0.5512360421875 0.0769230765625 0.552120140625 0.1114058359375 0.5459356890625 0.137931034375 0.53621908125 0.15915119375 0.5371031796875 0.19363395156250002
1 0 0.42722185 0.0044176671875 0.436339521875 0.015018375 0.44164456249999995 0.0424021203125 0.4376657828125 0.056537103125 0.4297082234375 0.0812727921875 0.40053050468749996 0.0865731453125 0.389920425 0.0918734984375 0.370026525 0.0901053 0.34748010625000003 0.0865731453125 0.3381962859375 0.0574212015625 0.2931034484375 0.027385159375000002 0.26259946875 0.015900353125 0.2639257296875 0 0.28666060312499997 0 0.42722185
1 0.1485860078125 0 0.13869257968749998 0.0053050390625 0.1325081265625 0.023872679687500002 0.1325081265625 0.049071618750000004 0.135158303125 0.0649867375 0.14134275624999998 0.0822281171875 0.1519434625 0.0968169765625 0.1660784453125 0.10610079531250001 0.174028975 0.1034482765625 0.19081201406249998 0.0888594171875 0.1969964671875 0.0769230765625 0.197880565625 0.059681696875 0.19081201406249998 0.0318302390625 0.174028975 0.007957559375000001 0.1669604234375 0.0026525203125 0.1563597171875 0 0.1485860078125 0
1 0.051882728125 1 0.04901908125 0.9890058359375 0.046413428125 0.9655702921874999 0.0429406359375 0.9499480109375 0.0290727921875 0.9343236078125001 0.0186650171875 0.9265124671875 0.0030565375 0.953846153125 0 0.9877878625 0 1 0.051882728125 1
1 0.179793528125 1 0.1802113078125 0.9880636609375 0.1749109546875 0.9482758625000001 0.1678445234375 0.9177718828125 0.1519434625 0.8819628640625 0.14487703125 0.876657825 0.1316261484375 0.8793103453125 0.12014134218750001 0.889920425 0.1077745578125 0.9151193640624999 0.10159010625 0.9522546421874999 0.10335618437500001 1 0.179793528125 1
1 0.05035265 0.9177718828125 0.0583031796875 0.9535809015625001 0.06890388750000001 0.9748010609375 0.07950459374999999 0.9761273203125 0.084804946875 0.9456233421875 0.0812727921875 0.9151193640624999 0.0715540640625 0.9084880640625 0.05388692656250001 0.907161803125 0.05035265 0.9177718828125
1 0.0459363953125 0.8832891249999999 0.055653003125 0.8938992046875001 0.0768544171875 0.9084880640625 0.0856890453125 0.9084880640625 0.089223321875 0.8938992046875001 0.089223321875 0.876657825 0.0865731453125 0.85411140625 0.08392296875000001 0.8474801062499999 0.0733222609375 0.8368700265625 0.0636035328125 0.8355437671875 0.054771024999999994 0.839522546875 0.0477024734375 0.8501326265625 0.045052296874999995 0.8594164453124999 0.04417031875 0.875331565625 0.0459363953125 0.8832891249999999
1 0.29681908125 0.9442970828125 0.3118381625 0.962864721875 0.3215547703125 0.9681697609375 0.3454063609375 0.9615384609375001 0.3489406359375 0.9535809015625001 0.3489406359375 0.9482758625000001 0.342756184375 0.91909814375 0.3374558296875 0.90583554375 0.3144883390625 0.8713527843750001 0.3030035328125 0.862068965625 0.2906367484375 0.8594164453124999 0.2835681984375 0.862068965625 0.280918021875 0.868700265625 0.280918021875 0.8885941640624999 0.2835681984375 0.9018567640624999 0.2941689046875 0.9297082234375 0.29681908125 0.9442970828125
1 0.3821826671875 1 0.3922254421875 0.9761273203125 0.39399363906249996 0.9681697609375 0.39399363906249996 0.940318303125 0.3922254421875 0.9297082234375 0.381624734375 0.8992042437500001 0.364841696875 0.8726790453125 0.34629045937499997 0.855437665625 0.3392219078125 0.855437665625 0.335689753125 0.862068965625 0.3374558296875 0.889920425 0.34099010625 0.9151193640624999 0.34629045937499997 0.9283819624999999 0.3498226140625 0.9456233421875 0.3498226140625 0.9588859421875 0.35335689062500003 0.9748010609375 0.3625876671875 1 0.3821826671875 1
1 0.3780925796875 0.767904509375 0.39134346249999996 0.7864721484375 0.40194417031249996 0.8063660484374999 0.40901059999999995 0.8050397874999999 0.4098947 0.78912466875 0.40724452343750006 0.77586206875 0.396643815625 0.7440318296874999 0.389575265625 0.738726790625 0.38074275625 0.7413793109375 0.37632438125 0.7506631296874999 0.3780925796875 0.767904509375
1 0.7040643109375 0.9814323609375 0.715546996875 0.9827586203124999 0.7305660781250001 0.9748010609375 0.7358664312500001 0.9668435015625001 0.736748409375 0.95092838125 0.7287978796875 0.9151193640624999 0.712014840625 0.862068965625 0.7040643109375 0.8501326265625 0.632509540625 0.8037135281250001 0.617490459375 0.7984084874999999 0.606889753125 0.7997347484375 0.605123675 0.8063660484374999 0.606889753125 0.8183023875 0.6148402828124999 0.8355437671875 0.657243109375 0.9005305046875 0.6846289750000001 0.9469496015625 0.697879859375 0.9748010609375 0.7040643109375 0.9814323609375
1 0.7605999999999999 0.8037135281250001 0.7871017671875 0.8355437671875 0.805653003125 0.8368700265625 0.8189038875 0.8289124671874999 0.82950459375 0.8143236078125 0.8356890453125001 0.7931034484375 0.8365731453125 0.767904509375 0.8339229687499999 0.7572944296874999 0.8303886921875 0.751989390625 0.8215540640624999 0.748010609375 0.81095335625 0.7374005312499999 0.7968204953125 0.7135278515625 0.78975194375 0.687002653125 0.7862197875 0.6816976125 0.764134275 0.6710875328125 0.7544176671875 0.67241379375 0.7455830390625 0.6790450921875 0.7402826859375 0.687002653125 0.736748409375 0.6989389921875 0.736748409375 0.725464190625 0.7473491171875 0.774535809375 0.7605999999999999 0.8037135281250001
1 0.22526431093750002 0.6883289125000001 0.2473498234375 0.70424403125 0.255300353125 0.7055702921875 0.262366784375 0.7029177718749999 0.27826784375 0.6856763921875 0.2853363953125 0.6618037140624999 0.2853363953125 0.6061007953125 0.2720855125 0.557029178125 0.2508840984375 0.51591511875 0.2411653703125 0.5053050390625 0.233214840625 0.5013262593750001 0.2234982328125 0.5013262593750001 0.21643180156250003 0.5053050390625 0.2093632515625 0.51591511875 0.20229682031250001 0.537135278125 0.19876254375 0.563660478125 0.19876254375 0.5915119359375 0.20318091875 0.6326259953125 0.21643180156250003 0.67241379375 0.22526431093750002 0.6883289125000001
1 0.22261413437500002 0.407161803125 0.2243823328125 0.42838196249999994 0.2323328625 0.4522546421875 0.24204947031250001 0.45755968124999996 0.24823392187499999 0.4522546421875 0.25706643125 0.4376657828125 0.26325088281250003 0.4230769234375 0.26325088281250003 0.413793103125 0.25883462968750004 0.40583554375 0.2473498234375 0.39522546406250003 0.233214840625 0.3872679046875 0.22526431093750002 0.3885941640625 0.22261413437500002 0.407161803125
1 0.26766713750000004 0.5265251984375 0.28180212031249996 0.563660478125 0.295053003125 0.579575596875 0.3100699640625 0.5835543765625 0.3162544171875 0.58090185625 0.3303894 0.5623342171875 0.3383399296875 0.52917771875 0.3392219078125 0.49734747968750004 0.3339215546875 0.4615384609375 0.324204946875 0.43501326249999994 0.31272014062500003 0.420424403125 0.2985872796875 0.41511936406250005 0.28180212031249996 0.42572944375 0.2756176671875 0.433687003125 0.27031731406250004 0.45490716249999996 0.26325088281250003 0.47082228125 0.262366784375 0.48938992031249995 0.26766713750000004 0.5265251984375
1 0.4134268546875 0.6074270562499999 0.42402756249999995 0.6180371359375 0.4310961125 0.622015915625 0.43992862187500004 0.6206896546875 0.4469971734375 0.608753315625 0.4487632515625 0.5822281171875 0.4469971734375 0.566312996875 0.4363964671875 0.54244031875 0.43286219062500003 0.5265251984375 0.42402756249999995 0.5092838203125 0.41607703125000006 0.5013262593750001 0.404594346875 0.49469496093750004 0.39487561875 0.49734747968750004 0.3922254421875 0.5092838203125 0.393109540625 0.5318302390625 0.40282614843750003 0.58753315625 0.4134268546875 0.6074270562499999
1 0.49381625468749996 0.47612732031249994 0.534453003125 0.5557029171875 0.5406353359375 0.5610079578125 0.5503540640625 0.559681696875 0.5600706718749999 0.5411140578125 0.5627208484375 0.51591511875 0.5565363953125 0.4522546421875 0.5450537109375 0.3938992046875 0.5371031796875 0.3726790453125 0.5229681984375001 0.35411140625000004 0.4637802125 0.3023872671875 0.42402756249999995 0.29973474843750003 0.41607703125000006 0.3023872671875 0.41077667812499996 0.3076923078125 0.40371024687499996 0.3236074265625 0.40371024687499996 0.342175065625 0.41077667812499996 0.362068965625 0.42402756249999995 0.3806366046875 0.44787915156249997 0.40583554375 0.49381625468749996 0.47612732031249994
1 0.2508840984375 0.254641909375 0.2544162546875 0.267904509375 0.26148480625000003 0.283819628125 0.2835681984375 0.3156498671875 0.2924028265625 0.3156498671875 0.295053003125 0.3116710875 0.30830388750000004 0.26923076875 0.3100699640625 0.25331565 0.3091879859375 0.2294429703125 0.3074197875 0.22148541093750002 0.2994692578125 0.2148541109375 0.284452296875 0.216180371875 0.255300353125 0.22679045156250002 0.2508840984375 0.2360742703125 0.2508840984375 0.254641909375
1 0.3303894 0.15251989375 0.33657173125 0.2135278515625 0.341872084375 0.2427055703125 0.3498226140625 0.25994695 0.36042332187500004 0.25994695 0.381624734375 0.22811671093750002 0.389575265625 0.2068965515625 0.40194417031249996 0.14588859375000002 0.40282614843750003 0.102122015625 0.39575971718749997 0.059681696875 0.3878091875 0.04244031875 0.381624734375 0.0397877984375 0.37014205 0.043766578125 0.334805653125 0.06763925781249999 0.3268551234375 0.0835543765625 0.3303894 0.15251989375
1 0.4611314484375 0 0.465548409375 0.0132626 0.46819858593749997 0.0172413796875 0.47614911718749997 0.015915118750000002 0.485865725 0.0026525203125 0.48630724374999995 0 0.4611314484375 0