3 0.898820275 0.6893491015625 0.898820275 0.70858030625 0.9066803296874999 0.7233736953125 0.9106093515625 0.7233736953125 0.9155201249999999 0.7174559359375 0.9214146640624999 0.6997046765625 0.92338018125 0.6715978421875 0.9174856421875001 0.6597623234375 0.9125728562500001 0.6597623234375 0.9066803296874999 0.6671600265625 0.898820275 0.6893491015625
1 0.85265175625 0.6982247328125 0.8516700046875 0.6834313437499999 0.842828196875 0.680473471875 0.8398829390625 0.68639123125 0.8408646921875 0.6967447890625 0.8447937124999999 0.701182603125 0.85265175625 0.6982247328125
1 0.7131624359375001 0.681953415625 0.6964645968750001 0.6878691578125 0.6876227890625 0.702662546875 0.6846755203125 0.732249325 0.68958830625 0.7396450125 0.7033388765625 0.7440828265625 0.7131624359375001 0.7544384015625 0.72200424375 0.755916328125 0.72789878125 0.7529584578125 0.735756825 0.735207196875 0.735756825 0.713018121875 0.7298622875 0.6967447890625 0.7229859953125 0.6878691578125 0.7131624359375001 0.681953415625
1 0.6139491078125 0.66982150625 0.6149308609374999 0.6642021546875 0.6149308609374999 0.646448878125 0.6080545703125 0.6328410578125 0.6011782796875 0.624259803125 0.5933202359374999 0.6183440609375 0.5756386328125 0.6183440609375 0.5638515671875 0.624259803125 0.5579570296874999 0.6360953203124999 0.55893878125 0.6760356562500001 0.5618860515625 0.6849112875000001 0.5834966765625 0.6982247328125 0.6001965265625 0.6997046765625 0.6049121578125 0.6892019140625 0.6095292109375 0.6823969953125 0.6139491078125 0.66982150625
1 0.523575575 0.62869761875 0.510804746875 0.624259803125 0.5019649515625 0.625739746875 0.497052165625 0.6331354328125001 0.49115963906250004 0.6745557125 0.49214139062499995 0.6908290453125 0.499999434375 0.704142490625 0.510804746875 0.711538178125 0.527504596875 0.711538178125 0.5333991359375 0.7056204187499999 0.538309909375 0.6849112875000001 0.5373281578125 0.6686399703125 0.5314336187500001 0.6405331359375 0.523575575 0.62869761875
1 0.399804353125 0.7263315671874999 0.3988205890625 0.7056204187499999 0.390962546875 0.678993528125 0.3772099640625 0.6597623234375 0.369351921875 0.6612422671875 0.3654229 0.6686399703125 0.32711242500000004 0.788460978125 0.32711242500000004 0.79585868125 0.3330049515625 0.8032543671875001 0.3487230484375 0.8047343109374999 0.3644391359375 0.7973366078125 0.3840862546875 0.7781074203125 0.3919442984375 0.7618340875 0.399804353125 0.7263315671874999
1 0.2436151828125 0.6730777859375 0.24066791406250002 0.6405331359375 0.23280987031249997 0.6198219875000001 0.2190572890625 0.59911285625 0.19842841718749998 0.5843194671874999 0.18074681406249998 0.5828395234375 0.1660124796875 0.5887572828125001 0.1620834578125 0.5976329125000001 0.1640469625 0.60946843125 0.1944993953125 0.6597623234375 0.209233728125 0.6701178984375 0.209233728125 0.6775156 0.2161100203125 0.6893491015625 0.2190572890625 0.702662546875 0.230844353125 0.711538178125 0.23772064375 0.6997046765625 0.2436151828125 0.6730777859375
1 0.19941016875 0.76035414375 0.2023574375 0.7707097171874999 0.2082519765625 0.7766274765625 0.22102079375 0.779585346875 0.23772064375 0.7736696046875 0.24066791406250002 0.7618340875 0.2396861609375 0.7440828265625 0.230844353125 0.7218937515625 0.22495182656249998 0.7189358796875001 0.2082519765625 0.7189358796875001 0.2013756859375 0.7248516234375 0.19941016875 0.76035414375
1 0.9597251390625001 0.6331354328125001 0.9675831828125 0.6449709515625 0.9734777203125 0.6449709515625 0.9813357640625 0.6360953203124999 0.9813357640625 0.62869761875 0.9783884953124999 0.624259803125 0.9646359140625 0.62130193125 0.9597251390625001 0.6331354328125001
1 0.8781934140625 0.5325436140625001 0.8762278984374999 0.525147928125 0.8703333593749999 0.5207101125 0.8654225859375 0.525147928125 0.862475315625 0.54437913125 0.8654225859375 0.5488169468749999 0.873280628125 0.550294875 0.8781934140625 0.5428991875 0.8781934140625 0.5325436140625001
1 0.9223964171875 0.5872773390625 0.9174856421875001 0.57396389375 0.9115911046875 0.57396389375 0.9076620828124999 0.57692378125 0.905696565625 0.5872773390625 0.9086438343750001 0.59911285625 0.916503890625 0.6050285984375 0.9214146640624999 0.600590784375 0.9223964171875 0.5872773390625
1 0.6070728171875001 0.5325436140625001 0.61296735625 0.547337003125 0.64047050625 0.5650882640625 0.6434177765625 0.5650882640625 0.6483305625 0.5576925765625 0.6532413359375 0.5399413171874999 0.6532413359375 0.5207101125 0.6463650453125 0.5073966671875 0.63752525 0.5014789078125 0.6267199375 0.50000098125 0.6080545703125 0.514792353125 0.6070728171875001 0.5325436140625001
1 0.5805494062500001 0.54437913125 0.5805494062500001 0.5266278718749999 0.5726913640625 0.5029588515625 0.5648333203125 0.50000098125 0.5442044484374999 0.5088766109375 0.5373281578125 0.514792353125 0.530451865625 0.5281057984374999 0.5294701140625 0.54141924375 0.538309909375 0.5710060218749999 0.5442044484374999 0.581361596875 0.5510807390625 0.5872773390625 0.559920534375 0.5872773390625 0.5667968250000001 0.5828395234375 0.573673115625 0.57396389375 0.5805494062500001 0.54437913125
1 0.3703336734375 0.6124263015625 0.38005865625 0.6065085421874999 0.38015723437500004 0.5902372265625 0.3742626953125 0.5710060218749999 0.369351921875 0.5665682078125001 0.3634573828125 0.569526078125 0.358546609375 0.57692378125 0.35756485625 0.600590784375 0.36247563125000004 0.60946843125 0.3703336734375 0.6124263015625
1 0.2612967859375 0.440827425 0.2504914734375 0.4260360515625 0.234773375 0.41272260625 0.22102079375 0.4112426625 0.2180755359375 0.41420053437500004 0.214144503125 0.4245561078125 0.214144503125 0.44378731250000003 0.22102079375 0.470414203125 0.22789708437499998 0.48668551875 0.2337916234375 0.49556115 0.2436151828125 0.50000098125 0.2544204953125 0.49852103750000004 0.2603150328125 0.494083221875 0.266207559375 0.47780988906250005 0.266207559375 0.45562081406250005 0.2612967859375 0.440827425
1 0.16215185781250002 0.5012430046875 0.1507470328125 0.514126984375 0.153605784375 0.5384613734375 0.187820259375 0.5241418078125 0.1821128171875 0.50983635625 0.16215185781250002 0.5012430046875
1 0.1697644640625 0.5556359796875 0.1707079921875 0.5355922171875 0.133644825 0.5370257875 0.1355399296875 0.54418556875 0.141247371875 0.5556359796875 0.1555008875 0.5642152171875 0.1697644640625 0.5556359796875
1 0.0707261609375 0.572485965625 0.0658153875 0.5606504484375 0.055010075000000005 0.5591725203125 0.04715203125 0.569526078125 0.04715203125 0.5872773390625 0.05206280625 0.59615296875 0.05992084843749999 0.59615296875 0.06974440937500001 0.5857994109375 0.0707261609375 0.572485965625
1 0.151276134375 0.44230736875 0.14734711250000002 0.43491168125 0.13850731562500002 0.43195179375 0.132612778125 0.437869553125 0.13163102499999998 0.4541428859375 0.1345782953125 0.46153857187499997 0.1424363375 0.46301851562499996 0.15029438125 0.4541428859375 0.151276134375 0.44230736875
2 0.23486189375 0.31605042031249997 0.2486647703125 0.2744970671875 0.24077655 0.22403783906250002 0.21318286875 0.17952661406249998 0.15997108124999998 0.14983700625000002 0.114637453125 0.146879134375 0.087043771875 0.1824844859375 0.0890173359375 0.24778145937499998 0.12252366249999999 0.319024421875 0.1777009671875 0.3529582828125 0.21318286875 0.3427660265625 0.23486189375 0.31605042031249997
2 0.257872675 0 0.2585164953125 0.0103412140625 0.29793747812500004 0.054866553124999995 0.35312282968750003 0.04298869375 0.38071651093750003 0.004407325 0.3821795140625 0 0.257872675 0
1 0.83093264375 0 0.8222013359375 0.011835271875000001 0.8222013359375 0.031064459375 0.8280938624999999 0.039940090625 0.827112109375 0.0473377921875 0.8300593796875001 0.0532535359375 0.8330066484374999 0.0724847390625 0.8447937124999999 0.09171594375 0.85265175625 0.09171594375 0.859528046875 0.085798184375 0.8654225859375 0.0724847390625 0.8654225859375 0.05917129375 0.8575645421875 0.020710903125 0.858287959375 0 0.83093264375 0
1 0.6208253984375001 0.1065093328125 0.6277016890625 0.11686490624999998 0.6335962281249999 0.119822778125 0.6640466484374999 0.1109471484375 0.6689594343749999 0.09319588749999999 0.6650304125 0.0798824421875 0.659135875 0.0710068125 0.6601176265625 0.041420034375 0.658154121875 0.032544403124999996 0.6502940671874999 0.025148717187500003 0.6394887546875 0.025148717187500003 0.6277016890625 0.0295865328125 0.61296735625 0.044377904687500004 0.6060910640625 0.0562134234375 0.6031437953125 0.06952686875 0.60216204375 0.088758071875 0.6070728171875001 0.10354944531250002 0.6208253984375001 0.1065093328125
1 0.6522595828125 0.2928995828125 0.666012165625 0.27810619375 0.6699411859375 0.25591711875 0.6601176265625 0.22633235625 0.6483305625 0.2130168953125 0.6335962281249999 0.2100590234375 0.6208253984375001 0.21745470937500003 0.6149308609374999 0.227810284375 0.61296735625 0.2411237296875 0.6139491078125 0.2707105078125 0.6188598828125 0.282544009375 0.6277016890625 0.2928995828125 0.6277016890625 0.2988173421875 0.6345779796875 0.30917089999999997 0.644401540625 0.3121307875 0.6502940671874999 0.306213028125 0.6522595828125 0.2928995828125
1 0.6669939171875 0.40088708906250003 0.6777992296875001 0.4023670328125 0.6866410375 0.39349140312499997 0.70039361875 0.39053353125 0.7043226406249999 0.38461577187499996 0.7053043921875 0.37426019843749997 0.6954808328125 0.3476333078125 0.69449908125 0.3254442328125 0.6886045421875 0.31065084375 0.671906703125 0.30917089999999997 0.6630648953125 0.3136087140625 0.6463650453125 0.33283991875 0.6385070015625 0.35946680937500003 0.6385070015625 0.3801779578125 0.6424360234375001 0.38905358749999996 0.658154121875 0.3920114578125 0.6669939171875 0.40088708906250003
4 0.8529107765624999 1 0.8507667109374999 0.7077818625 0.8016790890625 0.9554284781250001 0.709635771875 0.9840837375 0.7363001078125 1 0.8529107765624999 1
1 0.192955928125 1 0.2013756859375 0.9940824312500001 0.2190572890625 0.9955623750000001 0.2239680625 0.9926045046875 0.22495182656249998 0.9792890421875 0.22102079375 0.9570999671875 0.217091771875 0.945266465625 0.21021548124999997 0.9349108921875 0.1935176421875 0.9260352624999999 0.17583402812499999 0.9245553187500001 0.15815242499999999 0.9378707796875 0.15618891875000002 0.943786521875 0.157170671875 0.976331171875 0.1591361890625 0.9852068015625 0.16699423124999999 0.998520246875 0.169287075 1 0.192955928125 1
1 0.4194494609375 0.8609459625 0.41846770937500005 0.8757393515624999 0.4125731703125 0.8964505 0.4125731703125 0.9082840015625001 0.432220290625 0.9127218171875 0.45186539843749995 0.9319530203124999 0.46365447499999995 0.9289931328125001 0.467583496875 0.9082840015625001 0.467583496875 0.8890527968749999 0.46561797968749996 0.8831370546875 0.43320204375 0.8505924046875 0.42239673125 0.8550302203125 0.4194494609375 0.8609459625
1 1 0.8307700671875 0.99410659375 0.834319071875 0.9833012812499999 0.8476325171875001 0.9793722593749999 0.8594680359375 0.9803540125 0.8979284281250001 0.9901775718750001 0.9112418734375 0.9990173671875 0.9082840015625001 1 0.90735918125 1 0.8307700671875
1 0.9254658640625 1 0.919449146875 0.9689354859374999 0.916503890625 0.9615377828125 0.9066803296874999 0.9570999671875 0.8998040390625001 0.9689354859374999 0.8933572765625 1 0.9254658640625 1
4 0.9226921499999999 0.1722640015625 0.958890246875 0.18059120625 0.976070915625 0.08633048125000001 0.920845328125 0.05397939375000001 0.9226921499999999 0.1722640015625
1 0.8941901578125 0 0.8850697046875 0.036982218750000004 0.8860514578125 0.09023600000000001 0.8899804796874999 0.09319588749999999 0.8948912531250001 0.09319588749999999 0.9017675437499999 0.0843202578125 0.9135566203125001 0.0384621625 0.9162449109375 0 0.8941901578125 0
1 0.7043223953125 0 0.6954808328125 0.008875384375 0.6964645968750001 0.0502956640625 0.6866410375 0.0710068125 0.6866410375 0.0813603703125 0.69449908125 0.094673815625 0.7033388765625 0.1005915734375 0.7141462 0.1020715171875 0.721022490625 0.094673815625 0.72200424375 0.063609109375 0.728880534375 0.0162730875 0.72200424375 0.0029576249999999998 0.7043241078125 0 0.7043223953125 0
1 0.505893971875 0.088758071875 0.506875725 0.0724847390625 0.5039284562499999 0.06804692500000001 0.49214139062499995 0.066568996875 0.4852651 0.0724847390625 0.4833015953125 0.09319588749999999 0.48723061718749994 0.1020715171875 0.495088659375 0.1020715171875 0.505893971875 0.088758071875
1 0.41159141874999994 0.12278065 0.41846770937500005 0.12278065 0.424362246875 0.118342834375 0.43320204375 0.097633703125 0.43320204375 0.0784024984375 0.42829126874999995 0.066568996875 0.41159141874999994 0.066568996875 0.403733375 0.0798824421875 0.403733375 0.1109471484375 0.41159141874999994 0.12278065
1 0.2337916234375 0.1005915734375 0.2367388921875 0.1065093328125 0.24557868749999998 0.1079872609375 0.25147322656250004 0.10354944531250002 0.266207559375 0.0813603703125 0.26719132343749996 0.0739646828125 0.2504914734375 0.060651237499999996 0.23772064375 0.05917129375 0.23280987031249997 0.066568996875 0.2318281171875 0.0828403140625 0.2337916234375 0.1005915734375
1 0.132612778125 0.09615375937500001 0.13163102499999998 0.118342834375 0.1375235515625 0.12278065 0.15618891875000002 0.1257405375 0.17387052187500002 0.12278065 0.17583402812499999 0.1094672046875 0.174852275 0.09615375937500001 0.160117940625 0.085798184375 0.1522598984375 0.0739646828125 0.1483308765625 0.0710068125 0.143418090625 0.0724847390625 0.132612778125 0.09615375937500001
1 0.03634671875 0.0843202578125 0.04125749375 0.1065093328125 0.051081053125 0.118342834375 0.061886365624999995 0.12426059375000001 0.067780903125 0.12278065 0.067780903125 0.10502938906249999 0.0746551828125 0.09023600000000001 0.0736734296875 0.0769225546875 0.0569735796875 0.06213118125 0.040275740625 0.06213118125 0.03634671875 0.06952686875 0.03634671875 0.0843202578125
1 0.287820196875 0.2914196390625 0.2937127234375 0.2943795265625 0.3290759296875 0.2884617671875 0.3310414453125 0.282544009375 0.3290759296875 0.272188434375 0.3153233484375 0.24260367343749997 0.3055018 0.2366859140625 0.298625509375 0.2411237296875 0.287820196875 0.28106608125 0.287820196875 0.2914196390625
1 0.3673864046875 0.41272260625 0.3664046515625 0.4215982359375 0.36837016875 0.4260360515625 0.3840862546875 0.4245561078125 0.3988205890625 0.41420053437500004 0.404715128125 0.3979292171875 0.4027496109375 0.38165588437500003 0.39783883750000004 0.37426019843749997 0.386051771875 0.37426019843749997 0.3781917171875 0.394971346875 0.3673864046875 0.41272260625
1 0.407662396875 0.282544009375 0.407662396875 0.2899417109375 0.41846770937500005 0.3254442328125 0.42337848281249996 0.329882046875 0.432220290625 0.326922159375 0.440078334375 0.30917089999999997 0.440078334375 0.29733739843749996 0.4371310640625 0.2884617671875 0.4273075046875 0.27662624999999996 0.41650219218749995 0.275148321875 0.410609665625 0.27810619375 0.407662396875 0.282544009375
1 0.48919412187500005 0.405324903125 0.49115963906250004 0.38461577187499996 0.48723061718749994 0.37426019843749997 0.48723061718749994 0.35798888125 0.4833015953125 0.34615336406249997 0.478388809375 0.3431954921875 0.464636228125 0.3431954921875 0.459725453125 0.34615336406249997 0.44695462499999994 0.36538456875 0.443025603125 0.37426019843749997 0.4410600859375 0.39053353125 0.4449911203125 0.40976271875 0.4528491625 0.4215982359375 0.46070720625000006 0.4275139796875 0.47249427187500004 0.4275139796875 0.48231783124999994 0.42011829218749996 0.48919412187500005 0.405324903125
1 0.5176810374999999 0.23816585781250002 0.510804746875 0.23964580156249998 0.49607041250000006 0.25443717499999996 0.48624685312500004 0.275148321875 0.48624685312500004 0.30029526875 0.490175875 0.3121307875 0.495088659375 0.3165686015625 0.5098229937500001 0.3180465296875 0.5196465546875 0.306213028125 0.524557328125 0.2914196390625 0.5265228453125 0.2633128046875 0.521610059375 0.24260367343749997 0.5176810374999999 0.23816585781250002
1 0.5442044484374999 0.38905358749999996 0.5451862000000001 0.37426019843749997 0.5392936734375 0.363904625 0.530451865625 0.363904625 0.524557328125 0.3727802546875 0.523575575 0.39053353125 0.5294701140625 0.3994091609375 0.5392936734375 0.3979292171875 0.5442044484374999 0.38905358749999996
1 0.8008844328125001 0.411922146875 0.8341453203125001 0.36040034374999996 0.785677328125 0.1943643609375 0.77712119375 0.2115389671875 0.7923282984375 0.3088765234375 0.7989792687499999 0.36183391249999997 0.8008844328125001 0.411922146875
1 0.9047148140625 0.28106608125 0.9007857921875001 0.273668378125 0.8811386718750001 0.2633128046875 0.8693516078125001 0.2633128046875 0.8605118109375001 0.3210064171875 0.8614935640624999 0.3491132515625 0.8644408328125 0.35946680937500003 0.873280628125 0.35798888125 0.8821224359375 0.3491132515625 0.9017675437499999 0.337277734375 0.9066803296874999 0.3150886578125 0.9076620828124999 0.2958574546875 0.9047148140625 0.28106608125
1 0.6242636078125 0 0.6277016890625 0.0133132 0.6335962281249999 0.0236687734375 0.6424360234375001 0.020710903125 0.6470192390625 0 0.6242636078125 0
1 0 0.2924646859375 0.0098233078125 0.285503896875 0.014734082812499999 0.27810619375 0.014734082812499999 0.2692305640625 0.0078577921875 0.2588749890625 0 0.2529594359375 0 0.2924646859375
3 0.9489198265625 0.1819521890625 0.9567778703125001 0.1656808734375 0.95088333125 0.143491796875 0.944007040625 0.1346161671875 0.9282909546875 0.1331362234375 0.9253436859375 0.14053190937499999 0.9253436859375 0.1597631140625 0.933201728125 0.1804742625 0.9420435359375 0.1863900046875 0.9489198265625 0.1819521890625
3 0.8934769671874999 0.8638010046875 0.8749121890625 0.8094967453124999 0.8690860515625 0.8166867718749999 0.86006921875 0.8462271765624999 0.8574156703125 0.8773826140625 0.8611294296875001 0.8917606515625 0.8579467812500001 0.926093734375 0.8616605421875001 0.9372779953125001 0.8913565421874999 0.8829737359375001 0.8934769671874999 0.8638010046875
3 0.8515814859375 0.9268941937499999 0.8579467812500001 0.9133287140625 0.86006921875 0.8893633031249999 0.8531728093750001 0.874186821875 0.8515814859375 0.9268941937499999
3 0.853703921875 0.9572491718749999 0.852641696875 0.97562144375 0.8579467812500001 0.9788172359375 0.8637809671875001 0.9684314171875 0.864843190625 0.9540533796874999 0.8605983187499999 0.9356811078125 0.8568865703125 0.9244968468750001 0.8531728093750001 0.9388748828125 0.853703921875 0.9572491718749999
1 1 0.9515245625000001 0.998035615625 0.9526621531250001 0.9813357640625 0.9748512281249999 0.9803540125 0.998520246875 0.980989790625 1 1 1 1 0.9515245625000001
1 0.7161097046875 0.9142017609374999 0.7200387265625 0.8875748703124999 0.7180752218750001 0.8816571109375 0.6954808328125 0.8772192953125 0.6846755203125 0.8875748703124999 0.68369376875 0.8979284281250001 0.6856572734374999 0.9023662421875001 0.7062861453125 0.91715963125 0.712180684375 0.918639575 0.7161097046875 0.9142017609374999
1 0.707269909375 0.9142017609374999 0.6915518109375001 0.9038461859375 0.6817282515625 0.9097639453124999 0.6777992296875001 0.918639575 0.679764746875 0.9334309484375 0.6915518109375001 0.945266465625 0.70039361875 0.945266465625 0.7053043921875 0.9349108921875 0.707269909375 0.9142017609374999
1 0.5176810374999999 0.920117503125 0.5294701140625 0.9112418734375 0.538309909375 0.8964505 0.54223893125 0.8846149828125001 0.5432226953125 0.8713015375 0.541257178125 0.8579880921875 0.5314336187500001 0.84023683125 0.516699284375 0.8298812578125 0.5088412421874999 0.8284033296875 0.49312314375 0.8387568875 0.4803543265625 0.8579880921875 0.4764253046875 0.8801771671875 0.4803543265625 0.8875748703124999 0.495088659375 0.8772192953125 0.5088412421874999 0.8801771671875 0.5127702625 0.8875748703124999 0.5127702625 0.89497055625 0.5078594890625 0.9142017609374999 0.5176810374999999 0.920117503125
1 0.3850680078125 0.977811115625 0.4017678578125 0.9570999671875 0.4056968796875 0.9497042812500001 0.4056968796875 0.9408286515625001 0.393909815625 0.91715963125 0.3811389859375 0.9156796875 0.372299190625 0.921597446875 0.3605101140625 0.9393487078125 0.3546175875 0.9423085953125 0.343812275 0.9570999671875 0.3418467578125 0.9630177265625001 0.3418467578125 0.9792890421875 0.3467575328125 0.9970423187499999 0.3526520703125 0.998520246875 0.3644391359375 0.9940824312500001 0.3850680078125 0.977811115625
1 0.2937127234375 0.976331171875 0.2946964875 0.9852068015625 0.30451803593750004 0.9955623750000001 0.3143415953125 0.9940824312500001 0.3153233484375 0.976331171875 0.3074653046875 0.9644976703125 0.2976417453125 0.965975596875 0.2937127234375 0.976331171875
1 0.27013658125 0.8846149828125001 0.2779966359375 0.8979284281250001 0.3005890140625 0.9068040578125001 0.3064835515625 0.9023662421875001 0.30844705625 0.89497055625 0.3074653046875 0.86242590625 0.2946964875 0.8461545906250001 0.2838891625 0.8417167750000001 0.2779966359375 0.8461545906250001 0.27013658125 0.8668637218749999 0.27013658125 0.8846149828125001
1 0.1414545859375 0.9038461859375 0.143418090625 0.8979284281250001 0.1424363375 0.8890527968749999 0.13948906875 0.8846149828125001 0.12966550937500002 0.8846149828125001 0.12770200468749998 0.8920126843749999 0.12868375625 0.9038461859375 0.13163102499999998 0.9068040578125001 0.1414545859375 0.9038461859375
1 0.0707261609375 0.788460978125 0.0707261609375 0.7988165515625 0.0746551828125 0.80769218125 0.086444259375 0.8062122374999999 0.0884077640625 0.789940921875 0.08546250625 0.7840231625 0.075638946875 0.7825452359375 0.0707261609375 0.788460978125
1 1 0.6921230921875 0.9970538624999999 0.6937869171875 0.987230303125 0.713018121875 0.9882120546875001 0.7278115109375001 1 0.7455634890625 1 0.6921230921875
1 0.9646359140625 0.7736696046875 0.9597251390625001 0.7825452359375 0.9587433875 0.8017744234374999 0.9538306015625 0.813609940625 0.9548123531250001 0.8239634984374999 0.9656196781249999 0.8254434421875001 0.9783884953124999 0.81508786875 0.987230303125 0.7988165515625 0.9882120546875001 0.78550310625 0.98624855 0.779585346875 0.9793722593749999 0.7721896609375001 0.9646359140625 0.7736696046875
1 0.8654225859375 0.7218937515625 0.8614935640624999 0.73076938125 0.859528046875 0.7647919578125 0.8664043375 0.7692297734375 0.87426238125 0.7544384015625 0.87426238125 0.7396450125 0.8703333593749999 0.7278115109375001 0.8654225859375 0.7218937515625
1 0.8664043375 0.710058234375 0.8683698546875 0.6997046765625 0.867386090625 0.6908290453125 0.8585462953125 0.68639123125 0.8565807781249999 0.6967447890625 0.85805541875 0.7211537796874999 0.8664043375 0.710058234375