3 1 0.226351621875 0.987633215625 0.226351621875 0.9805646640625 0.23986469531250001 0.9787985859375 0.260135371875 0.9858650171875001 0.2770261828125 0.9946996468749999 0.2770261828125 1 0.26942391875 1 0.226351621875
1 0.335689753125 0.472973209375 0.3074197875 0.4763509453125 0.29681908125 0.493243884375 0.29681908125 0.5033792234375001 0.3215547703125 0.5574315203125 0.32862120156249996 0.560811384375 0.356891165625 0.5101346953125 0.35335689062500003 0.4898640203125 0.335689753125 0.472973209375
1 0.233214840625 0.4560802703125 0.22084805625 0.43243185781250004 0.204946996875 0.4222965203125 0.187279859375 0.4222965203125 0.164310246875 0.44932479687500004 0.15900989375000002 0.462837871875 0.15900989375000002 0.486486284375 0.1696106 0.493243884375 0.187279859375 0.47972868281250003 0.20141272031250002 0.47972868281250003 0.22261413437500002 0.4898640203125 0.2314487625 0.4763509453125 0.233214840625 0.4560802703125
5 0.22501837500000002 0.05486391875 0.21266855156250003 0.0518586484375 0.2107773859375 0.053682668749999995 0.22501837500000002 0.059120675 0.22501837500000002 0.05486391875
1 0.19964664375000002 0.756756284375 0.1802113078125 0.7533785468749999 0.1678445234375 0.777026959375 0.1678445234375 0.8006753718749999 0.1731448765625 0.8074329734375001 0.1943462890625 0.8074329734375001 0.2067130734375 0.797297634375 0.2067130734375 0.7702693578125 0.19964664375000002 0.756756284375
1 0.2349830390625 0.7500008109375 0.22261413437500002 0.7500008109375 0.21378162500000003 0.7601361484375 0.215547703125 0.790540034375 0.226148409375 0.8141884453125 0.2349830390625 0.8175683109375 0.24911590156250002 0.8074329734375001 0.2526501765625 0.7736492234375001 0.2349830390625 0.7500008109375
1 0.3975257953125 0.1756749328125 0.3975257953125 0.158784121875 0.36925795 0.10472969531250001 0.36219151875 0.101351959375 0.34099010625 0.111487296875 0.32862120156249996 0.145271046875 0.3392219078125 0.179054796875 0.36219151875 0.2060809453125 0.37632438125 0.2060809453125 0.3975257953125 0.1756749328125
1 0.266785159375 0.168919459375 0.2455837453125 0.168919459375 0.24204947031250001 0.179054796875 0.2455837453125 0.19594560781249998 0.2544162546875 0.202703209375 0.2650169609375 0.202703209375 0.2720855125 0.192567871875 0.2720855125 0.179054796875 0.266785159375 0.168919459375
1 0.4310961125 0.36486435781250004 0.4310961125 0.385135034375 0.43816254375 0.395270371875 0.4646643109375 0.385135034375 0.4628982328125 0.36486435781250004 0.4522975265625 0.347973546875 0.43816254375 0.347973546875 0.4310961125 0.36486435781250004
1 0.5547703187499999 0.32094527031250003 0.5618367484375 0.361486621875 0.5724374562500001 0.391892634375 0.6113081265625 0.3749996953125 0.6095399296874999 0.351351284375 0.5954070671875 0.327702871875 0.57597173125 0.314189796875 0.5547703187499999 0.32094527031250003
1 0.63780989375 0.5641891218749999 0.63427561875 0.5709467234375001 0.636041696875 0.594595134375 0.65194275625 0.5979728718749999 0.657243109375 0.5844597968749999 0.65547703125 0.5675668578125 0.646642403125 0.560811384375 0.63780989375 0.5641891218749999
1 0.6872791515625 0.4087834453125 0.6749123671875 0.4087834453125 0.6643116609375 0.4222965203125 0.6643116609375 0.4358117234375 0.6731441703125001 0.44594493281250003 0.6855130734375 0.44932479687500004 0.6943455828125 0.4358117234375 0.6943455828125 0.4222965203125 0.6872791515625 0.4087834453125
1 0.5962890453125 0.3030413515625 0.6095399296874999 0.31080993281249997 0.63427561875 0.28716152031250003 0.636041696875 0.26351310781250004 0.6095399296874999 0.250000034375 0.5971731453125 0.2770261828125 0.5962890453125 0.3030413515625
1 0.5971731453125 0.145271046875 0.6007074203125 0.1621618578125 0.6183745578125001 0.1621618578125 0.621908834375 0.155406384375 0.621908834375 0.145271046875 0.6130742046875 0.1317558453125 0.6042395765624999 0.1317558453125 0.5971731453125 0.145271046875
1 0.7402826859375 0.293919121875 0.7349823328125 0.26689084531249996 0.6996459359375 0.23986469531250001 0.6872791515625 0.24324243281250002 0.6713780921875 0.2736484453125 0.6713780921875 0.28716152031250003 0.6784445234375001 0.30067672343749996 0.701414134375 0.314189796875 0.73144805625 0.31080993281249997 0.7402826859375 0.293919121875
1 0.7964278375 1 0.7932862187499999 0.9729739859375 0.784451590625 0.959458784375 0.7632501765625 0.9662163843749999 0.7544176671875 0.9797294593749999 0.7508833921875 0.9966223984375 0.75123655 1 0.7964278375 1
1 0.8869265015625001 1 0.8869265015625001 0.989864796875 0.8763257953125001 0.959458784375 0.8586565374999999 0.9628386484375 0.8480558296874999 0.9831071953125001 0.8480558296874999 1 0.8869265015625001 1
1 0.9275611312500001 0.135135709375 0.9187286218749999 0.1182427703125 0.908127915625 0.1182427703125 0.8992932859374999 0.1418911828125 0.8992932859374999 0.1621618578125 0.9063597171875 0.179054796875 0.9187286218749999 0.179054796875 0.9275611312500001 0.1621618578125 0.9275611312500001 0.135135709375
1 0.9505307421875001 0.38851277031250003 0.9328614843749999 0.38851277031250003 0.922260778125 0.4087834453125 0.924028975 0.43243185781250004 0.93462968125 0.44932479687500004 0.94876254375 0.44932479687500004 0.9593632515625 0.43243185781250004 0.9593632515625 0.405405709375 0.9505307421875001 0.38851277031250003
2 0.5737646875 0 0.5212021203125 0.057432871875 0.5159017671874999 0.0945943578125 0.5265024734375 0.0979720953125 0.6042395765624999 0.0405399328125 0.6499908624999999 0 0.5737646875 0
2 0 0.152510325 0.02120070625 0.155406384375 0.0459363953125 0.1756749328125 0.0636035328125 0.21283854687499998 0.06537173125 0.2736484453125 0.0759724375 0.2736484453125 0.088339221875 0.256757634375 0.11130671406249999 0.189190134375 0.11130671406249999 0.145271046875 0.10247420468749999 0.114865034375 0.0759724375 0.08783888437500001 0.049470671875 0.0743236828125 0.015900353125 0.077703546875 0 0.092011546875 0 0.152510325
2 0 0.5953184046875 0.06537173125 0.5506760468749999 0.07950459374999999 0.5304053718749999 0.088339221875 0.47972868281250003 0.06537173125 0.452702534375 0.035335689062499995 0.44594493281250003 0 0.45945986562499996 0 0.5953184046875
2 0.308794228125 1 0.3074197875 0.993242534375 0.28621837499999997 0.9560810468750001 0.2597166078125 0.9391902359375001 0.226148409375 0.9425679734375001 0.20318091875 0.9662163843749999 0.186690178125 1 0.308794228125 1
2 0.49646643125 0.8952711484375 0.49293215625000003 0.8141884453125 0.485865725 0.787162296875 0.46819858593749997 0.7533785468749999 0.4416968203125 0.7331078718749999 0.4098947 0.7331078718749999 0.3869250890625 0.7500008109375 0.363957596875 0.790540034375 0.35865724375 0.810810709375 0.35512296875 0.878378209375 0.363957596875 0.925675034375 0.3851590109375 0.969594121875 0.4098947 0.989864796875 0.43816254375 0.993242534375 0.4575978796875 0.9831071953125001 0.4805653703125 0.9527033109374999 0.49646643125 0.8952711484375
2 1 0.8581068921874999 0.998233921875 0.854729796875 0.9734982328124999 0.8445944593749999 0.9169604234375001 0.8513520609375 0.8904586578125 0.8750004734375001 0.874557596875 0.9121619593749999 0.8763257953125001 0.9560810468750001 0.891091225 1 0.9762463109375 1 0.99293356875 0.9831071953125001 1 0.969595709375 1 0.8581068921874999
2 0.849824028125 0.7364856078125 0.849824028125 0.6385142234375001 0.846289753125 0.6013506078125 0.8356890453125001 0.5506760468749999 0.8180219078125001 0.5033792234375001 0.7932862187499999 0.47972868281250003 0.7632501765625 0.47972868281250003 0.71731519375 0.5135145609375 0.6996459359375 0.5439184453125 0.6890452296875 0.5844597968749999 0.6837448765625 0.662162634375 0.690813428125 0.709459459375 0.7031802125 0.7331078718749999 0.736748409375 0.7668916218749999 0.791520140625 0.790540034375 0.8250883390625001 0.787162296875 0.846289753125 0.763513884375 0.849824028125 0.7364856078125
1 0.2455837453125 0.8851358109374999 0.2544162546875 0.9087842234375 0.277385865625 0.922297296875 0.295053003125 0.8986488843749999 0.302119434375 0.864865134375 0.302119434375 0.8445944593749999 0.295053003125 0.8209460468750001 0.27031731406250004 0.810810709375 0.26148480625000003 0.8175683109375 0.2473498234375 0.8445944593749999 0.2455837453125 0.8851358109374999
1 0.2685512375 0.12162263437500001 0.277385865625 0.12162263437500001 0.2932869265625 0.08783888437500001 0.284452296875 0.0743236828125 0.266785159375 0.077703546875 0.26325088281250003 0.0945943578125 0.2685512375 0.12162263437500001
1 0.12367561875 0.9729739859375 0.128975971875 0.9864870609375 0.1607780921875 0.9864870609375 0.1678445234375 0.9662163843749999 0.16254417031249999 0.9358103718749999 0.14134275624999998 0.9290548984375 0.125441696875 0.9527033109374999 0.12367561875 0.9729739859375
1 0.19081201406249998 0.6722979734375001 0.1802113078125 0.675675709375 0.1696106 0.6925665203125 0.17137879843749998 0.7060817234375001 0.1855116609375 0.722972534375 0.197880565625 0.7195947968749999 0.20318091875 0.709459459375 0.20141272031250002 0.6858110468749999 0.19081201406249998 0.6722979734375001
1 0.157243815625 0.2770261828125 0.13780848125 0.2736484453125 0.1166070671875 0.290541384375 0.1148409890625 0.31080993281249997 0.136042403125 0.3412159453125 0.1484091875 0.34459368281249997 0.1554777390625 0.337838209375 0.16254417031249999 0.304054459375 0.157243815625 0.2770261828125
1 0.12014134218750001 0.057432871875 0.118375265625 0.016891520312499998 0.0918734984375 0.013513784374999999 0.088339221875 0.02026925625 0.0901053 0.0405399328125 0.11130671406249999 0.06418834531249999 0.12014134218750001 0.057432871875
1 0.0318014140625 0.405405709375 0.0406360421875 0.41554104687500004 0.054771024999999994 0.41554104687500004 0.06183745625 0.391892634375 0.0583031796875 0.3749996953125 0.0459363953125 0.371621959375 0.0335696109375 0.381757296875 0.0318014140625 0.405405709375
1 0.056537103125 0.6013506078125 0.074204240625 0.6249990203125 0.0901053 0.6587827703125 0.10070600781250001 0.7027018578125 0.1166070671875 0.6993241218749999 0.12014134218750001 0.6925665203125 0.1166070671875 0.6114859453125 0.11130671406249999 0.594595134375 0.077738515625 0.5709467234375001 0.06183745625 0.5709467234375001 0.056537103125 0.5810820609375 0.056537103125 0.6013506078125
1 0.1077745578125 0.8141884453125 0.1130749109375 0.797297634375 0.1130749109375 0.7736492234375001 0.10247420468749999 0.763513884375 0.084804946875 0.7668916218749999 0.074204240625 0.787162296875 0.08303886875 0.824323784375 0.095405653125 0.8277036484375 0.1077745578125 0.8141884453125
1 0.049470671875 0.902026621875 0.054771024999999994 0.891891284375 0.05300282656250001 0.858107534375 0.049470671875 0.8513520609375 0.0371017671875 0.854729796875 0.0247349828125 0.8750004734375001 0.0229689046875 0.8885135468750001 0.0388699640625 0.9054043578125001 0.049470671875 0.902026621875
1 0.206891165625 0.055742939062499997 0.21219151875 0.050000575000000005 0.215547703125 0.043919796875 0.20318091875 0.016891520312499998 0.1837455828125 0.0033784453125 0.1660784453125 0.0067561828125 0.157243815625 0.02026925625 0.15900989375000002 0.0371621953125 0.19081201406249998 0.057432871875 0.206891165625 0.055742939062499997
1 0.153709540625 0.08108128437499999 0.13074205 0.08108128437499999 0.12367561875 0.0945943578125 0.12367561875 0.12162263437500001 0.128975971875 0.1283781078125 0.157243815625 0.1283781078125 0.16254417031249999 0.12162263437500001 0.16254417031249999 0.091216621875 0.153709540625 0.08108128437499999
1 0.157243815625 0.520270034375 0.143108834375 0.5168922968749999 0.1325081265625 0.527027634375 0.1325081265625 0.5506760468749999 0.13780848125 0.5641891218749999 0.1484091875 0.5675668578125 0.1607780921875 0.554053784375 0.16254417031249999 0.5371629734375001 0.157243815625 0.520270034375
1 0.0247349828125 0 0.0247349828125 0.0067561828125 0.0300353359375 0.023649121875 0.0424021203125 0.0270268578125 0.05544901249999999 0 0.0247349828125 0
1 0.0577145890625 1 0.077738515625 0.9729739859375 0.0759724375 0.9628386484375 0.049470671875 0.9391902359375001 0.017668551562500003 0.9527033109374999 0.017668551562500003 0.9662163843749999 0.039121459375 1 0.0577145890625 1
5 0.226290459375 0.045203209375 0.21330459375 0.0439857765625 0.21236749062500002 0.050641215625 0.22565441718749998 0.0518586484375 0.226290459375 0.045203209375
2 0.570671378125 0.7027018578125 0.563604946875 0.7195947968749999 0.559186571875 0.7739855062500001 0.563604946875 0.777026959375 0.639575971875 0.7601361484375 0.6556530031250001 0.7554047640625 0.65194275625 0.7263523984375 0.643110246875 0.7027018578125 0.6272091875 0.6824333109375 0.5971731453125 0.6790534453125 0.570671378125 0.7027018578125
4 0.20347985937500002 0.23689135156250002 0.2556353359375 0.3879721625 0.355195053125 0.49223077656249997 0.460301059375 0.49223077656249997 0.206643109375 0.0616215203125 0.20347985937500002 0.23689135156250002
3 1 0.342905878125 0.998233921875 0.327702871875 0.977032509375 0.327702871875 0.9752643109375001 0.3412159453125 0.9787985859375 0.358108884375 0.98939929375 0.36486435781250004 1 0.359073621875 1 0.342905878125
3 0.91342826875 0.695946384375 0.922260778125 0.695946384375 0.9469964671875 0.6587827703125 0.9399300359374999 0.6249990203125 0.924028975 0.6249990203125 0.9028275625 0.6385142234375001 0.91342826875 0.695946384375
1 0.853356184375 0.023649121875 0.8409894 0.0270268578125 0.8339229687499999 0.043919796875 0.8374551234375 0.0743236828125 0.8480558296874999 0.077703546875 0.856890459375 0.060810607812499994 0.8586565374999999 0.033784459375 0.853356184375 0.023649121875
3 0.7526494703125 0.9493234453125 0.7508833921875 0.902026621875 0.7385166078125 0.8682428718749999 0.715546996875 0.8445944593749999 0.7049462890625 0.8479721953125001 0.7031802125 0.9358103718749999 0.7526494703125 0.9493234453125
1 0.6819787984375 0.135135709375 0.6819787984375 0.1520265203125 0.701414134375 0.1621618578125 0.701414134375 0.1283781078125 0.6872791515625 0.125000371875 0.6819787984375 0.135135709375
1 0.5901067140625 0.574324459375 0.5865724375 0.587837534375 0.5901067140625 0.6148658109375 0.6113081265625 0.6148658109375 0.6183745578125001 0.5979728718749999 0.6148402828124999 0.5810820609375 0.6042395765624999 0.5675668578125 0.5901067140625 0.574324459375
1 0.6731441703125001 0.8175683109375 0.6625434625 0.797297634375 0.6537109546875 0.8006753718749999 0.644876325 0.824323784375 0.644876325 0.8445944593749999 0.650176678125 0.858107534375 0.6678438156250001 0.858107534375 0.6731441703125001 0.8479721953125001 0.6731441703125001 0.8175683109375
1 0.6254409890625 0.8074329734375001 0.6095399296874999 0.8006753718749999 0.5971731453125 0.8141884453125 0.59363886875 0.8412167234375 0.6007074203125 0.858107534375 0.6201406359375 0.8682428718749999 0.63427561875 0.8614873984375 0.63427561875 0.8277036484375 0.6254409890625 0.8074329734375001
1 0.6572430796875001 1 0.65194275625 0.9763517234375 0.6289752656250001 0.969594121875 0.621908834375 0.9797294593749999 0.619017640625 1 0.6572430796875001 1
1 0.512367490625 0.8141884453125 0.5035328625 0.8277036484375 0.50000070625 0.891891284375 0.505301059375 0.902026621875 0.5284445234375 0.8496621281250001 0.5494699640625 0.8040531078125 0.5441696109375 0.7939198984375 0.512367490625 0.8141884453125
1 0.5618367484375 0.5236477703125 0.55830459375 0.5135145609375 0.5424035328125 0.5135145609375 0.5371031796875 0.5236477703125 0.5424035328125 0.641891959375 0.5459356890625 0.6520272968749999 0.5618367484375 0.6520272968749999 0.567137103125 0.6385142234375001 0.5618367484375 0.5236477703125
1 0.5441696109375 0.304054459375 0.5441696109375 0.290541384375 0.5371031796875 0.2736484453125 0.5265024734375 0.270270709375 0.5212021203125 0.2770261828125 0.5282685515625001 0.304054459375 0.5441696109375 0.304054459375
1 0.5229681984375001 0.19594560781249998 0.51766784375 0.21283854687499998 0.5194339218749999 0.23310709531249998 0.5371031796875 0.236486959375 0.5406353359375 0.2297293578125 0.5371031796875 0.202703209375 0.5300346296875 0.192567871875 0.5229681984375001 0.19594560781249998
1 0.5159017671874999 0.1621618578125 0.5335689046875001 0.1621618578125 0.5371031796875 0.1520265203125 0.5353349828125 0.1385134453125 0.5265024734375 0.135135709375 0.51766784375 0.1418911828125 0.5159017671874999 0.1621618578125
1 0.40888430937500003 0 0.4081265015625 0.010136046875 0.4593639578125 0.05405300625 0.4717307421875 0.05405300625 0.47349894062500003 0.013513784374999999 0.4699646640625 0.0033784453125 0.465105840625 0 0.40888430937500003 0
1 0.4664303890625 0.2060809453125 0.46819858593749997 0.182432534375 0.450529328125 0.179054796875 0.42932791562499995 0.216216284375 0.42402756249999995 0.23310709531249998 0.42402756249999995 0.250000034375 0.43286219062500003 0.270270709375 0.443462896875 0.270270709375 0.4664303890625 0.2060809453125
1 0.4363964671875 0.5641891218749999 0.43816254375 0.621621284375 0.4876318015625 0.628378884375 0.49293215625000003 0.6182435468749999 0.49293215625000003 0.5574315203125 0.484099646875 0.5506760468749999 0.4469971734375 0.5506760468749999 0.4363964671875 0.5641891218749999
1 0.27915194374999996 0.37837743281249997 0.28268621875 0.4020279734375 0.2932869265625 0.418918784375 0.302119434375 0.418918784375 0.31095406406250004 0.391892634375 0.295053003125 0.371621959375 0.284452296875 0.36824422343749996 0.27915194374999996 0.37837743281249997
1 0.411660778125 0.486486284375 0.4134268546875 0.4695954734375 0.4098947 0.462837871875 0.39575971718749997 0.462837871875 0.38869328593749997 0.48310854687499993 0.3975257953125 0.493243884375 0.411660778125 0.486486284375