4 1 0.6217347609375 0.5210033984375 0.44961621249999995 0.557650809375 0.875159353125 1 0.651175971875 1 0.6217347609375
4 0.6230799234375 0.6829790453125 0.6754298249999999 0.6398362328125 0.59428995625 0.551592384375 0.526235496875 0.6555267796875001 0.5314758578125 0.6633679265625 0.5550275296875 0.6712132000000001 0.6230799234375 0.6829790453125
4 0.7272674640625 0.6689867265625 0.72835395625 0.7000459203125 0.7305393328124999 0.733556503125 0.740354940625 0.7548101375 0.7588996609375 0.7629835 0.7839963828125 0.7719760578125 0.8778147437499999 0.6583619734374999 0.8669064484375 0.6583619734374999 0.8461742843750001 0.6706189234375 0.8123567109375 0.6771600906249999 0.76980795625 0.663264753125 0.7327185140625 0.6697997296875 0.7621715296875 0.6616284296875 0.7272674640625 0.6689867265625
0 0.1427596609375 0.301944728125 0.1366125140625 0.3055268953125 0.130465365625 0.3188341453125 0.130465365625 0.32753369062500004 0.13729415312499998 0.3372567125 0.158470415625 0.3464679953125 0.1666666125 0.348003209375 0.17691185781250002 0.34442104375000004 0.197404415625 0.33367454687500003 0.1994534640625 0.3295806421875 0.1994534640625 0.3244632625 0.195355365625 0.3157616546875 0.1803283171875 0.301432990625 0.1659829078125 0.29836256250000004 0.1509558578125 0.2993860390625 0.1427596609375 0.301944728125
0 0.2090170703125 0.07523036250000001 0.1919389078125 0.07523036250000001 0.1803283171875 0.0772773140625 0.17281375937500001 0.08188295625 0.16803195625 0.0900707640625 0.1666666125 0.098772371875 0.16803195625 0.1064484421875 0.1707647109375 0.111565821875 0.1796446125 0.11821841562499999 0.1946716609375 0.12487307343750001 0.20150251406250003 0.1264082859375 0.2090170703125 0.1258965484375 0.2322403171875 0.11258929843750001 0.237705825 0.1064484421875 0.237705825 0.1033780140625 0.23087497343750002 0.0900707640625 0.2240441203125 0.08239469375 0.2144805140625 0.0762538375 0.2090170703125 0.07523036250000001
5 0.007514153125000001 0.9518932234375 0.00409769375 0.955475390625 0.00409769375 0.9585458171875001 0.007514153125000001 0.962639721875 0.0150266453125 0.9636652609375 0.01912474375 0.96008103125 0.0198084484375 0.955475390625 0.0150266453125 0.9518932234375 0.007514153125000001 0.9518932234375
5 0.1721321203125 0.9145342890625001 0.1707647109375 0.9083934328125001 0.1659829078125 0.9058347437500001 0.1591520546875 0.9058347437500001 0.1509558578125 0.903276053125 0.1475414640625 0.9068582187500001 0.148906809375 0.9150460265625 0.1509558578125 0.9181164546874999 0.15573766093750002 0.9191399296875 0.16803195625 0.9186281921875 0.1721321203125 0.9145342890625001
5 0.4023217265625 0.974923496875 0.4023217265625 0.97134133125 0.39685828437500004 0.9641769984374999 0.3907111359375 0.962639721875 0.3845619234375 0.9636652609375 0.38251287500000003 0.9657122125000001 0.381831234375 0.9723648062500001 0.38866208750000003 0.9769704484374999 0.394809234375 0.9790174 0.400272678125 0.9785056624999999 0.4023217265625 0.974923496875
4 1 0.235180684375 0.6403006125 0.1268787546875 0.6970006125 0.45500596875 1 0.2856625421875 1 0.235180684375
2 0.5364127234375 0 0.5286893984375001 0.01074725 0.5225401859375001 0.0255876515625 0.5211748421875 0.046059234375 0.523223890625 0.056805731250000005 0.5314200875 0.07523036250000001 0.538250940625 0.0834181703125 0.5601088421875 0.1003075859375 0.570356153125 0.10593670468750001 0.5956284484375 0.11361277343750001 0.6120208421875 0.11565972499999999 0.6229497921875 0.11565972499999999 0.64002795625 0.11361277343750001 0.6475404484375 0.1105423453125 0.65300595625 0.1100306078125 0.6618858578125 0.10593670468750001 0.6892072015624999 0.098260634375 0.713114153125 0.0992841109375 0.7185796609375 0.097748896875 0.7301902515625 0.1003075859375 0.7513665140625 0.10081932499999999 0.7684426125 0.0997958484375 0.7903005140625 0.09416673125 0.8094256609375 0.084953384375 0.82786916875 0.0706247203125 0.8360653656249999 0.056805731250000005 0.8408471687500001 0.036847951562499995 0.839481825 0.018423320312499998 0.8333326124999999 0.0040946578125 0.8296309046875001 0 0.5364127234375 0
2 1 0.3855956265625 0.9863379234374999 0.367451315625 0.977458021875 0.3613104609375 0.9685801859375 0.3577282953125 0.961065628125 0.35619308125 0.935109628125 0.35516960468750003 0.911202678125 0.360286984375 0.8941265796875 0.3679630546875 0.8811465140625 0.37717433749999996 0.874999365625 0.3838289953125 0.8661194640625001 0.398669396875 0.8640704156250001 0.406345465625 0.8633887765624999 0.4232348828125 0.8654378250000001 0.43500485624999996 0.8688522187500001 0.4431926625 0.8743177265625001 0.4498473203125 0.8907101203125001 0.4636642453125 0.9118843171875 0.471852053125 0.92691343125 0.4733872671875 0.9323768749999999 0.47594595625 0.9405730703125 0.47492248125 0.9480876281249999 0.47543421874999997 0.9754089734375 0.484647565625 0.9849725796875 0.4887414703125 0.998634284375 0.4994879671875 1 0.50018110625 1 0.3855956265625
2 0.7739081203125 0.660695746875 0.7882514640625 0.667860078125 0.7978150703125 0.668371815625 0.80396221875 0.6709305062500001 0.8142074640624999 0.6719539812499999 0.828552875 0.6709305062500001 0.8422125140625001 0.6663248640625 0.851092415625 0.6586487937500001 0.8613397265625 0.6535314140625 0.8681685140625 0.647390559375 0.8756830703125 0.64534360625 0.8852466781249999 0.635618521875 0.8934428750000001 0.621289859375 0.8941265796875 0.6049121796875 0.8927591687499999 0.5992830625 0.8845629734375 0.5844426609375 0.8695359234375 0.5747175765625 0.84289621875 0.5634593406249999 0.8312835625 0.5609006515625 0.8203546125000001 0.556295009375 0.8128421203125 0.5547597953125 0.8046438578125 0.5547597953125 0.7984967109375 0.5522011046874999 0.7903005140625 0.5511776296875001 0.7821043171875 0.55373631875 0.7643445140625 0.5496424156249999 0.75682995625 0.5450367734375 0.7540992671875 0.5399173312500001 0.7499991031250001 0.5383821171875 0.747268415625 0.5347999515625 0.7418029078124999 0.5332647374999999 0.7274595625 0.5261004046875 0.7185796609375 0.5184243359375 0.7090160546875001 0.51330695625 0.6974033984375 0.510746203125 0.672131103125 0.5102344640625 0.6605184484375 0.5122834796875 0.6318296937500001 0.5214947640625 0.6236334968749999 0.52661214375 0.6215844484375 0.530194309375 0.6154373 0.5347999515625 0.6113392015625 0.54145254375 0.6086064484375 0.5542480578125 0.6099717921875001 0.562435865625 0.609290153125 0.572670625 0.6154373 0.5916069921875 0.633197103125 0.6074708703125 0.649589496875 0.6166842171875 0.6618858578125 0.621289859375 0.6734964484375 0.6238485484375 0.7035526125 0.6258955 0.7090160546875001 0.628965928125 0.724043103125 0.6330598328125 0.7363394640625 0.6381772125 0.7465847109375 0.6458553453125 0.7636608093749999 0.6535314140625 0.7739081203125 0.660695746875
2 0 0.4118425109375 0.0068304484375 0.412998059375 0.021857496875 0.40941589375 0.0307373984375 0.40122808593750003 0.036884546875 0.392016803125 0.040982645312499996 0.3822917171875 0.0519115953125 0.3679630546875 0.057377103124999995 0.3577282953125 0.06694071093750001 0.34697973437499996 0.0826493984375 0.31780860624999996 0.09152930000000001 0.3060386328125 0.0942620546875 0.2993860390625 0.09494575937500001 0.2927334453125 0.09357835 0.2840318359375 0.085382153125 0.26919143437500004 0.08060035 0.254351034375 0.059426153125000006 0.21033744062499998 0.0491809078125 0.1827015265625 0.045082809375 0.176560671875 0.036884546875 0.169908078125 0.02527395625 0.16786112656250002 0.0068304484375 0.16837286406250002 0.00409769375 0.1693963390625 0 0.1740021078125 0 0.4118425109375
2 0.12909795625 0.4815771375 0.12363451406249999 0.484647565625 0.122267103125 0.48771799375 0.1127055625 0.491300159375 0.11065651406250002 0.49590580156249997 0.10792375937500001 0.49590580156249997 0.1010929078125 0.4989762296875 0.0976785140625 0.5025583953125 0.0942620546875 0.5030701328125 0.09084766093749999 0.5056288234374999 0.08469844843749999 0.5184243359375 0.07240415312500001 0.5261004046875 0.06762235 0.5342882125 0.06694071093750001 0.556295009375 0.0696713984375 0.5849543984375 0.0717204484375 0.674514734375 0.0744532015625 0.6954959921875 0.0730878578125 0.706244553125 0.0744532015625 0.7180145265625 0.0765022515625 0.7226201671875 0.08606585781250001 0.7287610234375 0.1147546125 0.7384861078125 0.122267103125 0.740021321875 0.12978166093750002 0.738997846875 0.13729415312499998 0.73643709375 0.14549241562499998 0.7292727609375 0.148906809375 0.72364364375 0.1591520546875 0.7144323609375001 0.1782792671875 0.6919138265625 0.1905735625 0.681167328125 0.2090170703125 0.6571135796875 0.22814221875000001 0.6381772125 0.2431692671875 0.61821943125 0.25341451406250004 0.6079826078125 0.268443628125 0.5844426609375 0.2739070703125 0.5655062921875 0.27527241562500004 0.5532245812500001 0.278688875 0.5419642828125 0.284836021875 0.5076757749999999 0.2889341203125 0.4943705875 0.291666875 0.47543421874999997 0.29644867812500003 0.46008207968750003 0.299179365625 0.432957903125 0.302595825 0.42272314375000003 0.302595825 0.41146284531250005 0.29644867812500003 0.40481025156249995 0.288250415625 0.4032750375 0.2807379234375 0.40429851406250006 0.2745907765625 0.40122808593750003 0.2691252671875 0.39559896875 0.25956372656250004 0.392016803125 0.25341451406250004 0.39099332656249997 0.24385297343749998 0.3915050640625 0.2315566125 0.3976459203125 0.22814221875000001 0.40173982343750003 0.2226767109375 0.4053219890625 0.22062766093750003 0.40890415625000004 0.2090170703125 0.41607055 0.20013716874999998 0.4242583578125 0.18647546406249998 0.4339813796875 0.184426415625 0.439610496875 0.1625685140625 0.4539412234375 0.1571030046875 0.45598817656249996 0.15027421875 0.46161729375 0.1475414640625 0.46622293593749997 0.1318307109375 0.4774811703125 0.12909795625 0.4815771375
1 0 0.9484595718750001 0.01571035 0.9503580109374999 0.022541201562499998 0.949334534375 0.03005369375 0.9462641062499999 0.032104809375 0.943193678125 0.032104809375 0.930398165625 0.026639299999999998 0.8981566093750001 0.0232249078125 0.8899688031249999 0.017075693750000003 0.8858748984375 0.005465103125000001 0.8848514234374999 0 0.8860975062499999 0 0.9484595718750001
1 0 0 0 0.02678761875 0.0020486453125000002 0.026099390625000003 0.005465103125000001 0.0235407 0.0307373984375 0.0153528921875 0.0566933984375 0.0117707265625 0.062840546875 0.012794203125 0.0730878578125 0.0117707265625 0.0799187109375 0.013305940625000002 0.10792375937500001 0.0081885609375 0.11680366093750001 0.0035829187499999996 0.119459859375 0 0 0
1 0.3811475296875 0.8276048640625 0.38966595625 0.824410628125 0.4012290375 0.812097965625 0.3987978578125 0.8016073374999999 0.3890566125 0.789748634375 0.3787080875 0.7961371046875 0.36409828437499997 0.8038895234375 0.34584067812499997 0.8093597546875 0.34644795625 0.8193964218750001 0.3513185796875 0.8235006421875 0.3647055625 0.8280608890625001 0.3811475296875 0.8276048640625
1 1 0.0739277546875 0.9979505796874999 0.072671671875 0.9897543828125 0.072159934375 0.9836072343750001 0.0731834109375 0.95491848125 0.0834181703125 0.9405730703125 0.0900707640625 0.925546021875 0.0997958484375 0.917349825 0.1069601796875 0.91393543125 0.112077559375 0.9125680218750001 0.11873015312499999 0.9153007765625001 0.1258965484375 0.91871516875 0.1284552390625 0.9330605796875 0.1330608796875 0.943305825 0.13408435624999998 0.9658474312499999 0.13357261874999998 0.9829235296875 0.12794350000000002 0.9979505796874999 0.11463625 1 0.11142626250000001 1 0.0739277546875
1 0.9228132671875 0.48720625625 0.8961756281250001 0.4856710421875 0.890026415625 0.4866945171875 0.883197628125 0.491811896875 0.88183021875 0.49744101562500004 0.8825139234374999 0.5066522984375 0.8859283171874999 0.511257940625 0.8975409734375001 0.520983025 0.906420875 0.524565190625 0.9118843171875 0.5286590953125 0.92691343125 0.5322412609375 0.9480876281249999 0.533776475 0.9699455296874999 0.5291708328125 0.97882543125 0.5225182390625001 0.9795091359375 0.5194478109375 0.9767763828125 0.51279521875 0.9624309734375001 0.504093609375 0.9542347765624999 0.49641753906249997 0.94194048125 0.49078842187499994 0.9228132671875 0.48720625625
1 1 0.7118736703125 0.9911197265625 0.7118736703125 0.9836072343750001 0.7144323609375001 0.9781417265625001 0.720573215625 0.9767763828125 0.7272258093749999 0.9808744812500001 0.7359253546875 0.9849725796875 0.739509584375 0.997266875 0.7441152265625 1 0.7442005390624999 1 0.7118736703125
1 0.9357933328125 0.8075748624999999 0.9412567765625001 0.8065513859375001 0.9508203828124999 0.8009202046875 0.959700284375 0.7906854453125 0.9733599234374999 0.7804506859375 0.9808744812500001 0.7778919953125001 0.9863379234374999 0.7743098296875 0.9918034312499999 0.7645847453125 0.9911197265625 0.7553734609375 0.9890706781249999 0.752303034375 0.987021628125 0.7430917499999999 0.9795091359375 0.7349018796875 0.9699455296874999 0.727737546875 0.9637983828125 0.726202334375 0.9556001203125 0.726202334375 0.9474039234375 0.7282492859375 0.94194048125 0.7349018796875 0.9371586781250001 0.7476973921875001 0.9282787765625 0.7543499859375 0.9234969734374999 0.7563969375 0.91871516875 0.7610025796875 0.9043718249999999 0.766631696875 0.8975409734375001 0.7717511406249999 0.891393825 0.785056328125 0.891393825 0.792732396875 0.8968572671875 0.799896728125 0.9036881203125 0.8029692203125001 0.9193988750000001 0.8070631234375 0.9357933328125 0.8075748624999999
1 0.9169239671874999 1 0.9234969734374999 0.9928343249999999 0.9282787765625 0.9800408765625 0.92691343125 0.9698061171875001 0.9221316281249999 0.9636652609375 0.9071045796874999 0.9570106031250001 0.8961756281250001 0.9570106031250001 0.890026415625 0.9616162453125 0.883197628125 0.9703178546875 0.8654378250000001 0.9851582562500001 0.8647541203125 0.9938578015624999 0.8682665328124999 1 0.9169239671874999 1
1 0.808142940625 0.6837714140625 0.80673421875 0.6779689656250001 0.798286021875 0.674273309375 0.7863118906250001 0.6832452328125 0.7954644484375 0.68904768125 0.8010993328125 0.6885214984375 0.808142940625 0.6837714140625
1 0.1127055625 0.550154153125 0.1379778578125 0.5573184859375 0.1673503171875 0.5573184859375 0.1803283171875 0.5542480578125 0.18647546406249998 0.5511776296875001 0.19672071093750002 0.543499496875 0.20423526718749999 0.5353116890625 0.2096987109375 0.5255886671875001 0.21516421874999997 0.51995955 0.21789697343749997 0.51330695625 0.22336041562500003 0.5071640375 0.2240441203125 0.49744101562500004 0.22609316875 0.491300159375 0.2185786125 0.4738990046875 0.2144805140625 0.471852053125 0.2062843171875 0.471340315625 0.1898898578125 0.4738990046875 0.17691185781250002 0.4733872671875 0.16461756249999998 0.47492248125 0.1441250046875 0.4815771375 0.13729415312499998 0.48106540000000003 0.12978166093750002 0.4856710421875 0.122267103125 0.48720625625 0.1181690046875 0.49027668437500005 0.098360153125 0.498464490625 0.0887986125 0.5061405609375 0.0826493984375 0.5194478109375 0.08606585781250001 0.52661214375 0.098360153125 0.5424760203125001 0.1127055625 0.550154153125
1 0.28005421875000003 0.742068275 0.310792021875 0.7482091296875 0.3387970703125 0.756908675 0.35109343125 0.7589556281250001 0.369534875 0.7584438890625 0.380463825 0.756908675 0.38797838281249997 0.753326509375 0.39207648125 0.75025608125 0.3961745796875 0.7425800125 0.398223628125 0.7215966921875 0.395490875 0.70931498125 0.38866208750000003 0.693960778125 0.37704943125 0.680655590625 0.3715839234375 0.67144224375 0.37704943125 0.6560901046875001 0.3797821859375 0.6366419984375 0.37909848125 0.6284541906250001 0.37431667812499997 0.6197546453125 0.3681695296875 0.6136137890625 0.362704021875 0.6105433609375 0.349726021875 0.60593565625 0.3292355296875 0.602865228125 0.3005467765625 0.602353490625 0.2875687765625 0.6044004421875 0.28005421875000003 0.6044004421875 0.27117431718749996 0.60593565625 0.258880021875 0.6100316234375 0.2500001203125 0.6161724796875 0.2404365140625 0.6274307140625 0.2349730703125 0.6376654734375 0.2336056609375 0.64380839375 0.2219950703125 0.6632544359375 0.2158479234375 0.677073425 0.2144805140625 0.6960077296875 0.2158479234375 0.7016368468749999 0.2219950703125 0.7134088843749999 0.22814221875000001 0.7175027875 0.2301912671875 0.7210849546875 0.236338415625 0.72364364375 0.2431692671875 0.7287610234375 0.2547819234375 0.7328549265625 0.25956372656250004 0.7359253546875 0.28005421875000003 0.742068275
1 0.2739070703125 0.7604908406249999 0.28278697343750003 0.7574204140624999 0.2868850703125 0.7487208671875 0.2841523171875 0.7446269640625001 0.281421628125 0.7430917499999999 0.2725417265625 0.7425800125 0.2691252671875 0.7446269640625001 0.26502716875 0.7548617234375 0.26502716875 0.7574204140624999 0.26707621875 0.7589556281250001 0.2739070703125 0.7604908406249999
1 0.42281428437499996 0.8295795953124999 0.42008152968749995 0.786079803125 0.41598343125000004 0.7778919953125001 0.40778723437500003 0.7768685203125 0.3989073328125 0.778915471875 0.3777331359375 0.7891502312500001 0.359289628125 0.795802825 0.328551825 0.8116687656250001 0.322404678125 0.8132039796875 0.3162575296875 0.8183213593750001 0.31489012031249997 0.8234387390625001 0.3196719234375 0.8285561187500001 0.34016448125 0.8341873 0.346311628125 0.8372577281250001 0.3524587765625 0.8428868453125 0.36612048124999996 0.8464690109375 0.3736329734375 0.851074653125 0.3797821859375 0.8515863906250001 0.383880284375 0.85465681875 0.38797838281249997 0.85516855625 0.409836284375 0.864379840625 0.41734877656249997 0.8659150546875001 0.42144894062500005 0.863868103125 0.424179628125 0.858238984375 0.42144894062500005 0.8387929421875 0.42281428437499996 0.8295795953124999
1 0.1666666125 0.84698075 0.158470415625 0.8454455359375 0.14344336562499999 0.8372577281250001 0.13592880937500001 0.8367459890625 0.12909795625 0.8398164171875001 0.12568356249999998 0.8480042250000001 0.1263652015625 0.863868103125 0.1284163171875 0.871034496875 0.1284163171875 0.8930392296875 0.13729415312499998 0.9012291015624999 0.1441250046875 0.9017408390625 0.1571030046875 0.9078816953125 0.17281375937500001 0.9083934328125001 0.1803283171875 0.90634648125 0.18647546406249998 0.9007173640625 0.18715916875 0.8920157546875 0.1803283171875 0.8781988296875 0.1734974640625 0.8536333421875 0.1707647109375 0.8495394390625 0.1666666125 0.84698075
1 0.48565523437499997 1 0.48565523437499997 0.99846550625 0.47609369375000005 0.9851582562500001 0.4754099890625 0.9810643515624999 0.4767753328125 0.9733882828124999 0.48155713593750005 0.9682709031250001 0.48565523437499997 0.95905755625 0.48565523437499997 0.949334534375 0.48155713593750005 0.942170203125 0.46653008749999997 0.9370528234375 0.4562848421875 0.9370528234375 0.44193943124999996 0.9416584640625001 0.42144894062500005 0.9570106031250001 0.41051998906250003 0.97185306875 0.408470940625 0.9785056624999999 0.408470940625 0.9872052078125 0.4139343828125 0.994881278125 0.420764503125 1 0.48565523437499997 1
1 0.37431667812499997 0.4201644546875 0.39344182499999997 0.424770096875 0.411201628125 0.424770096875 0.43169418593750003 0.41607055 0.4385250375 0.40890415625000004 0.446721234375 0.3945754921875 0.448770284375 0.3868994234375 0.448770284375 0.3679630546875 0.44330684218750005 0.3490266859375 0.43101048124999997 0.32651021562500004 0.41734877656249997 0.314738178125 0.394809234375 0.301944728125 0.3763657265625 0.2896630171875 0.370902284375 0.28761606562500003 0.3312845796875 0.261003628125 0.3114757265625 0.25639798593749996 0.3005467765625 0.255374509375 0.2868850703125 0.2584449375 0.2793725796875 0.261515365625 0.27117431718749996 0.26919143437500004 0.265710875 0.2809614078125 0.263661825 0.29068649375 0.26434346406250003 0.328045428125 0.2554635625 0.340838878125 0.249316415625 0.35516960468750003 0.249316415625 0.37001000624999997 0.2581963171875 0.38587594687500004 0.2691252671875 0.3915050640625 0.29303221874999996 0.39918113437499997 0.3032795296875 0.40020460937499996 0.33196621875 0.3981576578125 0.344946284375 0.4007163484375 0.3517750703125 0.4037867765625 0.36612048124999996 0.41607055 0.37431667812499997 0.4201644546875
1 0.39685828437500004 0.21596655937499998 0.411201628125 0.20163789531249998 0.41461808749999995 0.196008778125 0.4255470375 0.18628369218750002 0.43237789062500004 0.1755371953125 0.4351085796875 0.16376722187499998 0.43374323437499995 0.14790128125 0.42144894062500005 0.1330608796875 0.41871618593750004 0.126920025 0.424179628125 0.11463625 0.4248633328125 0.104401490625 0.42008152968749995 0.09467846875 0.4152997265625 0.0900707640625 0.40915257968749996 0.08700033593749999 0.3961745796875 0.0834181703125 0.37704943125 0.08239469375 0.357924284375 0.08392990781250001 0.33196621875 0.0890472875 0.3162575296875 0.09570194531250001 0.2984977265625 0.111565821875 0.2875687765625 0.1258965484375 0.2773214640625 0.1453425921875 0.2725417265625 0.1622320078125 0.273223365625 0.177072409375 0.28005421875000003 0.1939618265625 0.299179365625 0.21289613125 0.32103726718750003 0.228762071875 0.34426257968749996 0.2374616171875 0.3606549734375 0.2374616171875 0.3784147765625 0.23080902343749998 0.39685828437500004 0.21596655937499998
1 0.657787759375 0.2809614078125 0.6571040546875 0.2932451828125 0.6632512015625001 0.31371470156250003 0.6673492999999999 0.319857621875 0.675545496875 0.320881096875 0.68237635 0.3188341453125 0.6926236609374999 0.3132029640625 0.698087103125 0.30450341875000003 0.698087103125 0.29170996875 0.6933053 0.282496621875 0.6892072015624999 0.27891445625 0.6803273 0.274820553125 0.6673492999999999 0.2737970765625 0.6605184484375 0.2763557671875 0.657787759375 0.2809614078125
1 0.6017817921875 0.6188694203125 0.60741874375 0.628367525 0.6116469734375001 0.628367525 0.6193928750000001 0.6209782765625 0.6165713 0.6125325359375 0.6017817921875 0.6188694203125