5 0.31845445156249996 0.2615023546875 0.3164242265625 0.259370515625 0.3139916125 0.2576959359375 0.31094729062500004 0.2573951609375 0.3068949671875 0.2583056125 0.305679678125 0.2605837734375 0.3054703546875 0.26301841875 0.3064844515625 0.2657619671875 0.30891706406249997 0.267887709375 0.313379903125 0.268347 0.3174403546875 0.2671276453125 0.3188568390625 0.2649998703125 0.31845445156249996 0.2615023546875
5 0.632688290625 0.165185515625 0.6343750640625 0.1620314515625 0.632688290625 0.15729832187499998 0.6276401609375 0.154778321875 0.6209133875 0.155091290625 0.6183872906250001 0.1569853546875 0.6175479671875 0.1595053546875 0.6188100000000001 0.1639214515625 0.6238581296875 0.16676458125 0.6280649031250001 0.16676458125 0.632688290625 0.165185515625
1 1 0.1718760328125 0.9838706125 0.17993970937499998 0.9811819359375 0.184979709375 0.982527290625 0.191027709375 0.9852159671875 0.19304370937499998 0.9905912906250001 0.194051709375 1 0.193487209375 1 0.1718760328125
1 0.93951658125 0.2515117734375 0.9502692578125 0.26411380625 0.9623652578125 0.27368980625 0.9724452578125 0.27469780625 0.9764792906249999 0.27116980625 0.9791659359375 0.26461780625000003 0.9791659359375 0.2474797734375 0.9724452578125 0.2212697421875 0.9650539359374999 0.2076617421875 0.9576605812500001 0.198587709375 0.94959658125 0.19304370937499998 0.94354858125 0.19052370937500002 0.9348119031250001 0.191027709375 0.926747903125 0.194051709375 0.9200272265624999 0.2001017421875 0.9173385484375001 0.20665374218750002 0.9193545484375001 0.22227774218750002 0.93145258125 0.23790377343750002 0.93951658125 0.2515117734375
1 1 0.293332821875 0.9805112906250001 0.29183380625 0.9684132578125 0.29284180625 0.9569899359375 0.29233780625 0.9301072265625001 0.29586783906249997 0.9112905484375 0.3039318390625 0.8870965156249999 0.3235878390625 0.864918484375 0.358871903125 0.8602158390625 0.376511903125 0.8595431609374999 0.3916339359375 0.864918484375 0.39919393593749997 0.8723118390625 0.3981859359375 0.8978491937499999 0.37953590312499996 0.9012105484375 0.378527903125 0.9166658703125 0.36643190312499996 0.9348119031250001 0.3558458703125 0.938843903125 0.3518138703125 0.9428759031249999 0.3508058703125 0.9569899359375 0.34122987031249996 0.9677426125 0.33568587031249997 0.9831979359374999 0.3235878390625 1 0.315187865625 1 0.293332821875
1 0.8918011937499999 0.8639103875 0.90591319375 0.86794441875 0.9227159031250001 0.8684484187500001 0.928763903125 0.8654223875 0.9294345484375001 0.8568543875 0.9227159031250001 0.8457663875 0.9153225484374999 0.8371983875 0.9032265484374999 0.8266123546875 0.8911285156250001 0.8190523546874999 0.8756711609375 0.8119963546875001 0.8676071609375 0.8104843546874999 0.8568544843750001 0.8104843546874999 0.8508064843750001 0.8130043546874999 0.8508064843750001 0.8220763546875001 0.8655911609375 0.8472783875 0.8723118390625 0.8533263874999999 0.8918011937499999 0.8639103875
1 0.9214935203125 1 0.9092745484375 0.9899185156250001 0.88172119375 0.975806515625 0.8635751609375 0.9727825156250001 0.8521498062499999 0.9727825156250001 0.84005380625 0.975806515625 0.8293011296874999 0.976814515625 0.82594180625 0.979334515625 0.8252691296875 0.9848785156250001 0.8362207265625001 1 0.9214935203125 1
1 0.4973114515625 0.3250998390625 0.5120961296875 0.3276218703125 0.5201621609375 0.3266138703125 0.52688080625 0.3235878390625 0.5342741609375 0.3069558390625 0.5383061609375 0.27973780625 0.5383061609375 0.26411380625 0.533601484375 0.25806377343750003 0.5201621609375 0.2535277734375 0.5013434515624999 0.2525197734375 0.4912634515625 0.2535277734375 0.4704307734375 0.25201577343750003 0.4536280640625 0.24798377343750003 0.4428753875 0.2489917734375 0.4341407421875 0.2545357734375 0.4274200640625 0.26461780625000003 0.42473138749999995 0.28124980625 0.42473138749999995 0.3009078390625 0.4233880640625 0.30745983906249996 0.4254040640625 0.3160278390625 0.43010670937500006 0.32157183906250003 0.44018874218750004 0.3245958390625 0.4973114515625 0.3250998390625
1 0.48924745156249994 0.42137196718750003 0.4885747734375 0.4274199671875 0.49798412968749994 0.43951596718749997 0.5040321296875 0.44153196718750004 0.51276880625 0.44102796718750004 0.5262101609375 0.43649196718749994 0.533601484375 0.4274199671875 0.535617484375 0.41935393593750003 0.5342741609375 0.41280193593750003 0.5302421609375 0.4092739359375 0.519489484375 0.4042339359375 0.511425484375 0.4037299359375 0.5053754515625 0.40574593593749997 0.48924745156249994 0.42137196718750003
1 0.41061735468749994 0.6809482265625 0.45631674218749996 0.6849802265625 0.47311741874999996 0.6885082265625 0.4852154515625 0.6885082265625 0.4872314515625 0.6854842265625 0.4879041296875 0.6794362265625 0.48319945156250005 0.66885019375 0.47782209687500005 0.65020219375 0.4704307734375 0.6396161609375 0.45497341875 0.6330641609375001 0.4495960640625 0.6320561609375 0.4227153875 0.6179441609375 0.4153220328125 0.6169361609374999 0.41330603281249995 0.6154241609375 0.41061735468749994 0.6098781296875 0.4005373546875 0.6028221296875 0.3904573546875 0.5907261296875 0.3588699671875 0.5302420640625 0.344085290625 0.5216740640624999 0.32661193593750004 0.5176420640625 0.29368325781250004 0.5126000328125 0.2896512578125 0.5186500640625 0.33198929062500004 0.6003021296875 0.3427419671875 0.6270161609375 0.354167321875 0.64667419375 0.362904 0.66633019375 0.37029532187499997 0.67439419375 0.37634332187499997 0.6764122265625 0.41061735468749994 0.6809482265625
1 0.5510748390625 0.65221819375 0.56250019375 0.66078619375 0.56854819375 0.66330619375 0.5766121937500001 0.66179419375 0.5793008703125 0.65927419375 0.5779575484375 0.65171419375 0.57258019375 0.64617019375 0.5631728703125 0.6300401609375 0.551747515625 0.6149201609375 0.5470428390625 0.6118961609375 0.521505484375 0.6053421296875 0.5120961296875 0.6043341296875 0.5053754515625 0.6093741296874999 0.5060481296875 0.6169361609374999 0.5262101609375 0.6340721609375 0.5430108390624999 0.64415419375 0.5510748390625 0.65221819375
1 0.51881680625 0.6960682265625 0.525537484375 0.7162302578124999 0.5288988390625 0.7368942578125 0.533601484375 0.742944290625 0.5423381609375 0.745464290625 0.569891515625 0.741936290625 0.5907262265625 0.7414322906249999 0.6108862265624999 0.7379022578125001 0.6169362578124999 0.7338702578125 0.62029558125 0.7303422578125 0.61827958125 0.7066522265625 0.621638903125 0.6864922265625 0.619622903125 0.6804442265625 0.6169362578124999 0.6779242265625001 0.6108862265624999 0.67489819375 0.599462903125 0.6733861937500001 0.5900535484375 0.67439419375 0.569891515625 0.6789322265625 0.5309148390625 0.6794362265625 0.5262101609375 0.6804442265625 0.51881680625 0.6869962265625 0.51881680625 0.6960682265625
1 0.5109225609375 1 0.5262101609375 0.9934485484375 0.529569484375 0.9909265156249999 0.5349468390625 0.9798385156249999 0.5342741609375 0.9687505156249999 0.5315854843750001 0.962702515625 0.5228488062500001 0.9531244843750001 0.51478480625 0.948084484375 0.5053754515625 0.9445564843750001 0.50067280625 0.9405244843749999 0.49327945156249997 0.937500484375 0.4852154515625 0.9319564843749999 0.46303741875000004 0.9233864515624999 0.45698941875 0.9198584515625001 0.43884338749999996 0.9158264515625 0.4227153875 0.9102824515625001 0.411962709375 0.9102824515625001 0.4065853546875 0.9117944515625 0.3985213546875 0.9188504515625 0.395832678125 0.9238904515625 0.39180067812499997 0.9274184515625 0.38844135468749996 0.934476484375 0.3823933546875 0.9415324843749999 0.375 0.953628484375 0.36424732187500003 0.975806515625 0.3591543171875 1 0.5109225609375 1
1 0.144489096875 0.7303422578125 0.15793045156250002 0.751008290625 0.1720424515625 0.760584290625 0.17338780625 0.7631042906250001 0.18548380625 0.757056290625 0.20228448437500002 0.753024290625 0.22916719375 0.7414322906249999 0.2379038703125 0.739416290625 0.2533612265625 0.7328622578124999 0.2634412265625 0.7268142578125001 0.28696258124999996 0.7167342578125 0.29301058125 0.7091742578125 0.292337903125 0.7026202265625 0.2876352578125 0.6935482265624999 0.2594092265625 0.66985819375 0.23051051562499997 0.6572581937499999 0.220430515625 0.65776219375 0.208332484375 0.66028219375 0.200268484375 0.66330619375 0.18951580625 0.6703621937500001 0.1807791296875 0.67237819375 0.17137180624999998 0.6794362265625 0.17002645156250001 0.6819562265625 0.14381641875 0.7016122265625 0.1411297734375 0.7106862578124999 0.1411297734375 0.7182462578125001 0.144489096875 0.7303422578125
1 0.1767471296875 0.5100800328124999 0.17540380625000002 0.5272180640624999 0.180108484375 0.550404096875 0.18346780625 0.556452096875 0.18749980625 0.559476096875 0.19623648437500002 0.559980096875 0.20228448437500002 0.558972096875 0.23319919374999998 0.5468740640624999 0.2520158703125 0.5362900640625 0.28293058125 0.5120960328125 0.28293058125 0.5030240328125 0.28091458125 0.49647203281249996 0.27419390312499997 0.4929440328125 0.264113903125 0.49092803281249997 0.24529519375 0.49042403281249997 0.2157258390625 0.49244003281250004 0.2069891609375 0.4944560328125 0.1948931609375 0.49546403281250007 0.18145180625 0.5010080328125001 0.17876312968750002 0.5040320328125001 0.1767471296875 0.5100800328124999
1 0.21505316093750002 0.2439517734375 0.222446515625 0.2429437734375 0.23118319375000002 0.24344777343750001 0.2379038703125 0.2409277734375 0.24596787031249998 0.2358877734375 0.2533612265625 0.2288297421875 0.2553772265625 0.22177374218749998 0.25134319375 0.2162297421875 0.24529519375 0.21270174218750001 0.2399198703125 0.21169374218749998 0.2298378390625 0.20564574218749998 0.2237898390625 0.19304370937499998 0.21438251562500002 0.185987709375 0.20430048437499998 0.183467709375 0.19354780625 0.18397170937500001 0.18951580625 0.185483709375 0.18548380625 0.192035709375 0.1848111296875 0.20564574218749998 0.190188484375 0.2288297421875 0.1948931609375 0.2389117734375 0.20362983906249998 0.24243977343749998 0.21505316093750002 0.2439517734375
1 0.2873980125 0 0.2735212265625 0.053931581250000006 0.2735212265625 0.059979581250000004 0.2775532265625 0.062499581250000005 0.28091458125 0.062499581250000005 0.28696258124999996 0.059979581250000004 0.30981125781249996 0.04385158125 0.3145159359375 0.0388095484375 0.31854793593749997 0.031249548437500003 0.3262860734375 0 0.2873980125 0
1 0.10727969062500001 0 0.1088717421875 0.004535515625 0.11021506406249999 0.0272175484375 0.11290374218749999 0.032761548437499996 0.1169357421875 0.035785548437499995 0.12499974218750001 0.035785548437499995 0.1330637421875 0.0332655484375 0.14180041875 0.028225548437499998 0.1532257734375 0.0191535484375 0.184140484375 0.004031515625 0.18581994375 0 0.10727969062500001 0
1 0.080645709375 0.194051709375 0.0940850328125 0.196571709375 0.12499974218750001 0.2081657421875 0.13104774218749998 0.2091737421875 0.1391137734375 0.20866974218749998 0.1498664515625 0.2026217421875 0.1599464515625 0.191027709375 0.17540380625000002 0.17993970937499998 0.1888431296875 0.165321678125 0.190188484375 0.15624967812499999 0.18682712968749998 0.149697678125 0.1633057734375 0.1310476453125 0.14852109687499998 0.1118956453125 0.1391137734375 0.10584764531249999 0.12365641875 0.10786364531249999 0.11021506406249999 0.1134076453125 0.0961030640625 0.1169356453125 0.082661709375 0.11794364531249998 0.0672043546875 0.12147164531250002 0.060483678124999996 0.1255036453125 0.057124354687500004 0.1295356453125 0.057124354687500004 0.13810567812500002 0.064515678125 0.15927367812499998 0.0651883546875 0.17993970937499998 0.0678770328125 0.187499709375 0.080645709375 0.194051709375
1 0 0.7142363421875 0.012097645312499999 0.7106862578124999 0.0181456453125 0.7071582578125 0.030914321875 0.7026202265625 0.035619 0.6985882265625001 0.0403216453125 0.6880042265624999 0.0403216453125 0.6789322265625 0.0322576453125 0.6759082265624999 0.010752290624999999 0.6824602265624999 0 0.6844760765625 0 0.7142363421875
1 0 0.8018972765625 0.012097645312499999 0.8084683546875 0.024866321875 0.8135083546875 0.038978321875 0.8220763546875001 0.049731 0.8230843546875001 0.056451678125 0.8220763546875001 0.059811 0.8200603546874999 0.0631723546875 0.8155243546875001 0.062499678125 0.8130043546874999 0.057124354687500004 0.8074603546875 0.042339678125 0.796370321875 0.0100816453125 0.764112290625 0 0.756972325 0 0.8018972765625
2 0.29813931562499996 1 0.2983879359375 0.9914305156250001 0.3024199359375 0.9677425156250001 0.30510658125 0.933972484375 0.30040393593750003 0.9203624515625 0.28696258124999996 0.9017144515625001 0.2735212265625 0.8901204187499999 0.2520158703125 0.87500041875 0.2318538390625 0.8623983875000001 0.2237898390625 0.8603823875 0.21639851562499998 0.8558463875 0.19556380625 0.8472783875 0.1827951296875 0.8452623875 0.17137180624999998 0.8452623875 0.1639784515625 0.8472783875 0.1518824515625 0.8538303875000001 0.14381641875 0.8618943874999999 0.1411297734375 0.8669364187499999 0.13709777343750001 0.8704644187499999 0.13037709687500001 0.88508041875 0.12768841875 0.8981864515625 0.13104774218749998 0.9274184515625 0.13709777343750001 0.9490924843749999 0.138441096875 0.959172484375 0.13575241875 0.9924385156250001 0.13575241875 1 0.29813931562499996 1
1 0.60618358125 0.3558458703125 0.6310482578125 0.372479903125 0.6538969359375 0.380543903125 0.6841389671875 0.388103903125 0.725133678125 0.38759990312500003 0.7385750328125 0.38659190312499997 0.7506710328125 0.384071903125 0.7815857421875 0.374999903125 0.8084684515625 0.36088790312499996 0.8131710968749999 0.3573578703125 0.8198917734375 0.34929387031250003 0.8239237734374999 0.3417338703125 0.8252691296875 0.3341738703125 0.8326604515625 0.3170358390625 0.8420698062499999 0.30191583906249997 0.8588704843749999 0.28276180625 0.8676071609375 0.26512180625 0.8676071609375 0.24949577343749998 0.8595431609374999 0.2288297421875 0.8514791609374999 0.21572574218749999 0.8373651296875 0.2001017421875 0.8286284515625001 0.19354770937500002 0.8239237734374999 0.185987709375 0.8158597734375 0.18397170937500001 0.79637041875 0.170363709375 0.7728490640625 0.160785678125 0.753359709375 0.155745678125 0.7278223546875 0.15272167812499998 0.706989678125 0.15322567812500001 0.6821229671875 0.155745678125 0.6686836453125 0.160281678125 0.6599469671875 0.160281678125 0.6532262906249999 0.164313678125 0.6465056125 0.16481767812499998 0.6364256125 0.173891709375 0.6250002578125 0.177419709375 0.6115589031249999 0.18649170937499998 0.6028222265625 0.195059709375 0.5967742265625 0.1990937421875 0.5799735484374999 0.22177374218749998 0.5779575484375 0.2283257421875 0.5739255484375 0.23387177343749999 0.5692208703125 0.24495977343750003 0.5658595156249999 0.2620957734375 0.5658595156249999 0.28578580625 0.56854819375 0.2998998390625 0.5752688703125 0.3185478390625 0.5913968703125 0.3422378703125 0.60618358125 0.3558458703125
5 0.65666080625 0.13458580625 0.6524601296875 0.1355348703125 0.6507733546875001 0.140268 0.6528767421875 0.1437350328125 0.6575062265625 0.1465720640625 0.6621296125 0.14594206406250002 0.6642330000000001 0.1431050328125 0.6654970640625 0.140268 0.6642330000000001 0.13679487031249998 0.66086758125 0.13458580625 0.65666080625 0.13458580625
5 0.88690141875 0.3102176125 0.887385096875 0.305106484375 0.88154641875 0.30145654843749997 0.8771709671875 0.30036319375 0.87327919375 0.30145654843749997 0.870840484375 0.3043748703125 0.870840484375 0.3076610328125 0.8737628703125001 0.3113109671875 0.8786280968750001 0.3120405484375 0.88690141875 0.3102176125
5 0.91122958125 0.285035903125 0.908313290625 0.2861292578125 0.9058806781250001 0.2905087734375 0.908313290625 0.2956158390625 0.9136621937499999 0.2967132578125 0.9190192265625001 0.2952520640625 0.9224252906249999 0.29233374218749997 0.921935515625 0.2879542265625 0.9165866125000001 0.285035903125 0.91122958125 0.285035903125
5 0.9326414515625 0.17298938749999998 0.9287496781250001 0.17627554843749998 0.9292414843750001 0.18174841875 0.9331312265625 0.18503458125 0.942863709375 0.1832116453125 0.9438371609375 0.178830096875 0.9438371609375 0.1755439359375 0.9384821609375 0.17335722656250002 0.9326414515625 0.17298938749999998
2 0.4361567421875 0.575100096875 0.4536280640625 0.5796360968750001 0.47244677343749997 0.5806461296875 0.4885747734375 0.576108096875 0.5000001296875001 0.568044096875 0.513441484375 0.555948096875 0.52688080625 0.5332660640625 0.5282261609375001 0.5277220640625 0.527553484375 0.5075600328125 0.5201621609375 0.49092803281249997 0.50067280625 0.468246 0.4872314515625 0.45564600000000005 0.48454277343749996 0.45060396718750007 0.47446277343750004 0.43951596718749997 0.46102141874999997 0.42993996718750005 0.4368273875 0.4037299359375 0.432122709375 0.4007059359375 0.39650535468750003 0.366935903125 0.3864253546875 0.35433387031249997 0.3823933546875 0.3518138703125 0.368952 0.3382058703125 0.36492 0.3321578703125 0.3413986453125 0.3114918390625 0.3366939671875 0.3039318390625 0.3306459671875 0.2998998390625 0.32661193593750004 0.29132980625 0.317877290625 0.28528180625 0.3111566125 0.27570580625 0.30107458125000003 0.26864980625 0.276209903125 0.2555437734375 0.2614252265625 0.2515117734375 0.24596787031249998 0.24949577343749998 0.236558515625 0.2459677734375 0.220430515625 0.24546377343749998 0.21639851562499998 0.2464717734375 0.1948931609375 0.2469757734375 0.18951580625 0.2499997734375 0.1767471296875 0.2540317734375 0.1606191296875 0.2620957734375 0.15255309687500002 0.27116980625 0.1498664515625 0.28276180625 0.1498664515625 0.29284180625 0.1518824515625 0.3004038390625 0.15793045156250002 0.3124998390625 0.1727151296875 0.3301418703125 0.21438251562500002 0.369455903125 0.2439518703125 0.41229793593749997 0.26814590312500003 0.43598796718750005 0.272177903125 0.44203596718749993 0.327957290625 0.4929440328125 0.35282196718750003 0.5100800328124999 0.354167321875 0.5131040328124999 0.360215321875 0.5186500640625 0.362231321875 0.5236900640625 0.375672678125 0.5317540640625 0.38575267812499997 0.5453620640625 0.3991940328125 0.555948096875 0.4092740328125 0.559980096875 0.4146513875 0.565020096875 0.420026709375 0.566532096875 0.4274200640625 0.571572096875 0.4361567421875 0.575100096875
1 0.10416706406250001 0.793346321875 0.144489096875 0.787802321875 0.1599464515625 0.789314321875 0.16599445156249998 0.787298321875 0.1706991296875 0.7807463218749999 0.1706991296875 0.775706321875 0.1673377734375 0.764112290625 0.1619624515625 0.757056290625 0.1572577734375 0.753024290625 0.1391137734375 0.7293342578125 0.132393096875 0.7268142578125001 0.1162630640625 0.7147182578125 0.1088717421875 0.7111902578125 0.1021510640625 0.7061482265625 0.0833323546875 0.6990922265624999 0.0698930328125 0.6995962265625 0.05510835468750001 0.7051402265625 0.043010321875 0.7152222578125 0.031587 0.7328622578124999 0.0241936453125 0.753528290625 0.0255369671875 0.763608290625 0.0322576453125 0.774698321875 0.039651 0.7807463218749999 0.053092354687499996 0.788306321875 0.059811 0.789818321875 0.068547678125 0.789818321875 0.07795703281250001 0.792842321875 0.0860210328125 0.793850321875 0.10416706406250001 0.793346321875
0 0.0201616453125 0.935484484375 0.026209645312500002 0.949596484375 0.026882321874999997 0.955140484375 0.0322576453125 0.959676484375 0.045699000000000004 0.962198515625 0.058467678125 0.962198515625 0.074597709375 0.959676484375 0.0819890328125 0.955644484375 0.09274170937500001 0.939012484375 0.096773709375 0.9279224515625 0.09811906406250001 0.9128024515625001 0.096773709375 0.9092744515625 0.09274170937500001 0.9087704515624999 0.082661709375 0.9012104515624999 0.07526835468750001 0.9012104515624999 0.068547678125 0.8986904515624999 0.060483678124999996 0.8981864515625 0.052419678125 0.8991944515625001 0.047715 0.9027224515625001 0.035619 0.9072584515625 0.0322576453125 0.9097784515624999 0.021504967187499998 0.9254024515625 0.0201616453125 0.935484484375
0 1 0.916483884375 0.9905912906250001 0.9198584515625001 0.9778226125 0.9299404843750001 0.9758066124999999 0.9334684843750001 0.9764792906249999 0.9420364843750001 0.9831979359374999 0.949596484375 0.984543290625 0.956148484375 0.9912639671875001 0.964718515625 0.9993279671874999 0.970766515625 1 0.970824115625 1 0.916483884375
4 0.6780909671875001 0.6184481609375 0.673386290625 0.6234881609375 0.6666676453125 0.6381041609375 0.665322290625 0.64869019375 0.6673382906249999 0.65322619375 0.6747316453125001 0.6527221937500001 0.6807796453125 0.65423419375 0.7137103546875 0.65423419375 0.745295709375 0.6507061937499999 0.7600803875000001 0.65121019375 0.7735217421875 0.6476821937499999 0.7977157734375 0.6471781937500001 0.8272851296875 0.6431441609374999 0.8534951609375 0.6426401609375 0.8918011937499999 0.6365921609375 0.90792919375 0.6365921609375 0.9146498703124999 0.6350801609375 0.9361552265625 0.6335681609375 0.940859903125 0.6310481609374999 0.9428759031249999 0.6234881609375 0.9307799031249999 0.6149201609375 0.928763903125 0.6098781296875 0.9220432265625 0.6018141296875 0.8985218703125 0.5846781296875 0.8870965156249999 0.571572096875 0.8696231609374999 0.5574600968750001 0.8595431609374999 0.5453620640625 0.8454291296875001 0.5332660640625 0.8387104843750001 0.5292340640625001 0.8212371296875001 0.5100800328124999 0.805107096875 0.4989920328125 0.7977157734375 0.4894160328125 0.7909950968749999 0.4848800328125 0.7896497421875 0.48235799999999995 0.7735217421875 0.47026199999999996 0.7661283875 0.47076599999999996 0.7600803875000001 0.47580600000000006 0.7540323875 0.4889120328125 0.7426070328125001 0.5040320328125001 0.7217743546875 0.5398180640625 0.716397 0.553428096875 0.6928756453125 0.5887101296874999 0.6780909671875001 0.6184481609375
4 0.665322290625 0.6960682265625 0.6673382906249999 0.7162302578124999 0.6646496125 0.7298382578125 0.6646496125 0.759072290625 0.6686836453125 0.762096290625 0.6760749671874999 0.762600290625 0.6969076453125 0.7580642906249999 0.7110216781250001 0.7520162906250001 0.716397 0.748488290625 0.7318543546875 0.743952290625 0.7506710328125 0.7348782578125 0.7668010640625 0.7298382578125 0.7701603875 0.7273182578124999 0.7876337421875 0.7207662578125 0.793011096875 0.7167342578125 0.7916657421875 0.7086702578125 0.78830641875 0.7061482265625 0.7708330640625001 0.7011082265625 0.7392477093750001 0.6839722265625 0.7298383546875 0.6814522265625 0.709005678125 0.67187419375 0.701612321875 0.6703621937500001 0.6901889999999999 0.6628021937499999 0.675402290625 0.65877019375 0.6680109671875 0.65877019375 0.665322290625 0.66381019375 0.665322290625 0.6960682265625
5 0.186585290625 0.21098854843749998 0.1849066453125 0.20688541875 0.1806998703125 0.2040483875 0.17481241875 0.204359321875 0.1727090328125 0.2078324515625 0.1739710640625 0.2116185484375 0.1781778390625 0.21445558125000003 0.1857459671875 0.21477261250000002 0.186585290625 0.21098854843749998
5 0.33569206406249996 0.2799044515625 0.3346779671875 0.27671380624999997 0.33163974218750003 0.27427916093750004 0.327176903125 0.273519096875 0.32271406406250003 0.27427916093750004 0.32048467812500003 0.2754944515625 0.31987296718749997 0.2783863546875 0.31987296718749997 0.280664515625 0.3214987734375 0.2835584515625 0.32453699999999996 0.2850765484375 0.3306256453125 0.28492412968749997 0.33487916093750003 0.2834019671875 0.33569206406249996 0.2799044515625