1 0.6312942453125 0.4620694140625 0.6348920859375 0.48275948281250003 0.652876978125 0.49999975937499996 0.6816553953125 0.4965521375 0.6924467625 0.4793096890625 0.6924467625 0.46896465468750004 0.6672661875 0.41379403437500006 0.6600726625 0.410344240625 0.6312942453125 0.4620694140625
1 0.76798633125 0.48275948281250003 0.75899280625 0.4965521375 0.7571949640625 0.51724220625 0.7697841734375 0.541379896875 0.7859712234375 0.55172493125 0.803956115625 0.55172493125 0.8273388484374999 0.5241374484375 0.8327345328125 0.5103447937500001 0.8327345328125 0.48620710312500004 0.821943165625 0.4793096890625 0.803956115625 0.4931045171875 0.7895690640625 0.4931045171875 0.76798633125 0.48275948281250003
5 0.7800359718750001 0.9279652765625 0.7655388484375 0.9224147593750001 0.7655388484375 0.9267595859375 0.778110790625 0.9298270343749999 0.7800359718750001 0.9279652765625
1 0.78417338125 0.168965171875 0.78417338125 0.1965526546875 0.7913669062500001 0.21034531093750003 0.8111517984375001 0.21379293124999998 0.8237410078125 0.189655240625 0.8237410078125 0.1655175515625 0.8183453234375 0.15862013749999998 0.796762590625 0.15862013749999998 0.78417338125 0.168965171875
1 0.7410079140625 0.15862013749999998 0.7374100718750001 0.1931028625 0.7553949640625001 0.2172405515625 0.76798633125 0.2172405515625 0.7769776984375001 0.2068955171875 0.7751798562500001 0.17586258593749998 0.7643884890625 0.151724896875 0.7553949640625001 0.148275103125 0.7410079140625 0.15862013749999998
1 0.6258985609375001 0.77241393125 0.6115115109375 0.77241393125 0.5899287765625 0.803449034375 0.5899287765625 0.8206893109375001 0.6187050359375 0.875862103125 0.6258985609375001 0.8793097234375 0.6474812953125 0.8689646890624999 0.6600726625 0.834481965625 0.6492812953125 0.7999992406249999 0.6258985609375001 0.77241393125
1 0.7176251796875001 0.7862065859375 0.7176251796875001 0.7999992406249999 0.7230208640625 0.8103442765625 0.744603596875 0.8103442765625 0.7482014390625 0.7999992406249999 0.744603596875 0.782758965625 0.7356122296875001 0.7758615515625 0.7248208640625 0.7758615515625 0.7176251796875001 0.7862065859375
1 0.5341719421875 0.6275856203125 0.5485611515625 0.6275856203125 0.5557546765625 0.6103453453125 0.5557546765625 0.5896552765624999 0.5485611515625 0.579310240625 0.521582734375 0.5896552765624999 0.523380575 0.6103453453125 0.5341719421875 0.6275856203125
1 0.3884884890625 0.6482756890625 0.40827338125 0.6620683453125 0.429856115625 0.655173103125 0.422662590625 0.613792965625 0.4118712234375 0.5827578625000001 0.3723014390625 0.6000003109375001 0.37410143906250004 0.6241380000000001 0.3884884890625 0.6482756890625
1 0.3273381296875 0.403449 0.33633165468750004 0.410344240625 0.34532302187499997 0.4068966203125 0.3489208640625 0.39999920625 0.347123021875 0.3758615171875 0.330935971875 0.37241389687500004 0.3255402875 0.3862065515625 0.3273381296875 0.403449
1 0.287770503125 0.537930103125 0.287770503125 0.55172493125 0.294964028125 0.5655175859375 0.30755323749999997 0.5655175859375 0.3183446046875 0.55172493125 0.3183446046875 0.537930103125 0.3093532375 0.5275872406250001 0.2967618703125 0.5241374484375 0.287770503125 0.537930103125
1 0.37410143906250004 0.727586171875 0.386690646875 0.7000008625 0.387590646875 0.6734474484375 0.37410143906250004 0.6655181375 0.3489208640625 0.689655828125 0.347123021875 0.7137935171875001 0.37410143906250004 0.727586171875
1 0.370503596875 0.84827679375 0.379497121875 0.84827679375 0.386690646875 0.834481965625 0.38309280625 0.8172416890624999 0.3651079140625 0.8172416890624999 0.361510071875 0.82413693125 0.361510071875 0.834481965625 0.370503596875 0.84827679375
1 0.2805748203125 0.6620683453125 0.25000071875 0.6655181375 0.24100719375000001 0.6827584140625 0.246402878125 0.710345896875 0.2823748203125 0.7379312062500001 0.294964028125 0.7344835859375001 0.3111510796875 0.7034484828124999 0.3111510796875 0.689655828125 0.3039575546875 0.675861 0.2805748203125 0.6620683453125
1 0.059351798437500006 0.7999992406249999 0.050360431250000004 0.8172416890624999 0.050360431250000004 0.8448270000000001 0.059351798437500006 0.8620694484375001 0.070143165625 0.8620694484375001 0.07913669062499999 0.8379317593750001 0.07913669062499999 0.8172416890624999 0.071943165625 0.7999992406249999 0.059351798437500006 0.7999992406249999
1 0.01798633125 0.541379896875 0.01798633125 0.56896520625 0.026977698437499996 0.5862076546874999 0.0449647484375 0.5862076546874999 0.055756115625000005 0.5655175859375 0.053956115625 0.541379896875 0.0431647484375 0.5241374484375 0.0287776984375 0.5241374484375 0.01798633125 0.541379896875
2 0.3947826109375 1 0.4640280578125 0.9241374828125 0.46942374062500003 0.8862071374999999 0.4586323734375 0.8827595171875 0.379497121875 0.94137993125 0.313516784375 1 0.3947826109375 1
2 1 0.8278319281250001 0.9730223015625 0.82413693125 0.9478417265625 0.803449034375 0.929856834375 0.7655165171875 0.928056834375 0.7034484828124999 0.9172654671875 0.7034484828124999 0.904676259375 0.720688759375 0.8812956828124999 0.78965420625 0.8812956828124999 0.834481965625 0.8902870500000001 0.86551706875 0.9172654671875 0.8931023796875 0.9442438843750001 0.90689720625 0.9784179859375 0.9034474140625001 1 0.8839751625 1 0.8278319281250001
2 1 0.37142878281249997 0.928056834375 0.4206892765625 0.9136697843749999 0.4413793453125 0.904676259375 0.4931045171875 0.928056834375 0.520689828125 0.9586330937499999 0.5275872406250001 0.9946050359375 0.5137924140625 1 0.509770003125 1 0.37142878281249997
2 0.51318913125 0 0.5053956828125 0.01034420625 0.4892086328125 0.0689646203125 0.49280647499999997 0.151724896875 0.5 0.17931020625 0.5179848921875 0.21379293124999998 0.544963309375 0.234483 0.577337409375 0.234483 0.60072014375 0.2172405515625 0.6241007187500001 0.17586258593749998 0.629496403125 0.1551725171875 0.6330942453125 0.08620706875 0.6241007187500001 0.0379316890625 0.6058381625 0 0.51318913125 0
2 0 0 0 0.11921197187499999 0.003597121875 0.12068979375 0.0611517984375 0.1137923796875 0.088130215625 0.0896546890625 0.10431726562500002 0.051724345312499996 0.102517265625 0.0068965859375 0.1002047953125 0 0 0
2 0.154676259375 0.17931020625 0.133093525 0.20344789687499998 0.12949568281249998 0.2310353796875 0.12949568281249998 0.331033759375 0.133093525 0.36896627656250003 0.1438848921875 0.4206892765625 0.161869784375 0.46896465468750004 0.187050359375 0.4931045171875 0.21762661875 0.4931045171875 0.2643877703125 0.4586196203125 0.2823748203125 0.4275866890625 0.2931661875 0.3862065515625 0.29856187031250003 0.30689606875000003 0.2913661875 0.2586206890625 0.278776978125 0.234483 0.2446050359375 0.20000027656250002 0.18884820156249998 0.17586258593749998 0.154676259375 0.17931020625
1 0.728416546875 0.148275103125 0.7428057546875 0.12068979375 0.744603596875 0.0793096546875 0.7356122296875001 0.055171965625 0.712229496875 0.041379310937500004 0.6942446046875 0.065517 0.6870510796875 0.0999997234375 0.6870510796875 0.12068979375 0.6942446046875 0.1448274828125 0.7194251796875 0.1551725171875 0.728416546875 0.148275103125
1 0.7230208640625 0.9034474140625001 0.7266187046875 0.8862071374999999 0.721223021875 0.8586196546875 0.712229496875 0.8586196546875 0.6960424453125 0.8931023796875 0.705035971875 0.90689720625 0.7230208640625 0.9034474140625001
1 0.8243405453125 0 0.829136690625 0.0275866546875 0.850719425 0.034481896875 0.8669064750000001 0.01034420625 0.8678053234374999 0 0.8243405453125 0
1 0.7877690640624999 0.2586206890625 0.7895690640625 0.2827583796875 0.80036043125 0.296551034375 0.8111517984375001 0.2931034140625 0.821943165625 0.2758631375 0.820143165625 0.2620683109375 0.8057561156249999 0.244828034375 0.7931647484375 0.2482756546875 0.7877690640624999 0.2586206890625
1 0.8363302156250001 0.6379306546875 0.829136690625 0.6724133796875 0.8345323734375001 0.7000008625 0.854317265625 0.7034484828124999 0.8759 0.6862060343749999 0.8776978421875 0.6655181375 0.8561151078125 0.634483034375 0.8435259 0.6310354140625 0.8363302156250001 0.6379306546875
1 0.9028784171875 0.94137993125 0.8812956828124999 0.917242240625 0.8723021578125 0.9241374828125 0.8741 0.9655176203125 0.9010784171875 0.968965240625 0.904676259375 0.96207 0.9028784171875 0.94137993125
1 0.9478417265625 0.6034479312500001 0.9604309359375 0.593102896875 0.9622309359375001 0.56896520625 0.953237409375 0.558620171875 0.9388482015624999 0.558620171875 0.9316546765625 0.5827578625000001 0.9352525187499999 0.6000003109375001 0.9478417265625 0.6034479312500001
1 0.9316546765625 0.39999920625 0.9370503593749999 0.389654171875 0.9370503593749999 0.36896627656250003 0.9190654671875 0.3448285859375 0.9028784171875 0.3103458625 0.89208705 0.265518103125 0.8759 0.26896572343749997 0.8723021578125 0.2758631375 0.8759 0.358621240625 0.8812956828124999 0.3758615171875 0.9154676265624999 0.39999920625 0.9316546765625 0.39999920625
1 0.9100719421875001 0.1413798625 0.897482734375 0.13793006875 0.8848913671874999 0.151724896875 0.8794956828125 0.168965171875 0.8794956828125 0.1931028625 0.8902870500000001 0.20344789687499998 0.9082741000000001 0.20000027656250002 0.9190654671875 0.17931020625 0.9100719421875001 0.1413798625
1 0.9712223015625 0.075862034375 0.9550352515625 0.058621759375000006 0.9442438843750001 0.0620693796875 0.9388482015624999 0.0724144140625 0.9406482015625001 0.1068971375 0.9442438843750001 0.1137923796875 0.9568352515624999 0.11034475937499999 0.9694244609375 0.0896546890625 0.9712223015625 0.075862034375
1 0.8327345328125 0.9448275515625 0.80036043125 0.9241374828125 0.7839920859375 0.9258623796875 0.778596403125 0.9317235515625001 0.7751798562500001 0.9379301375000001 0.7877690640624999 0.9655176203125 0.8075539562499999 0.9793102765624999 0.8255388484375 0.9758626546875 0.8345323734375001 0.96207 0.8327345328125 0.9448275515625
1 0.829136690625 0.8586196546875 0.829136690625 0.889654759375 0.8381302156249999 0.8999997937499999 0.8615107906249999 0.8999997937499999 0.8687043171875001 0.8862071374999999 0.8687043171875001 0.8586196546875 0.8633086328124999 0.8517244140625 0.8345323734375001 0.8517244140625 0.829136690625 0.8586196546875
1 0.8309345328125 0.41724165468749996 0.829136690625 0.43448193125 0.8345323734375001 0.4517243796875 0.8489215828125 0.455172 0.8597129499999999 0.444826965625 0.8597129499999999 0.4206892765625 0.854317265625 0.4068966203125 0.8435259 0.403449 0.8309345328125 0.41724165468749996
1 0.9694244609375 1 0.9694244609375 0.9758626546875 0.9640287765625001 0.95862020625 0.95143956875 0.9551725859375001 0.9298569999999999 1 0.9694244609375 1
1 0.9172663921875 0 0.9442438843750001 0.0241368625 0.9766179859375 0.01034420625 0.9766179859375 0 0.9172663921875 0
5 0.778417265625 0.9310696546875 0.7648913671875001 0.9298270343749999 0.764243884375 0.936620171875 0.7774633093750001 0.9378627937499999 0.778417265625 0.9310696546875
2 0.3561143890625 0.286206 0.386690646875 0.28965579375 0.4136690640625 0.265518103125 0.420862590625 0.2482756546875 0.42536043125 0.1927596203125 0.420862590625 0.189655240625 0.34352517968749996 0.2068955171875 0.3271589921875 0.21172479375000003 0.330935971875 0.24137824062500002 0.3399273375 0.265518103125 0.3561143890625 0.286206
4 0.5260244609375 0.480343759375 0.7842446046875 0.919862171875 0.7874647484375 0.7409660687499999 0.7343712234375 0.5867594484375 0.6330208640625 0.480343759375 0.5260244609375 0.480343759375
3 0.053956115625 0.3448285859375 0.0755388484375 0.331033759375 0.06474748125 0.2724133453125 0.055756115625000005 0.2724133453125 0.0305755390625 0.3103458625 0.0377690640625 0.3448285859375 0.053956115625 0.3448285859375
1 0.1223021578125 0.9206898625 0.12050431718750002 0.948275171875 0.12589999999999998 0.95862020625 0.138489209375 0.9551725859375001 0.14568273437499998 0.9379301375000001 0.14208705 0.90689720625 0.13129568281249998 0.9034474140625001 0.1223021578125 0.9206898625
3 0.2769791359375 0.117242171875 0.278776978125 0.0275866546875 0.2284179859375 0.013794 0.2302158265625 0.0620693796875 0.24280503593749997 0.096552103125 0.2661877703125 0.12068979375 0.2769791359375 0.117242171875
1 0.2805748203125 0.8517244140625 0.294964028125 0.855172034375 0.30035971250000004 0.8448270000000001 0.30035971250000004 0.8275867234375 0.2805748203125 0.8172416890624999 0.2805748203125 0.8517244140625
1 0.3687057546875 0.389654171875 0.379497121875 0.403449 0.3938841734375 0.3965515859375 0.3974820140625 0.38275893125 0.3938841734375 0.35517144843750004 0.3723014390625 0.35517144843750004 0.3651079140625 0.37241389687500004 0.3687057546875 0.389654171875
1 0.3147489203125 0.1068971375 0.3093532375 0.117242171875 0.3093532375 0.148275103125 0.3201446046875 0.168965171875 0.329135971875 0.1655175515625 0.338129496875 0.1413798625 0.338129496875 0.12068979375 0.3327338125 0.1068971375 0.3147489203125 0.1068971375
1 0.3489208640625 0.1034473453125 0.3489208640625 0.13793006875 0.3579143890625 0.15862013749999998 0.37410143906250004 0.1655175515625 0.386690646875 0.151724896875 0.3902884890625 0.1241374140625 0.38309280625 0.1068971375 0.36331007187500003 0.096552103125 0.3489208640625 0.1034473453125
1 0.4352517984375 0.16206993125 0.44064748125 0.17241279375000002 0.4730215828125 0.151724896875 0.4820151078125 0.13793006875 0.485610790625 0.0724144140625 0.4802151078125 0.0620693796875 0.4566553953125 0.1155172765625 0.4352517984375 0.16206993125
1 0.422662590625 0.317241103125 0.41726690624999996 0.331033759375 0.422662590625 0.448276759375 0.4262582734375 0.4586196203125 0.4424453234375 0.4586196203125 0.4478410078125 0.448276759375 0.4424453234375 0.3275861375 0.438849640625 0.317241103125 0.422662590625 0.317241103125
1 0.4640280578125 0.7000008625 0.45683453281249997 0.6724133796875 0.44064748125 0.6724133796875 0.44064748125 0.6862060343749999 0.4478410078125 0.7034484828124999 0.4586323734375 0.706896103125 0.4640280578125 0.7000008625
1 0.4478410078125 0.7758615515625 0.45503669062499996 0.7862065859375 0.462230215625 0.782758965625 0.4676259 0.7655165171875 0.4658280578125 0.7448286203125 0.4478410078125 0.741378828125 0.4442453234375 0.748276240625 0.4478410078125 0.7758615515625
1 0.4586323734375 0.8448270000000001 0.4676259 0.8379317593750001 0.46942374062500003 0.8172416890624999 0.4514388484375 0.8172416890624999 0.4478410078125 0.8275867234375 0.4496410078125 0.8413793796875 0.4586323734375 0.8448270000000001
1 0.5749398078125 1 0.577337409375 0.9965527234374999 0.579137409375 0.9724128625 0.5269784171875 0.9275872765625 0.514389209375 0.9275872765625 0.512589209375 0.968965240625 0.51618705 0.9793102765624999 0.5458638328125 1 0.5749398078125 1
1 0.553956834375 0.706896103125 0.5431654671875 0.706896103125 0.5197848921875 0.77241393125 0.5179848921875 0.7965516203125 0.5359719421875 0.7999992406249999 0.5575546765625 0.762068896875 0.562950359375 0.7448286203125 0.562950359375 0.727586171875 0.553956834375 0.706896103125
1 0.5017978421875 0.4206892765625 0.5395676265625 0.4206892765625 0.5503589921875001 0.4068966203125 0.5485611515625 0.34827620625 0.4982021578125 0.34137879375 0.49280647499999997 0.351723828125 0.49280647499999997 0.41379403437500006 0.5017978421875 0.4206892765625
1 0.6942446046875 0.6034479312500001 0.705035971875 0.6068955515625001 0.7104316546875 0.5965526890625 0.7068338125 0.5724128281249999 0.6960424453125 0.5551725515625 0.6870510796875 0.5551725515625 0.6780575546875001 0.5827578625000001 0.6942446046875 0.6034479312500001
1 0.59892014375 0.48965472343750005 0.5899287765625 0.4793096890625 0.57553956875 0.48620710312500004 0.5737417265625 0.5034473796875 0.577337409375 0.5103447937500001 0.59172661875 0.5103447937500001 0.59892014375 0.48965472343750005