1 0.8668914546875 0.3626206265625 0.8747196421875 0.3849834125 0.887023534375 0.39297226875 0.9004485015625001 0.39297226875 0.9116334671875 0.3833860703125 0.9295298437499999 0.34983974375 0.9485451453125 0.32428012812499996 0.9563754812499999 0.2907338015625 0.9563754812499999 0.2699683578125 0.9485451453125 0.2619816484375 0.936241253125 0.2619816484375 0.9149880984375001 0.28594177656249997 0.9004485015625001 0.297125315625 0.8847878296875 0.303514684375 0.8724839375 0.3194881015625 0.8668914546875 0.34983974375 0.8668914546875 0.3626206265625
1 0.22595078281249997 0.584664025 0.230424340625 0.595847565625 0.24049252812500002 0.603834275 0.253915346875 0.6086263 0.285234540625 0.611820984375 0.2919459515625 0.6006395906249999 0.29418380312500003 0.5782746578125 0.2930648765625 0.5591044093749999 0.285234540625 0.538338965625 0.27852313125 0.53035225625 0.2695738703125 0.53035225625 0.2628624609375 0.53993630625 0.243847159375 0.5495203578125001 0.23378111875 0.56869060625 0.22595078281249997 0.575079975 0.22595078281249997 0.584664025
1 0.2595078296875 0.9440895593749999 0.26062675625 0.9648571499999999 0.267338165625 0.9712465171875 0.2863534671875 0.969649175 0.3199105140625 0.9440895593749999 0.32662192343749996 0.9297134828125 0.32326729374999996 0.908945890625 0.3154369578125 0.9009591828125 0.30648769531250003 0.8977644984375001 0.290827025 0.899361840625 0.2829988359375 0.9041538656249999 0.2729306484375 0.915335259375 0.2617456828125 0.9361028499999999 0.2595078296875 0.9440895593749999
1 0.4910503796875 0.7220440124999999 0.49216930625 0.742811603125 0.534675615625 0.7891366640624999 0.54586058125 0.793928690625 0.6174503796875 0.7284355265625 0.6431770921875 0.7156546453125 0.6577188359374999 0.704473253125 0.6610734671875 0.698083884375 0.659954540625 0.6741216109375 0.6442960171875 0.6341859171875 0.6353467562499999 0.5990422484375 0.62639749375 0.5894560515625 0.612974675 0.584664025 0.5838933328125 0.584664025 0.5738251453125 0.5894560515625 0.5492173609375001 0.6134183265625001 0.5268452796875 0.6421726265625 0.5134224609375 0.664537559375 0.5033564203124999 0.6916923703125 0.49999964218750004 0.6948892015625 0.4910503796875 0.7220440124999999
1 0.398209575 0.4488813796875 0.398209575 0.45846543124999994 0.40268527968749995 0.46645428750000006 0.41834380312499997 0.4680516296875 0.44071588437500003 0.45846543124999994 0.45637655468749994 0.4408946703125 0.4597311859375 0.4313106203125 0.4597311859375 0.4185297375 0.44966514531249996 0.41054302812500004 0.43176662187500003 0.41054302812500004 0.41834380312499997 0.41693239687499994 0.40268527968749995 0.4361026453125 0.398209575 0.4488813796875
1 0.5369134671875 0.4408946703125 0.5425059515624999 0.48083036406249996 0.5559287703125 0.4840250484375 0.592840446875 0.46645428750000006 0.6510074265625 0.4233217640625 0.665549171875 0.40255631875000003 0.6700227296875 0.38817809531249997 0.672258434375 0.3562291125 0.6666659515625 0.3386583515625 0.6588377624999999 0.3290743 0.64541494375 0.32108544375000003 0.612974675 0.3178907609375 0.5861290375 0.32747695781249997 0.5604023265625 0.34983974375 0.544743803125 0.37859404531249996 0.5380302453125 0.4089456875 0.5369134671875 0.4408946703125
1 0.8411625953125 0.47124631250000004 0.8501118562500001 0.48881707343749997 0.856823265625 0.4936112453125 0.865772528125 0.4936112453125 0.8780764203125001 0.48562238906250005 0.90268420625 0.48242770625000003 0.9116334671875 0.4760383390625 0.916107025 0.4648569453125 0.916107025 0.4488813796875 0.91275239375 0.4376999875 0.9004485015625001 0.41693239687499994 0.8903803124999999 0.4089456875 0.8713650109375 0.4073483453125 0.8557043406249999 0.4153350546875 0.8467572265625 0.42811593593749997 0.8400436687499999 0.450478721875 0.8411625953125 0.47124631250000004
1 0.7908280984375 0.292333290625 0.803131990625 0.27955240937500003 0.808724475 0.2667736734375 0.8098433999999999 0.25239544999999997 0.7997773609375 0.2220438078125 0.7662203125 0.20766773125000001 0.746086084375 0.210862415625 0.73825575 0.2204464671875 0.73825575 0.23642203125 0.7438482328125 0.2492007671875 0.7651013875 0.2731630421875 0.7751674265624999 0.2907338015625 0.7807599109375001 0.2939306328125 0.7908280984375 0.292333290625
1 0.48657682343750003 0.244408740625 0.49999964218750004 0.234824690625 0.50223749375 0.2252406390625 0.4832221921875 0.20287570625 0.42617413906249996 0.1693293796875 0.4161080984375 0.170926721875 0.404920984375 0.1645373546875 0.36353360156250003 0.15654849843750002 0.33109548125 0.1581479875 0.32326729374999996 0.166134696875 0.32662192343749996 0.17412140625 0.3389258171875 0.17891343125 0.35011293125 0.1964863390625 0.3545864875 0.215654440625 0.3702450109375 0.2492007671875 0.36912823281249996 0.26038430625000003 0.3534675609375 0.2827470921875 0.3534675609375 0.28753911875 0.3590600453125 0.292333290625 0.37360178906249997 0.28753911875 0.38702460781250003 0.297125315625 0.4060399109375 0.2987226578125 0.4463083671875 0.289136459375 0.46532366875 0.2779550671875 0.48657682343750003 0.244408740625
1 0.4697993734375 0.2715657 0.4697993734375 0.27955240937500003 0.47651078281250003 0.28594177656249997 0.5089489031250001 0.2811497515625 0.539149171875 0.26038430625000003 0.5402680984375 0.24760342500000002 0.534675615625 0.23961671562500003 0.5234906484375 0.23322734843749998 0.498880715625 0.23322734843749998 0.48769575 0.2412140578125 0.47651078281250003 0.255590134375 0.4697993734375 0.2715657
1 0.535794540625 0.11980748906250001 0.5335566890625 0.1341857125 0.535794540625 0.1389777375 0.548098434375 0.1389777375 0.5827744078125 0.13099102812500002 0.5883668906249999 0.123002171875 0.5883668906249999 0.1118207796875 0.574944071875 0.102236728125 0.552571990625 0.1038340703125 0.535794540625 0.11980748906250001
1 0.598435078125 0.186900140625 0.598435078125 0.194888996875 0.6040275609375 0.2012783640625 0.6409392390625 0.19808368125 0.6543620578125 0.1916943125 0.6588377624999999 0.1805107734375 0.655480984375 0.1725240640625 0.6498885015625 0.1693293796875 0.62639749375 0.1693293796875 0.6029086359375 0.1805107734375 0.598435078125 0.186900140625
1 0.49638152343749997 0 0.49552608437499995 0.0031950921875000004 0.494407159375 0.0191685109375 0.4977639375 0.0303520515625 0.5145413875 0.0527148375 0.521252796875 0.0559095203125 0.5302020578125 0.054312179687499997 0.5559287703125 0.0303520515625 0.592840446875 0.0031950921875000004 0.595077775 0 0.49638152343749997 0
1 0.7774052796875 0.06549571875 0.7762863531249999 0.078274453125 0.7829977625 0.0846638203125 0.80536984375 0.0814691375 0.8299776281250001 0.06549571875 0.8344511859375 0.054312179687499997 0.8299776281250001 0.0431307859375 0.82214729375 0.03674141875 0.8076055484375001 0.03674141875 0.7829977625 0.054312179687499997 0.7774052796875 0.06549571875
1 1 0.032822415625000004 0.9944082328125001 0.049520153125 0.9832211187500001 0.06549571875 0.9809854140625 0.078274453125 0.9843400453125 0.0846638203125 0.99328930625 0.09105533593750001 1 0.09105533593750001 1 0.032822415625000004
1 0.9392623703125 0 0.9395980312500001 0.004792434375 0.95302085 0.0111818015625 0.9854589703125001 0.0111818015625 0.9921703796875001 0.0031950921875000004 0.9927299156249999 0 0.9392623703125 0
4 0.157046378125 0 0.1554799109375 0.0015977515625 0.1521252796875 0.023962684375 0.15324420625 0.03194939375 0.17114058125 0.0399361015625 0.21364689062500003 0.049520153125 0.22147722656250002 0.0479228109375 0.22595078281249997 0.03674141875 0.230424340625 4.0937500000000005e-7 0.23042443437500001 0 0.157046378125 0
4 1 0.228999275 0.9642058171875 0.21245975781249998 0.940714809375 0.20766773125000001 0.9183448765625 0.1932916546875 0.879195346875 0.190094825 0.8646536015624999 0.17412140625 0.84899293125 0.166134696875 0.8445193734374999 0.1581479875 0.8422815218749999 0.1581479875 0.838926890625 0.1677320390625 0.8299776281250001 0.1677320390625 0.8008941390625001 0.15495115625 0.7774052796875 0.15654849843750002 0.7706938703125 0.142172421875 0.7438482328125 0.13258837031249998 0.7371368234375 0.12619900312500001 0.7237140046875 0.1246016609375 0.6856812531250001 0.102236728125 0.6644302453125001 0.097444703125 0.6588377624999999 0.09265267656250001 0.648769575 0.09265267656250001 0.6398203125 0.1038340703125 0.6431770921875 0.123002171875 0.65212420625 0.137380396875 0.6510074265625 0.1453671046875 0.655480984375 0.15335381406249998 0.6577188359374999 0.1677320390625 0.6700227296875 0.182108115625 0.67114165625 0.1964863390625 0.6812076953124999 0.210862415625 0.6800887703125 0.2204464671875 0.6834455484374999 0.23322734843749998 0.7058154812499999 0.284344434375 0.7114101125000001 0.308306709375 0.7572710515625001 0.41693239687499994 0.7651013875 0.44408935468750005 0.78635239375 0.49201175781249995 0.798658434375 0.5287549140625 0.8076055484375001 0.53993630625 0.8076055484375001 0.547923015625 0.8232662187500001 0.5495203578125001 0.8736007156250001 0.514376690625 0.8892613875000001 0.50638998125 0.895972796875 0.50638998125 0.9004485015625001 0.498403271875 0.9183448765625 0.4840250484375 0.932886621875 0.47763568125000005 0.9373601796875001 0.47124631250000004 0.99328930625 0.43290796093750006 1 0.42971361874999997 1 0.228999275
4 0.3288597765625 0.61980769375 0.37695856875 0.592650734375 0.37695856875 0.584664025 0.3668903796875 0.5734826328125 0.3120801796875 0.538338965625 0.2930648765625 0.5207660578125 0.2695738703125 0.5079873234375001 0.2483228640625 0.490414415625 0.238254675 0.490414415625 0.2349000453125 0.49520858749999996 0.22371293125 0.5335469390625 0.22147722656250002 0.567093265625 0.231543265625 0.5814693421875 0.23713574999999998 0.5702879484375 0.24496608437499998 0.5654959234375 0.24944178906249997 0.5702879484375 0.24496608437499998 0.5734826328125 0.24496608437499998 0.579872 0.25167749375000004 0.579872 0.253915346875 0.575079975 0.2662192390625 0.579872 0.2662192390625 0.5862613671875 0.2617456828125 0.5942502234375 0.2460850109375 0.5942502234375 0.243847159375 0.5974449078124999 0.2472039375 0.6022369328125 0.258388903125 0.6070289578125 0.290827025 0.6102236421875 0.2986573609375 0.616613009375 0.3288597765625 0.61980769375
1 0.8366890375 0.23961671562500003 0.8366890375 0.2571874765625 0.843400446875 0.263578990625 0.8612968234375 0.25878696562500003 0.8736007156250001 0.2412140578125 0.8736007156250001 0.2220438078125 0.863534675 0.21884912500000003 0.8422815218749999 0.2284353234375 0.8366890375 0.23961671562500003
1 0.9463094406250001 0.337061009375 0.9519019234374999 0.34504771875 0.96644366875 0.348242403125 0.9787475609375 0.34025569375 0.9843400453125 0.3306716421875 0.9843400453125 0.31629341875 0.9709172265625 0.30032000000000003 0.9563754812499999 0.3019173421875 0.9463094406250001 0.32747695781249997 0.9463094406250001 0.337061009375
1 0.25167749375000004 0.21245975781249998 0.2639813875 0.2284353234375 0.2751685015625 0.22683798125000001 0.2863534671875 0.2204464671875 0.3020141390625 0.2044730484375 0.3087255484375 0.1916943125 0.307606621875 0.1805107734375 0.2964195078125 0.1645373546875 0.27964205781249996 0.15335381406249998 0.27740420625 0.1485617890625 0.2695738703125 0.1517564734375 0.26062675625 0.1613426703125 0.25055856875 0.1932916546875 0.25167749375000004 0.21245975781249998
1 0.243847159375 0.118210146875 0.253915346875 0.1086260953125 0.2550342734375 0.097444703125 0.2460850109375 0.0846638203125 0.230424340625 0.0814691375 0.22595078281249997 0.0878585046875 0.22595078281249997 0.10702875468749999 0.231543265625 0.11661280468749999 0.243847159375 0.118210146875
1 0.167620584375 0 0.1679083671875 0.0010867734375 0.169184071875 0.0065336234374999995 0.1717225953125 0.0137860703125 0.1793403125 0.0137860703125 0.18272930625 0.005990440625 0.18823158906249998 0.0005435906249999999 0.18796780156249998 0 0.167620584375 0
1 0.349759640625 0 0.347875078125 0.025560024999999997 0.35011293125 0.03194939375 0.35794111875 0.0399361015625 0.374720715625 0.0399361015625 0.391498165625 0.03194939375 0.40044742656250004 0.020765853125 0.4060399109375 0.004792434375 0.40645954375000004 0 0.349759640625 0
1 0.4038020578125 0.1341857125 0.40156635312500005 0.137380396875 0.40156635312500005 0.1485617890625 0.4060399109375 0.1613426703125 0.41722702500000003 0.170926721875 0.42729306562499997 0.1677320390625 0.4395969578125 0.15335381406249998 0.4395969578125 0.1437697640625 0.4351234 0.1389777375 0.414989171875 0.1341857125 0.4038020578125 0.1341857125
1 0.5145413875 0.089455846875 0.51118675625 0.10702875468749999 0.5167792390625 0.1086260953125 0.5234906484375 0.10543141250000002 0.541387025 0.089455846875 0.552571990625 0.0862611625 0.5536909171875 0.07987179531250001 0.54586058125 0.07188508593750001 0.5302020578125 0.07028774374999999 0.5145413875 0.089455846875
1 0.7505596421875 0.0111818015625 0.749440715625 0.0223631953125 0.7583899781250001 0.03194939375 0.76957494375 0.03194939375 0.7774052796875 0.025560024999999997 0.7796431312500001 0.014376485937499999 0.7751674265624999 0.004792434375 0.7606256828125 0.0031950921875000004 0.7505596421875 0.0111818015625
1 0.9261752124999999 0.1693293796875 0.9261752124999999 0.15654849843750002 0.9183448765625 0.1485617890625 0.899329575 0.1453671046875 0.865772528125 0.15654849843750002 0.8557043406249999 0.1629400125 0.8534664875000001 0.1693293796875 0.8601800453124999 0.17731608906250002 0.892618165625 0.190094825 0.9004485015625001 0.190094825 0.9116334671875 0.175718746875 0.9261752124999999 0.1693293796875
1 0.785235615625 0.4121403703125 0.7841166890625 0.42172442187500003 0.7975395078124999 0.4361026453125 0.8143169578125 0.4361026453125 0.825504071875 0.42172442187500003 0.825504071875 0.39616695156250004 0.82214729375 0.3913727796875 0.8120812531249999 0.3913727796875 0.8008941390625001 0.39616695156250004 0.785235615625 0.4121403703125
1 0.605144340625 0.8354638718749999 0.6040275609375 0.8466452656250001 0.6073821921875 0.854631975 0.6185671593750001 0.859424 0.672258434375 0.8466452656250001 0.6800887703125 0.8402558984375 0.6823266218749999 0.8226829906249999 0.678971990625 0.8130989390625001 0.67114165625 0.8035148875000001 0.6610734671875 0.7987228625 0.6409392390625 0.7971255203125 0.619686084375 0.8115015968750001 0.605144340625 0.8354638718749999