3 0.023334 0.707007165625 0.015 0.707007165625 0.008334 0.716561496875 0.005 0.735668153125 0.01 0.754776815625 0.021665999999999998 0.754776815625 0.028333999999999998 0.7420383765625 0.03 0.7229297140625001 0.023334 0.707007165625
1 0.616666 0.4872615609375 0.62 0.5063702234375 0.6366660000000001 0.5222927703125 0.663334 0.5191086625 0.673334 0.5031841078125 0.673334 0.49362977656249996 0.65 0.44267601875 0.6433340000000001 0.43948990468750004 0.616666 0.4872615609375
1 0.76 0.5700644265625 0.776666 0.5700644265625 0.798334 0.544585540625 0.8033340000000001 0.5318471015624999 0.8033340000000001 0.50955433125 0.793334 0.5031841078125 0.776666 0.5159245546875 0.763334 0.5159245546875 0.743334 0.5063702234375 0.735 0.5191086625 0.7333339999999999 0.538217325 0.745 0.5605100953125 0.76 0.5700644265625
5 0.7545 0.9175475484375 0.741066 0.9124212734375 0.741066 0.9164340125000001 0.752716 0.9192670062499999 0.7545 0.9175475484375
1 0.758334 0.216560190625 0.758334 0.2420390765625 0.765 0.254777515625 0.783334 0.2579616234375 0.795 0.23566885312500002 0.795 0.21337608281249998 0.79 0.207005859375 0.77 0.207005859375 0.758334 0.216560190625
1 0.718334 0.207005859375 0.7150000000000001 0.2388529625 0.7316659999999999 0.26114573281250003 0.743334 0.26114573281250003 0.751666 0.2515914015625 0.75 0.2229304140625 0.74 0.20063764375 0.7316659999999999 0.197451528125 0.718334 0.207005859375
1 0.638999725 1 0.635 0.99044496875 0.62 0.987260859375 0.615 0.9936310828125 0.6157408671875 1 0.638999725 1
1 0.598334 0.773885478125 0.578334 0.802548471875 0.578334 0.8184710187500001 0.605 0.8694267828125 0.611666 0.8726108921875 0.631666 0.8630565609374999 0.6433340000000001 0.831209459375 0.633334 0.79936235625 0.611666 0.773885478125 0.598334 0.773885478125
1 0.696666 0.7866239171875 0.696666 0.79936235625 0.701666 0.8089166875 0.721666 0.8089166875 0.725 0.79936235625 0.721666 0.783439809375 0.7133339999999999 0.7770695859375001 0.703334 0.7770695859375001 0.696666 0.7866239171875
1 0.5166660000000001 0.6242042999999999 0.526666 0.640126846875 0.54 0.640126846875 0.546666 0.6242042999999999 0.546666 0.6050956375000001 0.54 0.59554130625 0.515 0.6050956375000001 0.5166660000000001 0.6242042999999999
1 0.378334 0.6369427390625 0.39166599999999996 0.659235509375 0.41 0.6719739484375 0.43 0.6656057328125 0.423334 0.6273884078124999 0.413334 0.5987254140625 0.376666 0.61464996875 0.378334 0.6369427390625
1 0.333334 0.417197134375 0.335 0.4331216875 0.343334 0.43948990468750004 0.351666 0.436305796875 0.355 0.4299355734375 0.353334 0.407642803125 0.338334 0.40445869375 0.333334 0.417197134375
1 0.298334 0.5573239812499999 0.298334 0.5700644265625 0.305 0.5828028656249999 0.316666 0.5828028656249999 0.326666 0.5700644265625 0.326666 0.5573239812499999 0.318334 0.54777165625 0.306666 0.544585540625 0.298334 0.5573239812499999
1 0.355 0.697452834375 0.353334 0.7197456046874999 0.378334 0.7324840453125 0.39 0.707007165625 0.390834 0.6824833124999999 0.378334 0.6751600640625 0.355 0.697452834375
1 0.366666 0.831209459375 0.375 0.8439499046875 0.383334 0.8439499046875 0.39 0.831209459375 0.386666 0.8152869109375 0.37 0.8152869109375 0.366666 0.821655128125 0.366666 0.831209459375
1 0.263334 0.6751600640625 0.255 0.6910826109375 0.26 0.716561496875 0.293334 0.7420383765625 0.305 0.7388542671875 0.32 0.7101912734375 0.32 0.697452834375 0.313334 0.6847123890625 0.291666 0.6719739484375 0.263334 0.6751600640625
1 0.21000000000000002 0.006368917187500001 0.20166599999999998 0.022293471875000002 0.205 0.050954459375000004 0.213334 0.0636949046875 0.233334 0.057324681249999995 0.241666 0.0445862421875 0.24500000000000002 0.028661687499999998 0.243334 0.012739140625000001 0.233334 0.006368917187500001 0.21000000000000002 0.006368917187500001
1 0.116666 0.015923248437500002 0.116666 0.0350319109375 0.126666 0.0636949046875 0.14333400000000002 0.0605087890625 0.153334 0.041402134374999996 0.153334 0.0254775796875 0.14833400000000002 0.00955503125 0.13 0.006368917187500001 0.116666 0.015923248437500002
1 0.08666599999999999 0.79936235625 0.078334 0.8152869109375 0.078334 0.8407637890625 0.08666599999999999 0.8566883437499999 0.096666 0.8566883437499999 0.10500000000000001 0.8343955734374999 0.10500000000000001 0.8152869109375 0.098334 0.79936235625 0.08666599999999999 0.79936235625
1 0.048334 0.5605100953125 0.048334 0.585986975 0.05666600000000001 0.601911528125 0.073334 0.601911528125 0.08333399999999999 0.5828028656249999 0.081666 0.5605100953125 0.071666 0.544585540625 0.058334 0.544585540625 0.048334 0.5605100953125
2 0.3744427359375 1 0.39166599999999996 0.99044496875 0.461666 0.9140123250000001 0.466666 0.8789811140625 0.45666599999999996 0.87579700625 0.383334 0.9299368796874999 0.315 0.99044496875 0.311666 0.9999993 0.3116663671875 1 0.3744427359375 1
2 0.9800000000000001 0.8280253500000001 0.933334 0.821655128125 0.9099999999999999 0.802548471875 0.893334 0.7675152546875 0.8916660000000001 0.7101912734375 0.8816660000000001 0.7101912734375 0.8699999999999999 0.7261138218750001 0.848334 0.7898080249999999 0.848334 0.831209459375 0.856666 0.8598724515624999 0.8816660000000001 0.8853493312499999 0.9066660000000001 0.8980897765625 0.938334 0.8949036625 0.966666 0.8694267828125 0.9833339999999999 0.8407637890625 0.9800000000000001 0.8280253500000001
2 1 0.3529260453125 0.985 0.378981815625 0.9616659999999999 0.40127458593750004 0.8916660000000001 0.4490442359375 0.8783340000000001 0.4681528984375 0.8699999999999999 0.5159245546875 0.8916660000000001 0.5414014328125 0.9199999999999999 0.54777165625 0.9533340000000001 0.5350312109375001 0.9833339999999999 0.5127384390625 1 0.49025868125 1 0.3529260453125
2 0.656851771875 0 0.663334 0.031847803125000004 0.683334 0.0668790125 0.708334 0.08280156093749999 0.74 0.0796174515625 0.7616660000000001 0.057324681249999995 0.7849999999999999 0.00955503125 0.78666669375 0 0.656851771875 0
2 0.5883339999999999 0.26114573281250003 0.61 0.2229304140625 0.615 0.2038217515625 0.618334 0.1401275484375 0.61 0.09554200625 0.5900000000000001 0.05414057343749999 0.566666 0.0350319109375 0.54 0.031847803125000004 0.521666 0.041402134374999996 0.5 0.0700631203125 0.485 0.12420299374999999 0.48833399999999993 0.20063764375 0.495 0.22611452187499997 0.5116660000000001 0.2579616234375 0.5366660000000001 0.2770702859375 0.566666 0.2770702859375 0.5883339999999999 0.26114573281250003
2 0.011666 0.16242031875000001 0.034999999999999996 0.17197465 0.088334 0.16560442656250002 0.113334 0.14331165625 0.128334 0.1082804453125 0.126666 0.0668790125 0.111666 0.022293471875000002 0.103334 0.012739140625000001 0.088334 0.006368917187500001 0.045 0.012739140625000001 0.016666 0.041402134374999996 0.0016660000000000002 0.0700631203125 0.0016660000000000002 0.14331165625 0.011666 0.16242031875000001
2 0.27666599999999997 0.4840754453125 0.293334 0.455414459375 0.303334 0.417197134375 0.308334 0.34394859843750003 0.301666 0.2993630578125 0.29 0.2770702859375 0.258334 0.245223184375 0.20666600000000002 0.2229304140625 0.175 0.22611452187499997 0.155 0.24840729375 0.151666 0.273886178125 0.151666 0.36624136875 0.155 0.40127458593750004 0.16499999999999998 0.4490442359375 0.181666 0.49362977656249996 0.205 0.5159245546875 0.233334 0.5159245546875 0.27666599999999997 0.4840754453125
1 0.721666 0.13375732499999998 0.7133339999999999 0.11146455468750001 0.691666 0.09872611406250001 0.675 0.12101888593750001 0.668334 0.1528659875 0.668334 0.17197465 0.675 0.1942674203125 0.698334 0.2038217515625 0.706666 0.197451528125 0.72 0.17197465 0.721666 0.13375732499999998
1 0.676666 0.8853493312499999 0.6849999999999999 0.8980897765625 0.701666 0.8949036625 0.705 0.8789811140625 0.7 0.8535022296875001 0.691666 0.8535022296875001 0.676666 0.8853493312499999
1 0.8 0.085987675 0.82 0.0923558921875 0.835 0.0700631203125 0.8366659999999999 0.050954459375000004 0.831666 0.038216018750000004 0.801666 0.038216018750000004 0.795 0.057324681249999995 0.8 0.085987675
1 0.7616660000000001 0.2993630578125 0.763334 0.32165582812500004 0.773334 0.3343942671875 0.783334 0.331210159375 0.793334 0.3152876109375 0.791666 0.302547165625 0.778334 0.2866246171875 0.7666660000000001 0.2898087265625 0.7616660000000001 0.2993630578125
1 0.8066660000000001 0.649681178125 0.8 0.6815282796875 0.805 0.707007165625 0.823334 0.7101912734375 0.8433339999999999 0.6942667203124999 0.845 0.6751600640625 0.825 0.6464970703125 0.813334 0.6433129625 0.8066660000000001 0.649681178125
1 0.866666 0.9554137578124999 0.8699999999999999 0.949045540625 0.8683339999999999 0.9299368796874999 0.848334 0.9076441078125 0.8400000000000001 0.9140123250000001 0.841666 0.9522296499999999 0.866666 0.9554137578124999
1 0.898334 0.61464996875 0.9099999999999999 0.6178340765625 0.9216659999999999 0.6082797453125 0.923334 0.585986975 0.915 0.57643264375 0.901666 0.57643264375 0.8949999999999999 0.5987254140625 0.898334 0.61464996875
1 0.883334 0.378981815625 0.8683339999999999 0.34713471406249996 0.8583339999999999 0.30573327968749997 0.8433339999999999 0.3089173890625 0.8400000000000001 0.3152876109375 0.8433339999999999 0.3917202546875 0.848334 0.407642803125 0.8800000000000001 0.4299355734375 0.8949999999999999 0.4299355734375 0.9 0.4203812421875 0.9 0.40127458593750004 0.883334 0.378981815625
1 0.875 0.1910833125 0.863334 0.187897196875 0.851666 0.20063764375 0.8466659999999999 0.216560190625 0.8466659999999999 0.2388529625 0.856666 0.24840729375 0.873334 0.245223184375 0.883334 0.22611452187499997 0.875 0.1910833125
1 0.9316660000000001 0.13057321718749998 0.916666 0.11465066875 0.9066660000000001 0.11783477656250001 0.901666 0.12738910781249999 0.9033340000000001 0.1592362109375 0.9066660000000001 0.16560442656250002 0.918334 0.16242031875000001 0.93 0.14331165625 0.9316660000000001 0.13057321718749998
1 0.9922224453125 1 0.9966659999999999 0.9936310828125 0.9933339999999999 0.9745224203125 0.9800000000000001 0.9745224203125 0.978334 0.9999993 0.978336565625 1 0.9922224453125 1
1 0.9800000000000001 0.9426753187499999 0.988334 0.9331209875 0.985 0.9108282171875001 0.973334 0.9076441078125 0.9683339999999999 0.9140123250000001 0.97 0.9394912109375 0.9800000000000001 0.9426753187499999
1 1 0.7133746171875 0.9833339999999999 0.6942667203124999 0.975 0.7261138218750001 0.976666 0.7484085984375 0.981666 0.754776815625 1 0.7484085984375 1 0.7133746171875
1 0.773334 0.9140123250000001 0.758166 0.9156053828124999 0.753166 0.9210185671875 0.75 0.9267507640625 0.7616660000000001 0.9522296499999999 0.78 0.9649680890625 0.796666 0.96178398125 0.805 0.949045540625 0.8033340000000001 0.9331209875 0.773334 0.9140123250000001
1 0.8 0.8535022296875001 0.8 0.8821652234374999 0.808334 0.8917195546875 0.8300000000000001 0.8917195546875 0.8366659999999999 0.8789811140625 0.8366659999999999 0.8535022296875001 0.831666 0.8471340125 0.805 0.8471340125 0.8 0.8535022296875001
1 0.801666 0.445860128125 0.8 0.461782675 0.805 0.47770722968749996 0.8183339999999999 0.4808913375 0.8283340000000001 0.47133700625 0.8283340000000001 0.4490442359375 0.823334 0.436305796875 0.813334 0.4331216875 0.801666 0.445860128125
1 0.9260782953125 1 0.93 0.9840767515625 0.93 0.96178398125 0.925 0.9458594265625001 0.9133340000000001 0.9426753187499999 0.893334 0.9840767515625 0.873334 0.9936310828125 0.8728574609375 1 0.9260782953125 1
1 0.9066660000000001 0.08280156093749999 0.936666 0.0700631203125 0.936666 0.057324681249999995 0.908334 0.012739140625000001 0.8800000000000001 0.050954459375000004 0.8816660000000001 0.0605087890625 0.9066660000000001 0.08280156093749999
1 1 0.0329846109375 0.981666 0.0254775796875 0.975 0.041402134374999996 0.975 0.05414057343749999 0.99 0.0732492359375 1 0.0732492359375 1 0.0329846109375
1 1 0.5750679484375001 0.9949999999999999 0.57643264375 0.981666 0.59554130625 0.988334 0.6082797453125 0.998334 0.611465859375 1 0.6096464203124999 1 0.5750679484375001
5 0.753 0.92041465 0.740466 0.9192670062499999 0.7398659999999999 0.9255409234374999 0.752116 0.9266885671875 0.753 0.92041465
2 0.41500000000000004 0.30573327968749997 0.421666 0.2898087265625 0.42583399999999993 0.23853595468750002 0.421666 0.23566885312500002 0.35 0.2515914015625 0.33483399999999996 0.2560515609375 0.338334 0.283438503125 0.34666600000000003 0.30573327968749997 0.361666 0.3248399359375 0.39 0.32802605156250003 0.41500000000000004 0.30573327968749997
4 0.761384 0.7448412734375001 0.7121839999999999 0.602421146875 0.618266 0.504139140625 0.519116 0.504139140625 0.7584 0.9100637890625001 0.761384 0.7448412734375001
3 0.031666 0.659235509375 0.033334 0.6464970703125 0.03 0.630572515625 0.02 0.6242042999999999 0.008334 0.630572515625 0.011666 0.659235509375 0.031666 0.659235509375
3 0.06 0.34713471406249996 0.066666 0.378981815625 0.081666 0.378981815625 0.10166599999999999 0.36624136875 0.091666 0.312101496875 0.08333399999999999 0.312101496875 0.06 0.34713471406249996
1 0.16 1 0.16 0.987260859375 0.145 0.9840767515625 0.14166600000000001 0.99044496875 0.1422915296875 1 0.16 1
1 0.153334 0.8949036625 0.145 0.9108282171875001 0.14333400000000002 0.9363050953125001 0.14833400000000002 0.9458594265625001 0.16 0.9426753187499999 0.166666 0.9267507640625 0.163334 0.8980897765625 0.153334 0.8949036625
3 0.256666 0.1496818796875 0.27833399999999997 0.17197465 0.288334 0.168790540625 0.29 0.085987675 0.243334 0.0732492359375 0.24500000000000002 0.11783477656250001 0.256666 0.1496818796875
1 0.31 0.8407637890625 0.31 0.8248412421875001 0.291666 0.8152869109375 0.291666 0.8471340125 0.305 0.8503181203124999 0.31 0.8407637890625
1 0.37 0.40445869375 0.373334 0.4203812421875 0.383334 0.4331216875 0.396666 0.42675146562500005 0.4 0.41401302500000003 0.396666 0.38853414062499997 0.376666 0.38853414062499997 0.37 0.40445869375
1 0.323334 0.1592362109375 0.318334 0.168790540625 0.318334 0.197451528125 0.328334 0.216560190625 0.336666 0.21337608281249998 0.34500000000000003 0.1910833125 0.34500000000000003 0.17197465 0.33999999999999997 0.1592362109375 0.323334 0.1592362109375
1 0.355 0.1560500953125 0.355 0.187897196875 0.363334 0.207005859375 0.378334 0.21337608281249998 0.39 0.20063764375 0.39333399999999996 0.1751587578125 0.386666 0.1592362109375 0.368334 0.1496818796875 0.355 0.1560500953125
1 0.342333771875 0 0.335 0.012739140625000001 0.333334 0.0254775796875 0.338334 0.04777035 0.36 0.05414057343749999 0.366666 0.0445862421875 0.371666 0.00955503125 0.36966601093749996 0 0.342333771875 0
1 0.45483399999999996 0.16719748437499998 0.43499999999999994 0.210191975 0.44000000000000006 0.21974429999999998 0.47000000000000003 0.20063764375 0.478334 0.187897196875 0.481666 0.12738910781249999 0.476666 0.11783477656250001 0.45483399999999996 0.16719748437499998
1 0.423334 0.35350292968749997 0.41833400000000004 0.36624136875 0.423334 0.4745231203125 0.426666 0.4840754453125 0.441666 0.4840754453125 0.446666 0.4745231203125 0.441666 0.3630572609375 0.43833399999999995 0.35350292968749997 0.423334 0.35350292968749997
1 0.446666 0.7101912734375 0.45666599999999996 0.7133753828125 0.461666 0.707007165625 0.45499999999999996 0.6815282796875 0.44000000000000006 0.6815282796875 0.44000000000000006 0.6942667203124999 0.446666 0.7101912734375
1 0.443334 0.7515927062500001 0.446666 0.7770695859375001 0.453334 0.7866239171875 0.45999999999999996 0.783439809375 0.465 0.7675152546875 0.46333399999999997 0.7484085984375 0.446666 0.7452224843749999 0.443334 0.7515927062500001
1 0.446666 0.8248412421875001 0.448334 0.83757968125 0.45666599999999996 0.8407637890625 0.465 0.8343955734374999 0.466666 0.8152869109375 0.45 0.8152869109375 0.446666 0.8248412421875001
1 0.508334 0.9171984390624999 0.506666 0.9554137578124999 0.51 0.9649680890625 0.546666 0.99044496875 0.5599999999999999 0.99044496875 0.566666 0.9808926437500001 0.568334 0.9585978656249999 0.52 0.9171984390624999 0.508334 0.9171984390624999
1 0.545 0.7133753828125 0.5349999999999999 0.7133753828125 0.513334 0.773885478125 0.5116660000000001 0.7961782484375 0.528334 0.79936235625 0.548334 0.764331146875 0.553334 0.7484085984375 0.553334 0.7324840453125 0.545 0.7133753828125
1 0.48833399999999993 0.44267601875 0.496666 0.4490442359375 0.531666 0.4490442359375 0.541666 0.436305796875 0.54 0.3821659234375 0.49333400000000005 0.3757957 0.48833399999999993 0.38535003125 0.48833399999999993 0.44267601875
1 0.6599999999999999 0.5987254140625 0.675 0.6178340765625 0.6849999999999999 0.621018184375 0.6900000000000001 0.611465859375 0.686666 0.5891710828125001 0.676666 0.573248534375 0.668334 0.573248534375 0.6599999999999999 0.5987254140625
1 0.566666 0.5318471015624999 0.58 0.5318471015624999 0.586666 0.5127384390625 0.578334 0.5031841078125 0.5650000000000001 0.50955433125 0.563334 0.5254768796875 0.566666 0.5318471015624999