2 1 0.5989500890625 0.9921321671875001 0.6036745406249999 0.9825174828125001 0.6167979 0.9763979015625001 0.6312335953125 0.958041259375 0.7165354328125 0.9615384609375001 0.7545931765625 0.9606636359375 0.7769028875 0.95629370625 0.787401575 0.95541888125 0.8057742781250001 0.94405664375 0.8202099734375 0.9458041953125 0.837270340625 0.954546153125 0.85695538125 0.971153146875 0.8805774281250001 0.9825174828125001 0.8871391078125 0.9886370624999999 0.8871391078125 1 0.8812052250000001 1 0.5989500890625
1 0.8234272734375001 0.523622046875 0.84440629375 0.5249343828125 0.8496510484375 0.520997375 0.85664335625 0.5065616796875 0.858390909375 0.4776902890625 0.8531461531250001 0.45538057812500005 0.8487762234374999 0.45013123437499997 0.8409090906250001 0.45013123437499997 0.826922378125 0.443569553125 0.8190552453125 0.4343832015625 0.8146853140625 0.43307086562499997 0.7998258734375 0.4133858265625 0.790209090625 0.3937007875 0.78059440625 0.3923884515625 0.7631125875 0.404199475 0.7534958046875 0.4133858265625 0.7430062937499999 0.43175852968750006 0.740383915625 0.443569553125 0.740383915625 0.45538057812500005 0.74475594375 0.47375328124999994 0.7622377625000001 0.4934383203125 0.7832167828125 0.507874015625 0.8234272734375001 0.523622046875
1 0.5585671328124999 0.2086614171875 0.5620622375 0.22440944843750002 0.5699293703125 0.2375328078125 0.5769237765625 0.24015747968749998 0.59440559375 0.23359580000000002 0.6232517484375 0.2060367453125 0.6319937062500001 0.194225721875 0.6372384609374999 0.1692913390625 0.6372384609374999 0.1469816265625 0.6258741265625 0.12204724375 0.6057699296875 0.0971128609375 0.5891608390624999 0.08923884531250001 0.5760489515625 0.08923884531250001 0.5725517484375 0.093175853125 0.5734265734374999 0.1272965875 0.56730699375 0.1535433078125 0.5576923078125 0.1745406828125 0.5585671328124999 0.2086614171875
1 0.0113629375 0.3845144359375 0.024474825 0.4343832015625 0.03146923125 0.44881889687500004 0.041958740625000004 0.4540682421875 0.0690552453125 0.45013123437499997 0.0830419578125 0.4422572171875 0.10751818124999998 0.4133858265625 0.1127629375 0.40288713906250007 0.1180076921875 0.3832021 0.1162580421875 0.3608923890625 0.1127629375 0.35170603749999996 0.08391678281250001 0.30708661406250004 0.0541958046875 0.27690288750000003 0.042831468750000004 0.2782152234375 0.024474825 0.3044619421875 0.015734965625 0.326771653125 0.010490209375 0.3582677171875 0.0113629375 0.3845144359375
1 0.177447553125 0.11286089218749999 0.19143426562500002 0.12204724375 0.1993013984375 0.11942257187500001 0.21590839218750002 0.10498687656250001 0.222027971875 0.093175853125 0.222902796875 0.0761154859375 0.21590839218750002 0.0485564296875 0.1993013984375 0.0249343828125 0.19230699375 0.0196850390625 0.1765727265625 0.01574803125 0.1643356640625 0.022309710937499998 0.158216084375 0.0406824140625 0.158216084375 0.0656167984375 0.1608384609375 0.0813648296875 0.16695804218750002 0.098425196875 0.177447553125 0.11286089218749999
1 0.0767272703125 1 0.075602796875 0.9956829390624999 0.073024475 0.9724934390625 0.0695881125 0.9570351703125001 0.055865734375 0.9415748031250001 0.0455671328125 0.9338456687500001 0.030122378124999998 0.9608923890625001 0.0266006046875 1 0.0767272703125 1
1 0.20523514999999998 1 0.20541888125000002 0.9947506562499999 0.20017412656250003 0.955380578125 0.19318181875 0.9251968500000001 0.177447553125 0.8897637796875 0.1704552453125 0.8845144359375 0.15734335625 0.8871391078125 0.1459790203125 0.8976377953125001 0.1337419578125 0.922572178125 0.127622378125 0.9593175859375 0.1291272140625 1 0.20523514999999998 1
1 0.076922378125 0.9251968500000001 0.0847895109375 0.960629921875 0.09527902031249999 0.981627296875 0.10576853125 0.9829396328125 0.1110132859375 0.95275590625 0.10751818124999998 0.922572178125 0.0979013984375 0.9160104984374999 0.08041957968749999 0.9146981625 0.076922378125 0.9251968500000001
1 0.072552446875 0.891076115625 0.0821671328125 0.901574803125 0.103146153125 0.9160104984374999 0.1118881125 0.9160104984374999 0.11538531406250001 0.901574803125 0.11538531406250001 0.8845144359375 0.1127629375 0.862204725 0.110140559375 0.8556430453124999 0.0996510484375 0.84514435625 0.090034265625 0.8438320203125 0.08129440624999999 0.847769028125 0.0743 0.8582677171875 0.071677621875 0.8674540687500001 0.0708048953125 0.8832020999999999 0.072552446875 0.891076115625
1 0.320803496875 0.9514435703125 0.335665034375 0.9698162734375 0.3452797203125 0.9750656171875001 0.36888111874999996 0.9685039375000001 0.372378321875 0.960629921875 0.372378321875 0.955380578125 0.366258740625 0.9265091859375 0.3610139859375 0.9133858265624999 0.3382874125 0.8792650921874999 0.3269230765625 0.8700787406250001 0.31468601406249996 0.8674540687500001 0.3076916078125 0.8700787406250001 0.30506923124999996 0.8766404203124999 0.30506923124999996 0.896325459375 0.3076916078125 0.9094488187499999 0.31818111875 0.9370078734374999 0.320803496875 0.9514435703125
1 0.40803205781249996 1 0.415209090625 0.9829396328125 0.416958740625 0.9750656171875001 0.416958740625 0.9475065609375 0.415209090625 0.9370078734374999 0.4047195796875 0.9068241468749999 0.3881125875 0.8805774281250001 0.36975594375 0.8635170609375 0.36276153906249997 0.8635170609375 0.35926643281250004 0.8700787406250001 0.3610139859375 0.8976377953125001 0.3645111890625 0.922572178125 0.36975594375 0.9356955375 0.3732510484375 0.95275590625 0.3732510484375 0.965879265625 0.37674825156249997 0.981627296875 0.38347853125000003 1 0.40803205781249996 1
1 0.40122447499999997 0.7769028875 0.4143363640625 0.795275590625 0.4248258734375 0.8149606296874999 0.43181818125 0.81364829375 0.43269300624999996 0.7979002625 0.4300706296875 0.784776903125 0.41958111875000004 0.753280840625 0.4125867140625 0.7480314953125 0.403846853125 0.75065616875 0.399474825 0.7598425203125 0.40122447499999997 0.7769028875
1 0.7237769234375 0.9881889765625 0.7351391609375 0.9895013125000001 0.7500007 0.981627296875 0.7552454546875 0.9737532812499999 0.75611818125 0.95800525 0.7482510484375 0.922572178125 0.7316440562500001 0.8700787406250001 0.7237769234375 0.8582677171875 0.6529727265624999 0.8123359578124999 0.6381111890625 0.8070866140625 0.6276216781249999 0.80839895 0.6258741265625 0.8149606296874999 0.6276216781249999 0.826771653125 0.6354888109375 0.8438320203125 0.677446853125 0.9081364828125 0.7045454546875 0.9540682421875 0.7176573421875 0.981627296875 0.7237769234375 0.9881889765625
1 0.7797195796875 0.8123359578124999 0.80594335625 0.8438320203125 0.8243 0.84514435625 0.8374118875000001 0.837270340625 0.8479013984374999 0.8228346453125001 0.8540209796875 0.8018372703125 0.8548958046875 0.7769028875 0.8522734265624999 0.7664042 0.8487762234374999 0.76115485625 0.840034265625 0.7572178484375 0.8295447546875 0.746719159375 0.8155601406249999 0.7230971125 0.808565734375 0.69685039375 0.8050706296874999 0.6916010499999999 0.7832167828125 0.6811023625 0.7736020984375 0.6824146984375 0.764860140625 0.688976378125 0.759615384375 0.69685039375 0.75611818125 0.7086614171875001 0.75611818125 0.7349081359375 0.7666076921875 0.7834645671875 0.7797195796875 0.8123359578124999
1 0.24999929999999998 0.6981627296874999 0.271853146875 0.7139107609375 0.2797202796875 0.715223096875 0.2867125875 0.712598425 0.302446853125 0.6955380578125 0.309441259375 0.6719160109375 0.309441259375 0.6167979 0.2963293703125 0.5682414703124999 0.27535034999999997 0.5275590546875 0.26573356718749996 0.5170603671875 0.2578664328125 0.513123359375 0.24825174843750003 0.513123359375 0.24125944062500002 0.5170603671875 0.234265034375 0.5275590546875 0.2272727265625 0.5485564296875001 0.22377552500000003 0.5748031499999999 0.22377552500000003 0.6023622046875 0.22814755312499999 0.6430446187500001 0.24125944062500002 0.6824146984375 0.24999929999999998 0.6981627296874999
1 0.2473769234375 0.41994750625000005 0.24912657343750003 0.44094488125 0.25699370625 0.4645669296875 0.2666083921875 0.4698162734375 0.27272797187500003 0.4645669296875 0.2814678328125 0.45013123437499997 0.28758741250000003 0.4356955375 0.28758741250000003 0.4265091859375 0.2832174828125 0.4186351703125 0.271853146875 0.40813648281250003 0.2578664328125 0.4002624671875 0.24999929999999998 0.40157480312500005 0.2473769234375 0.41994750625000005
1 0.2919573421875 0.5380577421875 0.30594405625 0.5748031499999999 0.31905594375 0.5905511812500001 0.333915384375 0.5944881890625 0.340034965625 0.5918635171875 0.35402167812499996 0.5734908140625 0.36188881093749997 0.5406824140625 0.36276153906249997 0.5091863515624999 0.3575167828125 0.47375328124999994 0.3479020984375 0.4475065609375 0.3365377625 0.43307086562499997 0.322553146875 0.427821521875 0.30594405625 0.43832020937499994 0.299824475 0.446194225 0.2945797203125 0.46719160156250006 0.28758741250000003 0.4829396328125 0.2867125875 0.5013123359375 0.2919573421875 0.5380577421875
1 0.4361881125 0.6181102359375 0.446677621875 0.6286089234375 0.453672028125 0.6325459312499999 0.46241188749999995 0.6312335953125 0.46940629375 0.619422571875 0.47115384687499995 0.593175853125 0.46940629375 0.577427821875 0.45891678281250003 0.5538057750000001 0.45541957968749996 0.5380577421875 0.446677621875 0.520997375 0.4388104890625 0.513123359375 0.42744825156250005 0.5065616796875 0.41783146875000005 0.5091863515624999 0.415209090625 0.520997375 0.41608391562499997 0.5433070859375 0.42569860156250006 0.598425196875 0.4361881125 0.6181102359375
1 0.515734265625 0.4881889765625 0.5559447546875 0.566929134375 0.5620622375 0.572178478125 0.5716790203125 0.5708661421875 0.58129370625 0.5524934390625 0.583916084375 0.5275590546875 0.577796503125 0.4645669296875 0.566434265625 0.406824146875 0.5585671328124999 0.38582677187500003 0.5445804203125 0.36745406875 0.4860132859375 0.31627296562499996 0.446677621875 0.31364829375 0.4388104890625 0.31627296562499996 0.433565734375 0.32152230937500004 0.4265734265625 0.337270340625 0.4265734265625 0.3556430453125 0.433565734375 0.375328084375 0.446677621875 0.3937007875 0.47027902031249996 0.4186351703125 0.515734265625 0.4881889765625
1 0.27535034999999997 0.269028871875 0.2788454546875 0.28215223125 0.285839859375 0.2979002625 0.3076916078125 0.329396325 0.3164335671875 0.329396325 0.31905594375 0.3254593171875 0.3321678328125 0.2834645671875 0.333915384375 0.2677165359375 0.3330426578125 0.2440944875 0.33129300625 0.236220471875 0.3234258734375 0.22965879218750002 0.3085664328125 0.23097112812499998 0.2797202796875 0.241469815625 0.27535034999999997 0.25065616875 0.27535034999999997 0.269028871875
1 0.35402167812499996 0.167979003125 0.3601391609375 0.22834645625 0.365383915625 0.2572178484375 0.3732510484375 0.274278215625 0.38374055937499996 0.274278215625 0.4047195796875 0.2427821515625 0.4125867140625 0.2217847765625 0.4248258734375 0.16141732343749998 0.42569860156250006 0.1181102359375 0.41870629375 0.0761154859375 0.41083916093750006 0.05905511875 0.4047195796875 0.056430446875 0.39335734218749996 0.0603674546875 0.3583916078125 0.0839895015625 0.350524475 0.0997375328125 0.35402167812499996 0.167979003125
1 0.48251818125 0 0.48251818125 0.0144356953125 0.4877629375 0.030183726562500002 0.4903853140625 0.034120734375 0.49825244687500003 0.032808398437500004 0.5078671328125 0.0196850390625 0.5096146859374999 0.0091863515625 0.505165034375 0 0.48251818125 0