1 1 0.29115122968749996 0.9970591765625001 0.292036203125 0.9882357640625001 0.3053108140625 0.9911761765625 0.3584070703125 0.9970591765625001 0.3672575390625 1 0.3672575390625 1 0.29115122968749996
1 1 0.76475096875 0.9852931765624999 0.7831858671874999 0.979412353125 0.8982310359375001 1 0.9395274953125 1 0.76475096875
1 0.11176452968749999 0.5840710796875 0.0764708828125 0.5752206109375 0.047058059375 0.60176983125 0.0352942359375 0.6460178046875 0.050000646875 0.6637165578124999 0.08823470624999999 0.659292415625 0.12352835312499999 0.6371673359375001 0.126470940625 0.6150444421875 0.11176452968749999 0.5840710796875
1 0.12132322656250001 0 0.1058815296875 0.0132737515625 0.0823538828125 0.057521725 0.07941129375 0.1283189203125 0.10000070624999999 0.17256689375 0.126470940625 0.1902656453125 0.1617645875 0.19468978750000002 0.1911774125 0.1769910359375 0.205881646875 0.15044181406249998 0.211764646875 0.075220478125 0.1970582359375 0.0265483625 0.1764716640625 0 0.12132322656250001 0
1 0.638235353125 0.0663721953125 0.6499991765625001 0.0884950890625 0.6823524125 0.11062016875 0.7029418234375 0.106193840625 0.6999992359375 0.0663721953125 0.679412 0.030972504687500003 0.6529417640624999 0.0265483625 0.6411757640625 0.0398229734375 0.638235353125 0.0663721953125
1 0.625489746875 1 0.5999991171875 0.9823006546874999 0.5647054703125 0.9823006546874999 0.555882059375 0.9955752656250001 0.556372246875 1 0.625489746875 1
1 0.449998940625 0.8274338406249999 0.43529470625 0.8451325921875 0.42941170624999997 0.889380565625 0.44117552968749996 0.9115034609375 0.464705353125 0.9159297875 0.4823521765625 0.8938047078125001 0.48529476406249994 0.849556734375 0.4735287640625 0.8318579828124999 0.449998940625 0.8274338406249999
1 0.288234940625 0.5044256015624999 0.3176477640625 0.5265484953125 0.338235 0.566372328125 0.34705841249999997 0.5530977171875 0.34705841249999997 0.491150990625 0.3294115875 0.4557513015625 0.3117647640625 0.4424788765625 0.2647051171875 0.4469030171875 0.2382348828125 0.491150990625 0.2382348828125 0.5176980265625 0.288234940625 0.5044256015624999
1 0.282351940625 0.94690315 0.3205881765625 0.9424768234374999 0.350001 0.964601903125 0.3705882359375 0.964601903125 0.373528646875 0.9424768234374999 0.3647052359375 0.8938047078125001 0.3352945875 0.8362821234375 0.297058353125 0.8097350890625 0.26764770625 0.8053087609375 0.25588170625 0.8141592296875 0.24705829375000002 0.8407084515625 0.24705829375000002 0.8805300968750001 0.25588170625 0.9159297875 0.282351940625 0.94690315
1 0.5794118828125 0.2123885390625 0.541175646875 0.2123885390625 0.5058819999999999 0.25663651249999997 0.49705858750000004 0.323009565625 0.5029415875 0.3362841765625 0.517648 0.3362841765625 0.555882059375 0.30973495624999997 0.5735288828125 0.30973495624999997 0.6205885296875 0.3274337078125 0.623528940625 0.2787615921875 0.6088225296875 0.2389377609375 0.5794118828125 0.2123885390625
1 0.7735291171875 0.0486734421875 0.7705887062500001 0.084070946875 0.7852951171875 0.106193840625 0.8058823531250001 0.106193840625 0.8235291765625 0.0884950890625 0.8235291765625 0.0663721953125 0.791175940625 0.030972504687500003 0.7735291171875 0.0486734421875
1 0.7441184703125 0.274335265625 0.7882355296875 0.30088448749999996 0.8147057640625001 0.3362841765625 0.852942 0.33185785 0.8647058234375 0.30088448749999996 0.8647058234375 0.274335265625 0.8558824125 0.23451361875 0.8411759999999999 0.2079643984375 0.8176461765624999 0.1902656453125 0.7794121171875 0.1902656453125 0.7529418828125001 0.2168148671875 0.7411758828125 0.252212371875 0.7441184703125 0.274335265625
1 0.7852951171875 0.4424788765625 0.7852951171875 0.4557513015625 0.8058823531250001 0.49999927499999997 0.8382355875 0.513273884375 0.8441185875 0.491150990625 0.8411759999999999 0.451327159375 0.8264695874999999 0.4159296546875 0.811765353125 0.41150551249999995 0.7852951171875 0.4424788765625
1 0.6647055875000001 0.6460178046875 0.6647055875000001 0.6681406984375 0.685295 0.6946899203125 0.7323524703125 0.7035403890625 0.7382354703125 0.654868275 0.7117652359375 0.6194685843750001 0.6823524125 0.6194685843750001 0.6647055875000001 0.6460178046875
1 0.3176477640625 0.261062840625 0.2911775296875 0.25663651249999997 0.27058811718750003 0.274335265625 0.2647051171875 0.3053108140625 0.26764770625 0.314159096875 0.3176477640625 0.314159096875 0.3294115875 0.3053108140625 0.3294115875 0.274335265625 0.3176477640625 0.261062840625