2 1 0.6575 0.9800000000000001 0.62625 0.9775 0.61875 0.966666 0.61 0.9550000000000001 0.61125 0.9466659999999999 0.61625 0.9375 0.6287499999999999 0.9316660000000001 0.6425 0.914166 0.72375 0.9175000000000001 0.76 0.916666 0.78125 0.9125 0.79125 0.911666 0.8087500000000001 0.900834 0.8225 0.9025000000000001 0.8387499999999999 0.910834 0.8574999999999999 0.926666 0.8800000000000001 0.9375 0.8862500000000001 0.9433339999999999 0.8862500000000001 0.9625 0.87625 0.974166 0.865 0.9800000000000001 0.85125 0.985834 0.8262499999999999 1 0.8058496546875 1 0.6575
1 0.785834 0.54 0.8058339999999999 0.54125 0.810834 0.5375 0.8175000000000001 0.5237499999999999 0.8191660000000001 0.49625 0.814166 0.475 0.8099999999999999 0.47000000000000003 0.8025 0.47000000000000003 0.789166 0.46375 0.781666 0.45499999999999996 0.7775000000000001 0.45375 0.763334 0.43499999999999994 0.754166 0.41624999999999995 0.745 0.41500000000000004 0.728334 0.42625 0.719166 0.43499999999999994 0.709166 0.4525 0.706666 0.46375 0.706666 0.475 0.710834 0.4925 0.7275 0.51125 0.7474999999999999 0.525 0.785834 0.54
1 0.533334 0.24 0.5366660000000001 0.255 0.5441659999999999 0.26749999999999996 0.5508339999999999 0.27 0.5675 0.26375000000000004 0.595 0.2375 0.603334 0.22625 0.6083339999999999 0.20249999999999999 0.6083339999999999 0.18125 0.5974999999999999 0.1575 0.578334 0.13374999999999998 0.5625 0.12625 0.55 0.12625 0.546666 0.13 0.5475 0.1625 0.541666 0.1875 0.5325 0.20750000000000002 0.533334 0.24
1 0.011666 0.40750000000000003 0.024166 0.45499999999999996 0.030834 0.46875 0.040833999999999995 0.47375 0.066666 0.47000000000000003 0.08 0.4625 0.103334 0.43499999999999994 0.108334 0.425 0.113334 0.40625 0.111666 0.385 0.108334 0.37625000000000003 0.08083399999999999 0.33375 0.052500000000000005 0.305 0.041665999999999995 0.30625 0.024166 0.33125 0.015834 0.3525 0.010834 0.3825 0.011666 0.40750000000000003
1 0.16999999999999998 0.14875 0.183334 0.1575 0.190834 0.155 0.20666600000000002 0.14125000000000001 0.2125 0.13 0.213334 0.11374999999999999 0.20666600000000002 0.0875 0.190834 0.065 0.184166 0.06 0.16916599999999998 0.05625 0.1575 0.0625 0.151666 0.08 0.151666 0.10375000000000001 0.154166 0.11875 0.16 0.135 0.16999999999999998 0.14875
1 0.0756093734375 1 0.072908 0.989638 0.07045 0.9675499999999999 0.067174 0.952826 0.054091999999999994 0.9381 0.044274 0.9307380000000001 0.02955 0.9564999999999999 0.0256292515625 1 0.0756093734375 1
1 0.1962718953125 1 0.196666 0.9887499999999999 0.191666 0.9512499999999999 0.185 0.9225 0.16999999999999998 0.8887499999999999 0.163334 0.88375 0.150834 0.8862500000000001 0.13999999999999999 0.89625 0.128334 0.9199999999999999 0.12250000000000001 0.9550000000000001 0.124166 1 0.1962718953125 1
1 0.074166 0.9225 0.081666 0.95625 0.091666 0.97625 0.10166599999999999 0.9775 0.106666 0.9487500000000001 0.103334 0.9199999999999999 0.094166 0.91375 0.0775 0.9125 0.074166 0.9225
1 0.06999999999999999 0.89 0.079166 0.9 0.099166 0.91375 0.1075 0.91375 0.11083400000000002 0.9 0.11083400000000002 0.88375 0.108334 0.8625 0.10583400000000001 0.85625 0.095834 0.8462500000000001 0.08666599999999999 0.845 0.078334 0.8487500000000001 0.071666 0.85875 0.069166 0.8675 0.06833399999999999 0.8825 0.06999999999999999 0.89
1 0.306666 0.9475 0.320834 0.9650000000000001 0.32999999999999996 0.97 0.3525 0.9637499999999999 0.355834 0.95625 0.355834 0.9512499999999999 0.35 0.9237500000000001 0.34500000000000003 0.9112500000000001 0.323334 0.8787499999999999 0.3125 0.8699999999999999 0.300834 0.8675 0.29416600000000004 0.8699999999999999 0.291666 0.87625 0.291666 0.8949999999999999 0.29416600000000004 0.9075 0.304166 0.9337500000000001 0.306666 0.9475
1 0.387192315625 1 0.396666 0.9775 0.398334 0.97 0.398334 0.94375 0.396666 0.9337500000000001 0.386666 0.905 0.370834 0.8800000000000001 0.353334 0.8637499999999999 0.34666600000000003 0.8637499999999999 0.343334 0.8699999999999999 0.34500000000000003 0.89625 0.34833400000000003 0.9199999999999999 0.353334 0.9324999999999999 0.35666600000000004 0.9487500000000001 0.35666600000000004 0.96125 0.36 0.97625 0.36870769999999997 1 0.387192315625 1
1 0.383334 0.78125 0.395834 0.79875 0.40583400000000003 0.8175000000000001 0.4125 0.8162499999999999 0.413334 0.8012499999999999 0.41083400000000003 0.7887500000000001 0.40083399999999997 0.75875 0.394166 0.7537499999999999 0.385834 0.75625 0.381666 0.765 0.383334 0.78125
1 0.690834 0.9824999999999999 0.701666 0.98375 0.715834 0.97625 0.720834 0.96875 0.721666 0.95375 0.714166 0.9199999999999999 0.698334 0.8699999999999999 0.690834 0.85875 0.623334 0.8150000000000001 0.609166 0.8099999999999999 0.5991660000000001 0.81125 0.5974999999999999 0.8175000000000001 0.5991660000000001 0.82875 0.6066659999999999 0.845 0.646666 0.90625 0.6725 0.95 0.6849999999999999 0.97625 0.690834 0.9824999999999999
1 0.744166 0.8150000000000001 0.769166 0.845 0.7866660000000001 0.8462500000000001 0.799166 0.8387499999999999 0.8091659999999999 0.825 0.8150000000000001 0.805 0.8158340000000001 0.78125 0.813334 0.77125 0.8099999999999999 0.76625 0.801666 0.7625 0.791666 0.7525000000000001 0.778334 0.73 0.771666 0.705 0.7683340000000001 0.7 0.7474999999999999 0.6900000000000001 0.7383339999999999 0.6912499999999999 0.73 0.6975 0.725 0.705 0.721666 0.7162499999999999 0.721666 0.74125 0.7316659999999999 0.7875 0.744166 0.8150000000000001
1 0.239166 0.70625 0.26 0.7212500000000001 0.26749999999999996 0.7224999999999999 0.274166 0.72 0.289166 0.70375 0.29583400000000004 0.68125 0.29583400000000004 0.6287499999999999 0.28333400000000003 0.5825 0.263334 0.54375 0.254166 0.5337500000000001 0.246666 0.53 0.2375 0.53 0.23083399999999998 0.5337500000000001 0.224166 0.54375 0.21749999999999997 0.56375 0.214166 0.58875 0.214166 0.615 0.21833399999999997 0.6537499999999999 0.23083399999999998 0.6912499999999999 0.239166 0.70625
1 0.236666 0.44125 0.238334 0.46125 0.24583400000000002 0.48375 0.255 0.48875 0.260834 0.48375 0.269166 0.47000000000000003 0.275 0.45625 0.275 0.44749999999999995 0.270834 0.44000000000000006 0.26 0.43 0.246666 0.4225 0.239166 0.42374999999999996 0.236666 0.44125
1 0.27916599999999997 0.55375 0.2925 0.58875 0.305 0.60375 0.319166 0.6075 0.325 0.605 0.338334 0.5875 0.34583400000000003 0.55625 0.34666600000000003 0.52625 0.34166599999999997 0.4925 0.3325 0.46749999999999997 0.321666 0.45375 0.308334 0.44875 0.2925 0.45875000000000005 0.286666 0.46624999999999994 0.281666 0.48624999999999996 0.275 0.50125 0.274166 0.51875 0.27916599999999997 0.55375
1 0.41666600000000004 0.63 0.426666 0.64 0.433334 0.64375 0.441666 0.6425 0.448334 0.63125 0.45 0.60625 0.448334 0.5912499999999999 0.43833399999999995 0.56875 0.43499999999999994 0.55375 0.426666 0.5375 0.419166 0.53 0.408334 0.5237499999999999 0.399166 0.52625 0.396666 0.5375 0.3975 0.5587500000000001 0.40666599999999997 0.61125 0.41666600000000004 0.63
1 0.4925 0.50625 0.530834 0.58125 0.5366660000000001 0.5862499999999999 0.5458339999999999 0.585 0.5549999999999999 0.5675 0.5575 0.54375 0.551666 0.48375 0.540834 0.42874999999999996 0.533334 0.40875000000000006 0.52 0.39125 0.46416599999999997 0.34249999999999997 0.426666 0.33999999999999997 0.419166 0.34249999999999997 0.414166 0.34750000000000003 0.40750000000000003 0.3625 0.40750000000000003 0.38 0.414166 0.39875 0.426666 0.41624999999999995 0.44916600000000007 0.44000000000000006 0.4925 0.50625
1 0.263334 0.2975 0.26666599999999996 0.31 0.273334 0.325 0.29416600000000004 0.355 0.3025 0.355 0.305 0.35125 0.3175 0.31124999999999997 0.319166 0.29625 0.318334 0.27375 0.316666 0.26625 0.309166 0.26 0.29500000000000004 0.26125 0.26749999999999996 0.27125 0.263334 0.27999999999999997 0.263334 0.2975
1 0.338334 0.20125 0.344166 0.25875 0.349166 0.28625 0.35666600000000004 0.3025 0.366666 0.3025 0.386666 0.2725 0.394166 0.2525 0.40583400000000003 0.195 0.40666599999999997 0.15375 0.4 0.11374999999999999 0.39249999999999996 0.0975 0.386666 0.095 0.375834 0.09875 0.34249999999999997 0.12125 0.335 0.13625 0.338334 0.20125
1 0.460834 0.04 0.460834 0.05500000000000001 0.46583399999999997 0.06999999999999999 0.46833400000000003 0.07375000000000001 0.475834 0.0725 0.485 0.06 0.48666600000000004 0.05 0.48 0.03625 0.46833400000000003 0.03125 0.46416599999999997 0.03375 0.460834 0.04
1 0.50211476875 0 0.5075000000000001 0.015 0.510834 0.01875 0.5183340000000001 0.02 0.5366660000000001 0.0025 0.537778 0 0.50211476875 0