2 1 0.119723375 0.9926342546875 0.109116021875 0.9861878453124999 0.08149171250000001 0.9797414359375001 0.0662983421875 0.966850828125 0.053867403125000005 0.945672928125 0.0428176796875 0.93922651875 0.0428176796875 0.9272552484375 0.04972375625 0.9097613265625 0.0745856359375 0.9005524859375 0.0953038671875 0.8987116015625001 0.11325966875 0.9106806625000001 0.1284530390625 0.911602209375 0.1477900546875 0.916205525 0.15883977968750002 0.917127071875 0.18232044218750001 0.91344309375 0.222375690625 0.9327801109375 0.312154696875 0.93922651875 0.32734806562499996 0.949354696875 0.34116022031250004 0.9585635359375001 0.3466850828125 0.9714541437499999 0.3480662984375 0.9834254140625 0.33839779062500003 0.9861878453124999 0.330110496875 1 0.30852900625 1 0.119723375
1 0.7670342546875 0.5193370171875 0.775321546875 0.5096685078125 0.7900552484375 0.5027624312500001 0.7983425421875 0.5027624312500001 0.80294585625 0.49723756874999997 0.80847071875 0.47375690625000005 0.806629834375 0.44337016562500003 0.7992640890625 0.42817679531249997 0.7937392265625001 0.4240331484375 0.7716397796875001 0.4254143640625 0.7292817671875 0.44198895 0.7071823203125 0.45718232031249995 0.6887668515625001 0.477900553125 0.6841613265625 0.49723756874999997 0.6841613265625 0.5096685078125 0.68692375625 0.522099446875 0.69797348125 0.5414364640625 0.7081038671875 0.551104971875 0.7265193375 0.5635359109375 0.7366475140625 0.562154696875 0.7467779 0.5414364640625 0.7624309390625 0.5207182328125 0.7670342546875 0.5193370171875
1 0.530386740625 0.7306629828125 0.5119712703125 0.72375690625 0.504603315625 0.7265193375 0.49631602187499996 0.7403314921875 0.49263425468750005 0.756906078125 0.4917127078125 0.7928176796875 0.501840884375 0.8149171265625 0.5082872921875 0.8425414359375001 0.5073657453125 0.8784530390624999 0.5110497234375 0.882596684375 0.5248618781250001 0.882596684375 0.5423580109375 0.8743093921874999 0.5635359109375 0.8480662984375 0.5755071828125 0.8218232046875 0.5755071828125 0.7983425421875 0.5699823203125 0.772099446875 0.56077348125 0.7596685078125 0.530386740625 0.7306629828125
1 0.11418121562500001 0.8508287296875 0.10589392187499999 0.8480662984375 0.0911602203125 0.8577348062500001 0.080110496875 0.8729281765625 0.07366408906250001 0.890883978125 0.07090165781249999 0.9074585640624999 0.07090165781249999 0.9337016578125 0.07734806562499999 0.9530386734375 0.0902386734375 0.9599447515625 0.106813259375 0.9558011046875 0.11418121562500001 0.95027624375 0.13167513749999998 0.9254143640624999 0.13904309374999999 0.8964088390624999 0.138121546875 0.8784530390624999 0.13167513749999998 0.8660221 0.11418121562500001 0.8508287296875
1 0.0441995265625 0 0.0451204421875 0.0055248625 0.058011049999999995 0.03176795625 0.0699823203125 0.0428176796875 0.08379447500000001 0.0455801109375 0.0911602203125 0.0400552484375 0.10773480625000001 0.00276243125 0.10837530625 0 0.0441995265625 0
1 0 0.0882721421875 0.0092088390625 0.087016575 0.0202585640625 0.0759668515625 0.02302099375 0.0690607734375 0.025783425 0.0455801109375 0.025783425 0.027624309375 0.022099446875 0.0124309390625 0.0128906078125 0.0124309390625 0 0.0212932328125 0 0.0882721421875
1 0.23572670312500002 0 0.2283602203125 0.0193370171875 0.22559779062500002 0.033149171875 0.22559779062500002 0.053867403125000005 0.2283602203125 0.060773481250000004 0.23572817656249997 0.0635359109375 0.24861878437499998 0.060773481250000004 0.2605900546875 0.051104971875 0.2845303875 0.015193370312500001 0.29005524843749997 0.001381215625 0.2903482671875 0 0.23572670312500002 0
1 0.29042430937499997 0 0.2882143640625 0.0055248625 0.2845303875 0.03176795625 0.28268950312499996 0.060773481250000004 0.2863712703125 0.0676795578125 0.2937392265625 0.0676795578125 0.31307624375 0.04972375625 0.330570165625 0.022099446875 0.3382569296875 0 0.29042430937499997 0
1 0.3388574578125 0.18922651875000002 0.34622541406249996 0.1837016578125 0.3572751375 0.15055248593749998 0.36003756875000004 0.13674033125 0.35911602187499997 0.12016574531249999 0.3517502765625 0.1187845296875 0.34070055312499997 0.1395027625 0.3268883984375 0.15883977968750002 0.325045303125 0.17679557968749998 0.329650828125 0.1864640890625 0.3388574578125 0.18922651875000002
1 0.630096921875 0 0.6178629828125 0.0207182328125 0.5736640890625 0.088397790625 0.5653767953125 0.10635359062500001 0.5635359109375 0.1187845296875 0.5653767953125 0.12569060781250002 0.5764265187500001 0.1270718234375 0.5920817671874999 0.12154696093749999 0.6666674031250001 0.07320442031249999 0.674954696875 0.060773481250000004 0.6924486187500001 0.0055248625 0.693676365625 0 0.630096921875 0
1 0.7983425421875 0.1754143640625 0.80202651875 0.169889503125 0.8047889500000001 0.15883977968750002 0.803867403125 0.132596684375 0.7974209937500001 0.1104972375 0.7863712703125 0.0953038671875 0.772559115625 0.087016575 0.7532221 0.088397790625 0.725597790625 0.12154696093749999 0.7117856359375 0.1519337015625 0.7007359109375 0.20303867343749998 0.7007359109375 0.23066298281250003 0.7044198890625 0.24309392187499998 0.7099447515625 0.25138121562500004 0.7191535906250001 0.2582872921875 0.7292817671875 0.2596685078125 0.7523027625 0.24861878437499998 0.7559845296875001 0.24309392187499998 0.7633524859375 0.21546961250000002 0.778083978125 0.190607734375 0.7891337015625 0.17955801093749998 0.7983425421875 0.1754143640625
1 0.230203315625 0.32734806562499996 0.230203315625 0.26933701718749997 0.22283535937500001 0.2444751375 0.2062607734375 0.2265193375 0.19889502812499998 0.22375690625 0.190607734375 0.225138121875 0.167586740625 0.2417127078125 0.15838011093749998 0.2582872921875 0.14456795625000002 0.29972375625000003 0.13996243125000002 0.34254143593749997 0.13996243125000002 0.3715469609375 0.143646409375 0.3991712703125 0.1510121546875 0.42127071875000005 0.15838011093749998 0.43232044218750004 0.16574585625 0.4364640890625 0.1758740328125 0.4364640890625 0.1841613265625 0.43232044218750004 0.1942917125 0.42127071875000005 0.2163911609375 0.3784530390625 0.230203315625 0.32734806562499996
1 0.167586740625 0.553867403125 0.1758740328125 0.55524861875 0.190607734375 0.5469613265625 0.20257900625 0.5359116015625001 0.2071823203125 0.5276243093749999 0.2071823203125 0.5179558015625 0.20073591093749998 0.5027624312500001 0.19152928125 0.48756906093749997 0.18508287343750002 0.4820441984375 0.174954696875 0.48756906093749997 0.166667403125 0.5124309390625 0.164824309375 0.5345303875 0.167586740625 0.553867403125
1 0.26243093906250003 0.3535911609375 0.25598452968749996 0.3508287296875 0.2403314921875 0.354972375 0.2265193375 0.3715469609375 0.21178563593750002 0.41022099375 0.2062607734375 0.44889502812500004 0.2071823203125 0.46823204374999994 0.214548065625 0.48480662968750005 0.220072928125 0.506906078125 0.2265193375 0.5151933703125 0.2440154703125 0.52624309375 0.2587469609375 0.5207182328125 0.2707182328125 0.5055248625 0.280846409375 0.477900553125 0.2863712703125 0.440607734375 0.285451934375 0.40745856406250003 0.277164640625 0.3729281765625 0.26243093906250003 0.3535911609375
1 0.391343646875 0.312154696875 0.3821370171875 0.31077348125 0.3747690609375 0.31491712656250004 0.36371933749999996 0.3259668515625 0.3526696125 0.3466850828125 0.34254143593749997 0.40469613281249994 0.3416198890625 0.42817679531249997 0.3443823203125 0.440607734375 0.3545127078125 0.44337016562500003 0.3664817671875 0.4364640890625 0.3747690609375 0.42817679531249997 0.3839779 0.41022099375 0.38766187812499997 0.393646409375 0.39871160156249996 0.3687845296875 0.4005524859375 0.3522099453125 0.39871160156249996 0.3245856359375 0.391343646875 0.312154696875
1 0.5128906078125001 0.48756906093749997 0.5193370171875 0.42127071875000005 0.5165745859374999 0.395027625 0.506446409375 0.3756906078125 0.49631602187499996 0.3743093921875 0.4898718234375 0.3798342546875 0.4475138125 0.46270718281249995 0.3996309390625 0.5359116015625001 0.3747690609375 0.562154696875 0.36095690625 0.5814917125 0.3535911609375 0.6022099453124999 0.3535911609375 0.6215469609375 0.36095690625 0.638121546875 0.3664817671875 0.643646409375 0.3747690609375 0.6464088390625 0.41620552499999997 0.643646409375 0.477900553125 0.58977900625 0.49263425468750005 0.5704419890625 0.500921546875 0.5483425421875 0.5128906078125001 0.48756906093749997
1 0.19797348125 0.6795580109375 0.1942917125 0.693370165625 0.1942917125 0.7127071828125 0.19889502812499998 0.7223756906250001 0.22928176718749999 0.7334254140625001 0.24493480625 0.7348066296875 0.2532221 0.727900553125 0.25506519375000003 0.719613259375 0.25598452968749996 0.69475138125 0.254143646875 0.6781767953125 0.2403314921875 0.6339779 0.2375690609375 0.6298342546875 0.2283602203125 0.6298342546875 0.2053414359375 0.662983425 0.19797348125 0.6795580109375
1 0.2891337015625 0.7058011046875 0.2836088390625 0.7361878453124999 0.277164640625 0.7997237562499999 0.2734806625 0.8715469609375001 0.28176795625 0.888121546875 0.3186011046875 0.912983425 0.330570165625 0.917127071875 0.337016575 0.9143646406249999 0.3453038671875 0.8964088390624999 0.3526696125 0.8522099453124999 0.3517502765625 0.806629834375 0.3388574578125 0.743093921875 0.330570165625 0.720994475 0.30847071875 0.687845303125 0.29742099375 0.687845303125 0.2891337015625 0.7058011046875
1 0.4337016578125 0.9820441984375 0.44106740312500003 0.966850828125 0.43922651874999996 0.9558011046875 0.4290983421875 0.94198895 0.42081105 0.9406077343750001 0.41804861875 0.94475138125 0.41252375625 0.9613259671875 0.41252375625 0.977900553125 0.41620552499999997 0.9848066296875 0.42081105 0.9875690609375001 0.4337016578125 0.9820441984375