1 0.0891472640625 0.7906969765625 0.0813944375 0.7500002328125001 0.0542626828125 0.7383713953125 0.046511945312500004 0.7906969765625 0.0581401390625 0.8081402328125 0.0813944375 0.8023258140625 0.0891472640625 0.7906969765625
1 0 0.237791425 0.0271309265625 0.20930325624999999 0.0232555578125 0.18023325625 0 0.13372165625000001 0 0.237791425
1 0.12790721249999998 0.3255811625 0.10852619375000001 0.3546511625 0.10852619375000001 0.39534790625 0.1240318453125 0.41860558125 0.1511636 0.41860558125 0.1666671625 0.38953558125 0.1511636 0.36628 0.14728614375 0.33139558125 0.12790721249999998 0.3255811625
1 0.1068653484375 0 0.10852619375000001 0.017442093750000002 0.12790721249999998 0.040697675 0.1627897046875 0.04651209375 0.17829535624999998 0.0232565109375 0.17829535624999998 0 0.1068653484375 0
1 0.0969000890625 0.7674413953125 0.1201543875 0.7732558140625 0.13565795 0.7558146515625 0.13565795 0.7267446515625 0.11627901874999999 0.7034890703125 0.0813944375 0.7093013953125 0.0813944375 0.7383713953125 0.0969000890625 0.7674413953125
1 0.182170725 0.2383711625 0.20154965468750002 0.2325588375 0.21317784843749998 0.16279 0.20154965468750002 0.15697767499999998 0.1744179 0.1744188375 0.1744179 0.22093 0.182170725 0.2383711625
1 0.306201309375 0.6046502328125001 0.333333065625 0.6046502328125001 0.344961259375 0.5813946515625 0.3410858921875 0.5523246515625 0.31782950312499997 0.5290690703125 0.294573115625 0.5348834890624999 0.2906977484375 0.5872090703125 0.306201309375 0.6046502328125001
1 0.395349403125 0.13953441875 0.3914719453125 0.24418558125 0.4186037015625 0.28488441875000003 0.4302318953125 0.28488441875000003 0.45736365156250003 0.15116325625 0.45348828281250003 0.098837675 0.4147283328125 0.10465209375 0.395349403125 0.13953441875
1 0.375968384375 0 0.375968384375 9.296875e-7 0.3914719453125 0.0290688375 0.4302318953125 0.0290688375 0.44961291406250004 9.296875e-7 0.449612984375 0 0.375968384375 0
3 0.3410858921875 0.7558146515625 0.348836628125 0.7790702328125 0.372093015625 0.7965113953125 0.379845840625 0.7267446515625 0.344961259375 0.7325590703125 0.3410858921875 0.7558146515625
1 0.47674467031249995 0.7093013953125 0.46899184531250004 0.7267446515625 0.47674467031249995 0.7790702328125 0.48837286406249997 0.7906969765625 0.52325535625 0.7906969765625 0.53488355 0.7616269765625 0.5310081828125 0.7441858140625001 0.49612360000000005 0.7093013953125 0.47674467031249995 0.7093013953125
1 0.6744176984375 0.5290690703125 0.6589141359374999 0.5639534890625 0.66279159375 0.6046502328125001 0.6899233484375 0.6337202328125 0.724805840625 0.62790790625 0.736434034375 0.6104646515625001 0.736434034375 0.5872090703125 0.7093022796875 0.546512325 0.6744176984375 0.5290690703125
2 1 0.0856231625 0.93023169375 0.10465209375 0.8449610578125 0.09302325624999999 0.7906975468749999 0.06395325625 0.763565790625 0.07558209375 0.767441159375 0.16279 0.8798456390625 0.3255811625 0.9341091515625 0.3255811625 0.965116275 0.30813999999999997 0.9961233999999999 0.2674411625 1 0.25581238906250003 1 0.0856231625
1 0.1627897046875 0.7674413953125 0.12790721249999998 0.7674413953125 0.11627901874999999 0.7790702328125 0.11627901874999999 0.8081402328125 0.13953540625 0.8604658140625 0.17054253125000002 0.8720925578125 0.1899214609375 0.8546513953125 0.19379891875 0.8081402328125 0.17829535624999998 0.7790702328125 0.1627897046875 0.7674413953125
1 0.7790693531249999 0.7558146515625 0.759690421875 0.7325590703125 0.713177646875 0.7209302328125 0.7093022796875 0.7441858140625001 0.6937987171875 0.7616269765625 0.6937987171875 0.8023258140625 0.7209304734375 0.8313958140625 0.767441159375 0.8139525578125 0.7790693531249999 0.7906969765625 0.7790693531249999 0.7558146515625
4 0.320330496875 1 0 0.531627040625 0 0.5616115171875 0.12871898125 1 0.320330496875 1
1 1 0.4011620984375 0.9689916437500001 0.4476734890625 0.9612409062499999 0.49418674375 0.9883726625 0.5290690703125 1 0.5290690703125 1 0.4011620984375
3 0.9108527640625 0.6220934890625001 0.9069773953125001 0.6569758140624999 0.9224809578125001 0.7093013953125 0.9418598875 0.7034890703125 0.9573634500000001 0.6802334890624999 0.9689916437500001 0.5872090703125 0.9341091515625 0.5930234890625 0.9108527640625 0.6220934890625001
1 0.9651163687500001 1 0.9612409062499999 0.9709293015625 0.9379845187500001 0.9476737203125 0.9108527640625 0.9593025578125 0.9030999375000001 0.9825581390625 0.90476174375 1 0.9651163687500001 1