1 0.5802809859375 0.9684875921874999 0.5845063374999999 0.9537817687500001 0.5830992953125 0.943277609375 0.5760556343750001 0.9369751140625 0.5704232390625 0.945378440625 0.5704232390625 0.9579834328124999 0.5746485921875 0.9663867609375 0.5802809859375 0.9684875921874999
1 0.1169014078125 0.8172276937499999 0.1014091546875 0.8004210374999999 0.084507746875 0.8004210374999999 0.0746478875 0.78151355 0.064788028125 0.7857152140625 0.064788028125 0.810925196875 0.0816894359375 0.8466393406250001 0.084507746875 0.8655468281250001 0.0943654921875 0.8823534828125 0.10281619687500002 0.8823534828125 0.1169014078125 0.8361351812500001 0.1169014078125 0.8172276937499999
1 0.147888028125 0.8151268609375 0.14506971875000002 0.8214293578125 0.147888028125 0.8403368453125 0.160564084375 0.8424376765625 0.1647894359375 0.8340343484374999 0.16197112656249998 0.8151268609375 0.147888028125 0.8151268609375
1 0.32675985937499996 0.8151268609375 0.3281690140625 0.8319335171875 0.333803521875 0.8403368453125 0.34647957812499997 0.8382360125 0.3535211265625 0.8256310203125 0.352111971875 0.8151268609375 0.32675985937499996 0.8151268609375
1 0.33943591562500003 0.7836143828125001 0.3436612671875 0.8004210374999999 0.352111971875 0.808824365625 0.35915563437500003 0.8004210374999999 0.36197183125 0.77941271875 0.3563373234375 0.771009390625 0.3436612671875 0.768908559375 0.33943591562500003 0.7731102234375 0.33943591562500003 0.7836143828125001
1 0.518309859375 0.7542006296875 0.52816971875 0.7542006296875 0.536620421875 0.745797303125 0.5380274640625 0.7331923109375 0.52816971875 0.7184864875 0.5140845078125 0.7163856546875 0.5098591546875 0.72058731875 0.5084500000000001 0.737393975 0.518309859375 0.7542006296875
1 0.5352112671875 0.903361803125 0.5098591546875 0.9117651296875 0.5098591546875 0.922269290625 0.5154936625000001 0.9348742812499999 0.52816971875 0.9369751140625 0.5352112671875 0.926470953125 0.5352112671875 0.903361803125
1 0.2830992953125 0.9789917515625 0.29718239375 0.964285928125 0.3000007046875 0.9579834328124999 0.29859155 0.9474792734375 0.2901408453125 0.945378440625 0.27887394374999996 0.962185096875 0.27887394374999996 0.97268925625 0.2830992953125 0.9789917515625
1 0.5774647890625 0.0651256515625 0.5845063374999999 0.079831475 0.5957753515624999 0.079831475 0.60422605625 0.06302481875 0.6028169015625 0.0357140046875 0.594366196875 0.02100818125 0.581690140625 0.0189073484375 0.5760556343750001 0.0357140046875 0.5774647890625 0.0651256515625
1 0.6084514078125001 0.37815171406250003 0.6197183093749999 0.380252546875 0.6253528171875 0.3760508828125 0.6281690140625 0.3655467234375 0.6253528171875 0.3487400671875 0.61126760625 0.3466392359375 0.6028169015625 0.3550425625 0.6028169015625 0.3676475546875 0.6084514078125001 0.37815171406250003
1 0.5824232390625 0.3205872359375 0.58652183125 0.313781634375 0.5847049296875 0.3042647390625 0.5792246484375 0.296092965625 0.5696330984375 0.2940342359375 0.572831690625 0.31037778125000004 0.577859859375 0.3185495546875 0.5824232390625 0.3205872359375
1 0.6239436625 0.5651257562499999 0.626759859375 0.5588232609375 0.6253528171875 0.5441174375 0.614083803125 0.537814940625 0.60985845 0.5504199328125 0.61126760625 0.5609240921875001 0.614083803125 0.5651257562499999 0.6239436625 0.5651257562499999
1 0.5929570421875 0.7037806640625 0.5957753515624999 0.6953773359375 0.594366196875 0.6827723453125001 0.5830992953125 0.67857068125 0.5802809859375 0.6827723453125001 0.581690140625 0.70167983125 0.5845063374999999 0.7058814953125 0.5929570421875 0.7037806640625
1 0.639435915625 0.728990646875 0.6309852109375 0.7142848234375 0.6126767609375 0.6995790000000001 0.6028169015625 0.710083159375 0.59859155 0.7226881515625 0.59859155 0.7436964703125 0.60422605625 0.7563035671875 0.6225345078125 0.7626060625 0.633803521875 0.7542006296875 0.639435915625 0.7415956390625 0.639435915625 0.728990646875
1 0.7126760562500001 0.184873071875 0.722535915625 0.19537723125 0.7309866203125 0.19537723125 0.7323936625 0.184873071875 0.7267612671875 0.1617639203125 0.7183105640624999 0.147058096875 0.7126760562500001 0.149158928125 0.7098598593750001 0.1638647515625 0.7126760562500001 0.184873071875
1 0.696070421875 0.2450835875 0.7001838031250001 0.23556669375 0.6919570421875 0.2342026265625 0.6860288734375 0.2444120796875 0.6887605640625 0.252583853125 0.696070421875 0.2450835875
1 0.7112669015625 0.4327733453125 0.7140852109375 0.41806752031250005 0.6985908453125 0.36974838593750003 0.677464084375 0.361345059375 0.6704225359375 0.37184921875 0.6732387328125 0.460084159375 0.6830985921875 0.460084159375 0.7112669015625 0.4327733453125
1 0.7521133796874999 0.36974838593750003 0.747888028125 0.3571433953125 0.740844365625 0.35294173125 0.7309866203125 0.3550425625 0.7309866203125 0.37395005000000003 0.740844365625 0.38235337812500003 0.750704225 0.3760508828125 0.7521133796874999 0.36974838593750003
1 0.79014155 0.41176502499999995 0.7760563375 0.4075633609375 0.7619711265625 0.39495837031250003 0.753520421875 0.39916003437500003 0.760564084375 0.41806752031250005 0.7690147890625 0.42647084843750005 0.7915485921875 0.422269184375 0.79014155 0.41176502499999995
1 0.7394373234375 0.5105041265625 0.7323936625 0.4936974703125 0.7211267609374999 0.4936974703125 0.7211267609374999 0.5021007984375 0.7267612671875 0.5105041265625 0.7394373234375 0.5105041265625
1 0.7211267609374999 0.5819324124999999 0.7084507046875 0.5777307484375 0.7 0.58403324375 0.6985908453125 0.60294073125 0.702816196875 0.6134448906250001 0.702816196875 0.6281507140625 0.7183105640624999 0.62394905 0.7253521125 0.611344059375 0.7267612671875 0.592436571875 0.7211267609374999 0.5819324124999999
1 0.6309852109375 0.79832020625 0.63661971875 0.8046227015625 0.6676063375 0.8046227015625 0.6760570421875001 0.7962193734375 0.677464084375 0.77941271875 0.6732387328125 0.768908559375 0.66197183125 0.7584043984375 0.6422542250000001 0.7563035671875 0.63661971875 0.7647068953125 0.6309852109375 0.79832020625
1 0.6732387328125 0.8214293578125 0.6873239437499999 0.8445385078125 0.697183803125 0.8697484921875 0.7056345078125 0.8718493234375 0.7098598593750001 0.8634459953125001 0.7183105640624999 0.867647659375 0.7267612671875 0.85924433125 0.7309866203125 0.8466393406250001 0.7323936625 0.8172276937499999 0.7197176062499999 0.7857152140625 0.6943654921875 0.7773118859375 0.6859147890624999 0.7857152140625 0.68028239375 0.8025218703125001 0.671831690625 0.8067235343749999 0.6732387328125 0.8214293578125
1 0.7366189750000001 1 0.7295774640625 0.9873950796875001 0.7154922531250001 0.9852942484374999 0.7084507046875 0.993697575 0.7084507046875 1 0.7366189750000001 1
1 0.8239443609375 1 0.8225352109375 0.983193415625 0.8140845078125001 0.9684875921874999 0.805633803125 0.962185096875 0.7915485921875 0.9684875921874999 0.7845070421875 0.981092584375 0.7873232390625 0.9978992390625001 0.7885908015624999 1 0.8239443609375 1
1 0.9239436624999999 0.91596679375 0.9183091546875 0.9117651296875 0.907042253125 0.9138659625000001 0.9084514078125 0.926470953125 0.9239436624999999 0.926470953125 0.9239436624999999 0.91596679375
1 0.8873246484375 0.8571435 0.8830992953125 0.8508410046874999 0.8830992953125 0.8361351812500001 0.8802809859374999 0.8319335171875 0.8704232390625 0.8382360125 0.87183028125 0.867647659375 0.8830992953125 0.884454315625 0.894366196875 0.884454315625 0.9126767609374999 0.867647659375 0.91126760625 0.85924433125 0.9000007046875 0.8613451640625 0.8873246484375 0.8571435
1 0.8485211265625001 0.7136975171875 0.8530845078124999 0.70552574375 0.8530845078124999 0.6898747562499999 0.8485211265625001 0.6742216640625001 0.833916196875 0.666049890625 0.8275211265625 0.679663196875 0.828888028125 0.6966803578125 0.8412112671875001 0.7082559828125 0.8485211265625001 0.7136975171875
1 0.8802809859374999 0.6680665203125 0.87183028125 0.6638648578125 0.8619725359375 0.6638648578125 0.8605633796875001 0.6680665203125 0.8647887328125 0.6806715125 0.8845063375000001 0.6827723453125001 0.8845063375000001 0.6743690171875001 0.8802809859374999 0.6680665203125
1 0.9028169015625 0.76050523125 0.9000007046875 0.7626060625 0.89718239375 0.7836143828125001 0.888731690625 0.808824365625 0.888731690625 0.8193285250000001 0.8929570421875 0.8214293578125 0.90985845 0.8172276937499999 0.914083803125 0.810925196875 0.90985845 0.771009390625 0.9028169015625 0.76050523125
1 0.7672950703125 0.2548951890625 0.7641408453125 0.27077773125000004 0.7617746484375 0.291954453125 0.7633528171874999 0.310188328125 0.7700563375 0.31783594531250003 0.7822950703125 0.32962207499999996 0.7893936625 0.33256281875 0.798070421875 0.33668028125 0.8028028171875 0.33491625625 0.8102964781249999 0.33315223125000004 0.8150288734375 0.3284453578125 0.817788028125 0.3219744578125 0.82173239375 0.3166592265625 0.829633803125 0.310188328125 0.832788028125 0.303719534375 0.8335781687500001 0.2937184796875 0.8331830984374999 0.2801893734375 0.83042183125 0.26901160156250004 0.8205492953125001 0.2525417515625 0.8138457750000001 0.2425217515625 0.8028028171875 0.238404290625 0.7882105640625 0.240168315625 0.7743936625 0.24369847031249997 0.7672950703125 0.2548951890625
1 0.8063521124999999 0.22428577343749997 0.8158169015625001 0.240168315625 0.8300288734375 0.2425217515625 0.8398866203124999 0.240168315625 0.8458021125 0.2342847234375 0.8521126765625 0.2231090546875 0.85645 0.211343975 0.8599992953125 0.1960508453125 0.8592112671875001 0.179557840625 0.8560570421874999 0.16779486562499998 0.8521126765625 0.1607345546875 0.8363373234375 0.1548530671875 0.8221274640624999 0.1589705296875 0.8142387328125 0.162500684375 0.8059570421875 0.17014619687500002 0.8020147890624999 0.1825006890625 0.8004366203125001 0.1978148703125 0.8016197187499999 0.21016725625000002 0.8063521124999999 0.22428577343749997
1 0.9037554171875 0 0.89718239375 0.004201524999999999 0.894366196875 0.014705684375 0.9028169015625 0.031512340625 0.90985845 0.0378148359375 0.9253528171875001 0.033613171875 0.9267598593749999 0.0168065171875 0.9211275109375 0 0.9037554171875 0
1 0.9718305718750001 0 0.9690133796874999 0.006302357812499999 0.9760570421875 0.02100818125 0.9915492953125 0.0357140046875 1 0.036974440625 1 0 0.9718305718750001 0
1 0.9802823937499999 0.5903357390624999 0.9845077468750001 0.5903357390624999 0.997183803125 0.5714282515625 0.997183803125 0.5525207640625001 0.9873239437500001 0.5504199328125 0.9760570421875 0.5588232609375 0.9746478875 0.5693274203125 0.9802823937499999 0.5903357390624999
3 0.8647887328125 0.37184921875 0.8732394359375 0.3760508828125 0.8830992953125 0.3760508828125 0.8859154921875 0.37184921875 0.8845063375000001 0.3550425625 0.8802809859374999 0.3487400671875 0.8633795781250001 0.3550425625 0.8619725359375 0.3655467234375 0.8647887328125 0.37184921875
1 0.31267676093749996 0.33403424375 0.307042253125 0.342437571875 0.307042253125 0.35294173125 0.32112746406250003 0.39285753749999996 0.3352105640625 0.41806752031250005 0.34647957812499997 0.4159666890625 0.352111971875 0.401260865625 0.3563373234375 0.3592442265625 0.352111971875 0.33403424375 0.31267676093749996 0.33403424375
1 0.44929499375 0 0.42957746406249997 0.0357140046875 0.42676126718749996 0.052520659375 0.42957746406249997 0.06302481875 0.44506971875 0.06302481875 0.46338028124999997 0.052520659375 0.492957746875 0.0084031890625 0.4941649703125 0 0.44929499375 0
1 0.50782635 0 0.5072669015625 0.036848621875 0.50904155 0.0636773828125 0.5131549296875 0.0816797015625 0.519055634375 0.089158915625 0.52081760625 0.0812607984375 0.5220007046874999 0.0474159328125 0.5217049296875 0.019705159375 0.52012108125 0 0.50782635 0
1 0.52152533125 0 0.5220007046874999 0.0065339125 0.523183803125 0.0302724703125 0.5220007046874999 0.056638121875 0.522296478125 0.0768486296875 0.5199429578125 0.08432784531250001 0.527605634375 0.090043034375 0.5340852109374999 0.08565191562499999 0.5388028171875 0.0658603109375 0.54085845 0.040818731250000004 0.5426330984375001 0.0118070421875 0.5415330609375 0 0.52152533125 0
1 0.20281745624999997 0 0.1915485921875 0.0105040203125 0.18732323906249998 0.02100818125 0.18732323906249998 0.052520659375 0.19718309843749998 0.071428146875 0.211268309375 0.079831475 0.2197190140625 0.0777306421875 0.2323950703125 0.058823154687500004 0.23521126718750002 0.0378148359375 0.22957676093749999 0.0189073484375 0.2197190140625 0.004201524999999999 0.20281816406250003 0 0.20281745624999997 0
1 0.5225352109375 0.21218388593749998 0.5084500000000001 0.22478887812499998 0.5084500000000001 0.266807621875 0.511268309375 0.27731178125 0.5197190140625 0.2836142765625 0.5352112671875 0.2836142765625 0.54647816875 0.2710092859375 0.549296478125 0.22478887812499998 0.5295767609375 0.21218388593749998 0.5225352109375 0.21218388593749998
1 0.3633809859375 0.2310934796875 0.3704225359375 0.23949680624999997 0.3788732390625 0.23949680624999997 0.3816894359375 0.23529514218749997 0.3816894359375 0.21638554999999998 0.37605704218749997 0.2079822234375 0.36197183125 0.21008305468750002 0.36056267656249996 0.22268804687500002 0.3633809859375 0.2310934796875
3 0.0507049296875 0.264706790625 0.0507049296875 0.2794126140625 0.056337323437499996 0.287815940625 0.064788028125 0.2899167734375 0.0661971828125 0.266807621875 0.0633809859375 0.2626059578125 0.0507049296875 0.264706790625
1 0.084507746875 0.3508408984375 0.0788732390625 0.3592442265625 0.0788732390625 0.37815171406250003 0.09295845 0.38235337812500003 0.10281619687500002 0.3676475546875 0.10422535156249998 0.3550425625 0.084507746875 0.3508408984375
1 0.4746471828125 0.48739497500000006 0.47605633750000004 0.499999965625 0.48309788749999993 0.516806621875 0.49154859218749997 0.5210082859375 0.50140845 0.5126049578125 0.5042246484375 0.499999965625 0.50140845 0.48739497500000006 0.49014155 0.4915966390625 0.48732323906249997 0.48739497500000006 0.4746471828125 0.48739497500000006
1 0.38028239375 0.6428565374999999 0.371831690625 0.6659656890625001 0.3704225359375 0.6869740078125 0.371831690625 0.6953773359375 0.3830985921875 0.7121839921875 0.3943654921875 0.72058731875 0.4112669015625 0.72058731875 0.42957746406249997 0.710083159375 0.4394373234375 0.6932765046875 0.44506971875 0.670167353125 0.44506971875 0.64075570625 0.4394373234375 0.6134448906250001 0.4323936625 0.6008398984375 0.42112676093749996 0.60294073125 0.3985908453125 0.6176465546875 0.38028239375 0.6428565374999999
1 0.319718309375 0.6638648578125 0.332394365625 0.6575623609375 0.349295775 0.6428565374999999 0.3535211265625 0.6344532093749999 0.352111971875 0.6281507140625 0.3352105640625 0.632352378125 0.2957753515625 0.6659656890625001 0.2859154921875 0.6680665203125 0.281690140625 0.6743690171875001 0.281690140625 0.6869740078125 0.29295704218749996 0.689074840625 0.319718309375 0.6638648578125
1 0.29718239375 0.6365540421875 0.29718239375 0.62394905 0.2859154921875 0.594537403125 0.25492887343750004 0.6008398984375 0.25915422499999996 0.6281507140625 0.2478873234375 0.670167353125 0.2478873234375 0.69747816875 0.2521126765625 0.70167983125 0.263379578125 0.69747816875 0.281690140625 0.670167353125 0.29718239375 0.6365540421875
1 0.1563387328125 0.6449573703125 0.1492950703125 0.6596631937499999 0.1436626765625 0.710083159375 0.1563387328125 0.7331923109375 0.17183098593749999 0.73949480625 0.1760563375 0.737393975 0.1830978875 0.7121839921875 0.1845070421875 0.6869740078125 0.1690147890625 0.649159034375 0.1563387328125 0.6449573703125
3 0.0830985921875 0.7184864875 0.0957746484375 0.6218482187500001 0.0943654921875 0.6092432265625 0.084507746875 0.6155457234374999 0.0760570421875 0.6365540421875 0.049295775 0.6806715125 0.045070421875 0.6932765046875 0.045070421875 0.7079823281250001 0.0507049296875 0.7163856546875 0.059155634375 0.72058731875 0.0830985921875 0.7184864875
1 0.1 0.586134075 0.0985908453125 0.5525207640625001 0.0957746484375 0.5483191015625 0.0788732390625 0.5525207640625001 0.0732387328125 0.5693274203125 0.0788732390625 0.5819324124999999 0.0957746484375 0.5966382359375 0.1 0.586134075
1 0.0732387328125 0.4684874875 0.0746478875 0.45168083125 0.06197183125 0.44958 0.059155634375 0.457983328125 0.060562676562499994 0.4663866546875 0.0732387328125 0.4684874875
1 0 0.609052425 0.005633098437499999 0.611344059375 0.014083803124999999 0.6071423953124999 0.018309154687500002 0.594537403125 0.0169021125 0.5819324124999999 0.007042253125 0.5714282515625 0 0.5714282515625 0 0.609052425
1 0.026759859375 0.8991601390625 0.026759859375 0.9243701218749999 0.033803521875 0.93277345 0.042254225 0.9285717859375 0.046479578125 0.9201684578125 0.045070421875 0.9096642984375001 0.026759859375 0.8991601390625
1 0 0.13865476875 0.01126760625 0.13865476875 0.014083803124999999 0.130251440625 0.0154929578125 0.09243646562499999 0.014083803124999999 0.0861339703125 0.0028169015625 0.0861339703125 0 0.092203040625 0 0.13865476875
1 0.8521126765625 0.1428564328125 0.8690140843749999 0.128150609375 0.8732394359375 0.1134447859375 0.8704232390625 0.09243646562499999 0.8633795781250001 0.071428146875 0.8521126765625 0.054621492187499995 0.8323950703125 0.0483189953125 0.8197190140625 0.050419828124999996 0.8014084499999999 0.071428146875 0.7971830984375 0.08823480312500001 0.798592253125 0.1029406265625 0.8098591546874999 0.1239489453125 0.823944365625 0.13865476875 0.8521126765625 0.1428564328125
2 0.29554940625000004 0 0.2901408453125 0.012604853125 0.2873246484375 0.031512340625 0.2901408453125 0.0462181640625 0.33661971875 0.058823154687500004 0.3535211265625 0.058823154687500004 0.35915563437500003 0.054621492187499995 0.3746478875 0.00210069375 0.374939271875 0 0.29554940625000004 0
0 0.074447240625 0 0.090140140625 0.0378148359375 0.097183803125 0.0420165 0.10281619687500002 0.0378148359375 0.11408521093749999 0.012604853125 0.115211678125 0 0.074447240625 0
0 0.6500643953125 0 0.649295775 0.012604853125 0.664788028125 0.0483189953125 0.6746478875 0.054621492187499995 0.6915492953125 0.0189073484375 0.6925248578125001 0 0.6500643953125 0
1 0.4999992953125 0.516806621875 0.4999992953125 0.54621826875 0.5084500000000001 0.5714282515625 0.518309859375 0.575629915625 0.52816971875 0.5735290843749999 0.5394366203125001 0.5609240921875001 0.543661971875 0.5483191015625 0.540845775 0.535714109375 0.5084500000000001 0.514705790625 0.4999992953125 0.516806621875
1 0.44647887343750003 0.38445420937499997 0.428168309375 0.380252546875 0.41690140781249996 0.38655504218750003 0.4084507046875 0.39705920156249996 0.4084507046875 0.4159666890625 0.41971760625 0.4306725125 0.43661901406250003 0.4306725125 0.44506971875 0.4243700171875 0.44929507031249993 0.40336169687499995 0.44647887343750003 0.38445420937499997
1 0.440844365625 0.23529514218749997 0.43802816875 0.23949680624999997 0.43802816875 0.2542026296875 0.45352042187499997 0.29621926875 0.467605634375 0.2941184375 0.4788725359375 0.2794126140625 0.48732323906249997 0.25840429375 0.485916196875 0.24369847031249997 0.48169084531250006 0.23949680624999997 0.440844365625 0.23529514218749997
1 0.435211971875 0.09243646562499999 0.42676126718749996 0.09243646562499999 0.409859859375 0.1029406265625 0.4042253515625 0.1155456171875 0.4056345078125 0.1239489453125 0.41408521093750006 0.13865476875 0.4309866203125 0.155461425 0.442253521875 0.149158928125 0.45492957812499996 0.1155456171875 0.44929507031249993 0.1029406265625 0.435211971875 0.09243646562499999
4 1 0.5030488296875 0.994268309375 0.503256465625 0.9509014078125 0.5631722765625 1 0.6012344281249999 1 0.5030488296875
4 0.7123232390625 0.13512671874999999 0.6155626765625 0.2947688953125 0.76802816875 0.34943262656249996 0.7123232390625 0.13512671874999999
4 0.8970688750000001 1 0.7225781687499999 0.86987479375 0.7561874015625001 1 0.8970688750000001 1
1 0.4309866203125 0.7226881515625 0.42957746406249997 0.7352931421875 0.4338028171875 0.7436964703125 0.44788802812500006 0.7563035671875 0.4591549296875 0.7584043984375 0.473240140625 0.7415956390625 0.4774654921875 0.7184864875 0.473240140625 0.710083159375 0.45352042187499997 0.7058814953125 0.4309866203125 0.7226881515625
1 0.2676049296875 0.8718493234375 0.25492887343750004 0.8361351812500001 0.240845775 0.8361351812500001 0.22676056406249998 0.85924433125 0.22112605625 0.8802526515625001 0.2225352109375 0.8907568109374999 0.243661971875 0.8991601390625 0.256338028125 0.9096642984375001 0.2647887328125 0.9096642984375001 0.2704232390625 0.8970593062500001 0.2676049296875 0.8718493234375