1 0.0968102046875 0.7035837921875 0.1025046015625 0.6726389578124999 0.1025046015625 0.6596082859375 0.0945337578125 0.63680844375 0.0820056484375 0.6286634531249999 0.0683360359375 0.6286634531249999 0.05694724375 0.638437003125 0.0387247375 0.6726389578124999 0.019362915624999998 0.6986981109375 0.0113898859375 0.732900065625 0.0113898859375 0.7540713484375 0.019362915624999998 0.7622141499999999 0.031891025 0.7622141499999999 0.05353148125 0.7377857453125001 0.0683360359375 0.7263836359375 0.0842820953125 0.71986939375 0.0968102046875 0.7035837921875
1 0.7471522546875 0.4495108796875 0.755125284375 0.44299663906250003 0.755125284375 0.43322527656250004 0.7505702046875 0.42182316562500005 0.7403185421875 0.4136803640625 0.726651115625 0.408794684375 0.694761184375 0.40553756406249997 0.6879274718749999 0.4169374859375 0.6856488374999999 0.4397395171875 0.6867881546875 0.45928442968749994 0.694761184375 0.4804557140625 0.701594896875 0.48859851406250004 0.71070724375 0.48859851406250004 0.7175409562499999 0.478827153125 0.7369027796875 0.46905579218750004 0.7471522546875 0.4495108796875
1 0.7072892937499999 0.0960914140625 0.7186780859375 0.074917940625 0.7209567203125 0.06677514062499999 0.719817403125 0.0456016671875 0.712983690625 0.0390874265625 0.6936218671875001 0.0407159875 0.6594533031250001 0.06677514062499999 0.652619590625 0.0814321828125 0.6560353531249999 0.1026056546875 0.6640083828125001 0.11074845625 0.6731207296874999 0.11400557656250002 0.6890667875 0.11237701562499999 0.69703763125 0.1074913359375 0.7072892937499999 0.0960914140625
1 0.47266441875 0.324105171875 0.47608236875000004 0.3208458625 0.48519471562499994 0.2931603390625 0.4840553984375 0.2719868671875 0.4407744875 0.22475642968749998 0.42938569531250004 0.21987074843749999 0.3564912984375 0.286643909375 0.3302957625 0.2996745796875 0.3154890203125 0.3110745015625 0.3120732578125 0.3175887421875 0.31321257343750003 0.3420193359375 0.329156446875 0.38273553125 0.3382687921875 0.4185660453125 0.3473811390625 0.4283395953125 0.361048565625 0.43322527656250004 0.3906598640625 0.43322527656250004 0.40091152656249995 0.4283395953125 0.4259677453125 0.403909003125 0.44874751718750006 0.3745927296875 0.46241494375 0.35179069687500003 0.47266441875 0.324105171875
1 0.5592262421875 0.6042350484375001 0.5751701140625001 0.5846901375 0.5797273796875 0.5716616546875 0.5797273796875 0.56189029375 0.5751701140625001 0.553745303125 0.5592262421875 0.5521167421875 0.53644646875 0.56189029375 0.5205004093750001 0.57980445625 0.517084646875 0.5895758171875001 0.517084646875 0.6026064890625 0.5273341234375 0.610749290625 0.545558815625 0.610749290625 0.5592262421875 0.6042350484375001
1 0.430522825 0.643322684375 0.437358725 0.61237785 0.43849585468749996 0.57980445625 0.4328014578125 0.5390882609375 0.41913403125000004 0.535831140625 0.38154970312500003 0.553745303125 0.3223227328125 0.5977208078125 0.307515990625 0.618892090625 0.3029609109375 0.633551321875 0.3006844640625 0.6661247171875 0.3063788609375 0.6840388796875 0.314349703125 0.693810240625 0.32801712968749996 0.70195523125 0.361048565625 0.7052123515625001 0.38838341718749997 0.6954388015624999 0.4145789515625 0.6726389578124999 0.430522825 0.643322684375
1 0.123005740625 0.5928329375 0.129841640625 0.57003309375 0.12870232343750002 0.5488596218749999 0.1195899765625 0.530945459375 0.11275626406249999 0.5260575890625 0.10364391875000001 0.5260575890625 0.091115809375 0.5342025796875001 0.066059590625 0.5374597 0.05694724375 0.543973940625 0.0523921640625 0.5553738625 0.0523921640625 0.5716616546875 0.0558079265625 0.5830615765625 0.0683360359375 0.6042350484375001 0.07858770000000001 0.61237785 0.097949521875 0.6140064109375001 0.11389558125000002 0.605863609375 0.123005740625 0.5928329375
1 0.1959001359375 0.732900065625 0.190205740625 0.72964075625 0.179954078125 0.731269315625 0.16742596875 0.7442999875 0.161731571875 0.75732846875 0.1605922546875 0.7719877 0.17084173125 0.8029325343749999 0.205010296875 0.8175895765625001 0.22551143437499999 0.8143324562500001 0.2334844640625 0.80456109375 0.2334844640625 0.788273303125 0.22779006875 0.7752448203125 0.20614961250000002 0.750814228125 0.1959001359375 0.732900065625
1 0.5307520734375 0.734528625 0.51139025 0.745928546875 0.48974979531249996 0.7801305015625 0.47608236875000004 0.7899018625 0.4738037359375 0.799673225 0.49316555781250004 0.8224752578125001 0.5512532125 0.8566772125 0.5615026875 0.8550486515625 0.5728936671875 0.8615628921875 0.6150352625 0.8697078828125001 0.6480645109375 0.8680771328124999 0.6560353531249999 0.8599343328125 0.652619590625 0.85179153125 0.64009148125 0.84690585 0.6287005015625 0.8289894984374999 0.624145421875 0.809446775 0.6082015484375 0.7752448203125 0.6093386781250001 0.763842709375 0.6252847375 0.7410428671875 0.6252847375 0.7361571859375 0.6195903421875 0.731269315625 0.6047835984375001 0.7361571859375 0.5911161734375 0.7263836359375 0.5717543515625 0.724755075 0.5307520734375 0.734528625
1 0.488610478125 0.783387621875 0.49999927031249997 0.7687305796875 0.506832984375 0.7524427874999999 0.506832984375 0.7442999875 0.49999927031249997 0.7377857453125001 0.4669700234375 0.7426714265625 0.4362194078125 0.763842709375 0.43508009062499997 0.7768733812499999 0.4407744875 0.7850161828125 0.45216327968750003 0.7915304234375 0.4772216859375 0.7915304234375 0.488610478125 0.783387621875
1 0.399772209375 0.9250811203125 0.42255198125 0.9234525609374999 0.4396351703125 0.9071669578125 0.4419138046875 0.8925077265624999 0.4396351703125 0.8876220453125001 0.4271070609375 0.8876220453125001 0.3917991796875 0.8957648468749999 0.386104784375 0.9039098375 0.386104784375 0.9153097593749999 0.399772209375 0.9250811203125
1 0.3473811390625 0.8566772125 0.371298040625 0.8452772906250001 0.3758531203125 0.8387630484375 0.3758531203125 0.830618059375 0.370158725 0.8241038171874999 0.332574396875 0.8273609375 0.3189069703125 0.8338751796875 0.314349703125 0.8452772906250001 0.317767653125 0.853420090625 0.32346205 0.8566772125 0.3473811390625 0.8566772125
1 0.1628708890625 0.99185646875 0.1879271078125 0.97394230625 0.19362150312499998 0.9625401953124999 0.1947608203125 0.9495117140625 0.1879271078125 0.9429974718749999 0.165147334375 0.9462545921875 0.140091115625 0.9625401953124999 0.13553603593750002 0.97394230625 0.140091115625 0.9853422281249999 0.1480641453125 0.99185646875 0.1628708890625 0.99185646875
4 0 0.8111230109375 0.00341685625 0.8127038953125 0.0273359453125 0.8175895765625001 0.050113531249999996 0.83224661875 0.0899764921875 0.835505928125 0.10478323437499999 0.85179153125 0.12072929375000001 0.8599343328125 0.1252843734375 0.8680771328124999 0.12756300625 0.8680771328124999 0.1309787703125 0.858305771875 0.140091115625 0.858305771875 0.1697046015625 0.87133644375 0.19362150312499998 0.8697078828125001 0.200455215625 0.8843649250000001 0.22779006875 0.8941362859374999 0.23462378125 0.900650528125 0.2482912078125 0.9022790875 0.2870170390625 0.9250811203125 0.3086553078125 0.9299668015625 0.314349703125 0.9348524828125001 0.3246013671875 0.9348524828125001 0.3337137125 0.9234525609374999 0.3302957625 0.9039098375 0.321185603125 0.8892506062500001 0.3223227328125 0.8811078046875 0.317767653125 0.8729650031249999 0.3154890203125 0.858305771875 0.3029609109375 0.8436487296875 0.30182159531249997 0.8289894984374999 0.29157211875 0.8143324562500001 0.292711434375 0.80456109375 0.2892934859375 0.7915304234375 0.26651590000000003 0.73941430625 0.2608193171875 0.7149837140625 0.2141226421875 0.6042350484375001 0.20614961250000002 0.5765473359375 0.18451134375 0.5276883390625 0.1719810484375 0.49022707499999996 0.1628708890625 0.478827153125 0.1628708890625 0.4706843515625 0.1469248296875 0.46905579218750004 0.095673075 0.50488630625 0.079727015625 0.5130291078125 0.072893303125 0.5130291078125 0.0683360359375 0.521171909375 0.050113531249999996 0.535831140625 0.0353067875 0.54234538125 0.0307517078125 0.5488596218749999 0 0.569966675 0 0.8111230109375
4 0.6890667875 0.4071661234375 0.6810937578125 0.4006518828125 0.65034095625 0.3973947625 0.6013656484375 0.42508247499999996 0.6013656484375 0.43322527656250004 0.6116173125000001 0.44462519843750004 0.6674263328125 0.4804557140625 0.6867881546875 0.498372065625 0.71070724375 0.511400546875 0.7323455125 0.5293168984375 0.742597175 0.5293168984375 0.7460129390625 0.5244290296874999 0.75740391875 0.48534139375 0.7596803640625 0.4511394390625 0.7494308890625 0.43648239687499996 0.7437364921875 0.44788231874999995 0.7357634625 0.452768 0.7312061953125 0.44788231874999995 0.7357634625 0.44462519843750004 0.7357634625 0.4381109578125 0.72892975 0.4381109578125 0.726651115625 0.44299663906250003 0.71412300625 0.4381109578125 0.71412300625 0.43159671718750003 0.7186780859375 0.42345172656249996 0.7346241453125 0.42345172656249996 0.7369027796875 0.42019460625000005 0.7334848296875001 0.415308925 0.7220960359374999 0.41042324375000006 0.6890667875 0.4071661234375
1 0.1059225515625 0.8061896546874999 0.12756300625 0.7964161046875 0.133257403125 0.7850161828125 0.133257403125 0.7671020203125 0.126423690625 0.7605855890625 0.108201184375 0.7654712703125 0.095673075 0.783387621875 0.095673075 0.8029325343749999 0.1059225515625 0.8061896546874999
1 0 0.7227507015625 0.0113898859375 0.7214979546875 0.021639362500000002 0.6954388015624999 0.021639362500000002 0.6856674390624999 0.015944965624999998 0.6775246390625 0.0011382234375 0.6742675171875 0 0.6750073203125 0 0.7227507015625
1 0.719817403125 0.8648200125000001 0.730069065625 0.83224661875 0.72892975 0.8127038953125 0.716401640625 0.7964161046875 0.7050106609375 0.7980446640625 0.6936218671875001 0.80456109375 0.6776758093749999 0.8208466968750001 0.6708420953124999 0.8338751796875 0.6719814125 0.8452772906250001 0.6833723921875 0.8615628921875 0.70045558125 0.8729650031249999 0.7027342140624999 0.877850684375 0.71070724375 0.8745935640625 0.719817403125 0.8648200125000001
1 0.755125284375 0.9201954390625 0.7494308890625 0.910424078125 0.7369027796875 0.9087955171875001 0.726651115625 0.9185668796875 0.7255118 0.9299668015625 0.7346241453125 0.9429974718749999 0.7505702046875 0.9462545921875 0.755125284375 0.9397403515624999 0.755125284375 0.9201954390625
1 0.542140865625 0.8876220453125001 0.5626420046875 0.8925077265624999 0.5740329843749999 0.8925077265624999 0.57630943125 0.8892506062500001 0.57630943125 0.877850684375 0.5717543515625 0.8648200125000001 0.5603633718750001 0.8550486515625 0.5501138953125 0.858305771875 0.5375857859375001 0.8729650031249999 0.5375857859375001 0.8827363640625 0.542140865625 0.8876220453125001
1 0.42938569531250004 0.9560259546875001 0.4453295671875 0.9576545140625001 0.46127562656250004 0.9381117921875 0.4646913890625 0.9201954390625 0.45899699375 0.9185668796875 0.45216327968750003 0.921824 0.43394077500000006 0.9381117921875 0.42255198125 0.9413689125 0.421412665625 0.947883153125 0.42938569531250004 0.9560259546875001
1 0.0683360359375 0.835505928125 0.05694724375 0.8501629703125 0.0421405015625 0.8566772125 0.0421405015625 0.8697078828125001 0.050113531249999996 0.877850684375 0.069475353125 0.8811078046875 0.10364391875000001 0.8697078828125001 0.11389558125000002 0.863191453125 0.11617421406249999 0.8566772125 0.10933831406250001 0.8485344109374999 0.076309065625 0.835505928125 0.0683360359375 0.835505928125
1 0.158313621875 0.6302942015624999 0.1697046015625 0.6254063328125 0.1856484734375 0.6091207296875 0.186787790625 0.59934936875 0.1731203640625 0.5846901375 0.156037175 0.5846901375 0.1446461953125 0.59934936875 0.1446461953125 0.6254063328125 0.1480641453125 0.6302942015624999 0.158313621875 0.6302942015624999
1 0.332574396875 0.21661143906250002 0.3542148515625 0.201954396875 0.3690215953125 0.1775238046875 0.370158725 0.16612388281249998 0.36674296093750003 0.15798108125000002 0.35535416875000003 0.1530954 0.3006844640625 0.16612388281249998 0.292711434375 0.1726381234375 0.2904328015625 0.190554475 0.293848565625 0.20032583750000002 0.30182159531249997 0.21009719843750002 0.3120732578125 0.21498287968750002 0.332574396875 0.21661143906250002