4 1 0.6267783015624999 0.523769265625 0.45536431093749996 0.5594420109375 0.8702901078125 1 0.6468365671874999 1 0.6267783015624999
4 0.6231309890625 0.6829047187499999 0.67408860625 0.6408383234375 0.5951067125 0.5547961671875 0.5288622125 0.6561373890625 0.5339632015625 0.6637828984375 0.5568885 0.67143243125 0.6231309890625 0.6829047187499999
4 0.724547584375 0.669261509375 0.72560518125 0.699545771875 0.7277324359375 0.7322202640625 0.7372869890625 0.7529436171875 0.7553384999999999 0.760913053125 0.7797677546874999 0.7696812453125 0.871090946875 0.65890184375 0.8604727656250001 0.65890184375 0.8402919890625 0.6708529828125 0.80737381875 0.677230946875 0.7659566812499999 0.6636823 0.729853659375 0.6700542281249999 0.7585233515625001 0.662086803125 0.724547584375 0.669261509375
0 0.1555852015625 0.3113772453125 0.1496015421875 0.31487003593749996 0.14361788281250001 0.32784526875000003 0.14361788281250001 0.3363277609375 0.150265053125 0.3458081921875 0.17087811718749998 0.354789653125 0.1788563296875 0.3562865625 0.1888290953125 0.352793771875 0.20877663906250002 0.3423154015625 0.2107711921875 0.338323640625 0.2107711921875 0.333333940625 0.20678208437499998 0.3248494375 0.1921546921875 0.310878275 0.17819080781250002 0.30788445468750003 0.163563415625 0.3088823953125 0.1555852015625 0.3113772453125
0 0.220080446875 0.090319425 0.2034564890625 0.090319425 0.1921546921875 0.0923153046875 0.18483998906250002 0.0968060359375 0.18018536093749998 0.10478955625 0.1788563296875 0.11327405937499999 0.18018536093749998 0.1207586109375 0.1828454359375 0.1257483109375 0.19148917031249998 0.13223492187500002 0.2061165640625 0.1387235453125 0.21276574531249998 0.1402204546875 0.220080446875 0.139721484375 0.242686053125 0.1267462515625 0.24800620156250003 0.1207586109375 0.24800620156250003 0.117764790625 0.241357021875 0.10478955625 0.234707840625 0.09730500625 0.22539858437500002 0.09131736562500001 0.220080446875 0.090319425
5 0.0239366484375 0.9451094609374999 0.020611053125 0.9486022515625001 0.020611053125 0.951596071875 0.0239366484375 0.9555878328125 0.031249340625 0.956587784375 0.035238446875 0.9530929828125 0.03590396875 0.9486022515625001 0.031249340625 0.9451094609374999 0.0239366484375 0.9451094609374999
5 0.184176478125 0.908682634375 0.1828454359375 0.90269499375 0.17819080781250002 0.90020014375 0.171541628125 0.90020014375 0.163563415625 0.89770529375 0.1602398296875 0.901198084375 0.1615688609375 0.9091816046875 0.163563415625 0.912175425 0.1682180421875 0.9131733656250001 0.18018536093749998 0.9126743953125 0.184176478125 0.908682634375
5 0.40824402187500003 0.9675651249999999 0.40824402187500003 0.9640723359375001 0.4029258828125 0.9570867546875 0.3969422234375 0.9555878328125 0.390956553125 0.956587784375 0.388962 0.9585836640625001 0.3882984890625 0.9650702750000001 0.3949476703125 0.96956100625 0.4009313296875 0.9715568859375001 0.40624946875 0.9710579156250001 0.40824402187500003 0.9675651249999999
5 0.9221243078124999 1 0.920878371875 0.992515640625 0.9182182984375 0.9880249109375001 0.9115691171875 0.9905197609374999 0.9015963515625 0.9990022515625 0.90218691875 1 0.9221243078124999 1
4 1 0.249286940625 0.63989368125 0.1406791859375 0.6950857015625 0.4606195921875 1 0.2899178375 1 0.249286940625
2 0.5592557593749999 0 0.5405580953125 0.014471951562499998 0.5312508515625 0.027445173437499998 0.52526518125 0.0419153046875 0.5239361484375 0.061876120312500005 0.5259307015625 0.072354490625 0.533908915625 0.090319425 0.5405580953125 0.09830294687499999 0.5618346703125 0.11477097031250001 0.571809446875 0.12025964062500001 0.5964096062500001 0.1277441921875 0.61236603125 0.129740071875 0.62300431875 0.129740071875 0.6396282765625 0.1277441921875 0.64694096875 0.124750371875 0.6522611171875 0.1242514015625 0.6609048515625 0.12025964062500001 0.6874995640625 0.1127750890625 0.7107706921875 0.1137730296875 0.716090840625 0.1122761203125 0.7273926390625001 0.11477097031250001 0.7480057015625 0.115269940625 0.7646276484375 0.114272 0.7859042234375 0.1087833296875 0.8045207234375 0.09979985625 0.8224737125000001 0.08582869531250001 0.830451925 0.072354490625 0.835106553125 0.052894659375 0.833777521875 0.034929725 0.8277918515625 0.0209585625 0.813829978125 0.005488479687500001 0.806516871875 0 0.5592557593749999 0
2 1 0.402387396875 0.9973409359375 0.400698921875 0.9913572765625001 0.39471128125 0.9767278718749999 0.3752494375 0.9680841390625 0.369261796875 0.959442415625 0.36576900625 0.9521277125 0.3642720953125 0.92686203125 0.36327415625000004 0.9035909046875 0.36826385625 0.8869689578125 0.3757484078125 0.8743341062500001 0.38472986875 0.868350446875 0.39121849062499997 0.8597067125000001 0.4056886234375 0.857712159375 0.41317317343750004 0.8570486484375 0.429641196875 0.8590432015625 0.441117509375 0.8623667875000001 0.44910102968750004 0.8676869359375001 0.455589653125 0.8836433609375 0.46906184375000004 0.9042544156250001 0.477045365625 0.91888381875 0.478542275 0.9242019578124999 0.481037125 0.9321801703125001 0.4800391859375 0.9394948718749999 0.48053815625 0.9660895843749999 0.489521628125 0.975398840625 0.4935133890625 0.9886972015625 0.5039917609375 1 0.5097379453124999 1 0.402387396875
2 0.7699477984375 0.6611773890625 0.7839096703124999 0.6681629703125 0.793218925 0.6686619406250001 0.7992025843749999 0.671156790625 0.8091753515625 0.67215473125 0.823139234375 0.671156790625 0.836435584375 0.666666059375 0.8450793187500001 0.659181509375 0.8550540953124999 0.6541918078125 0.8617012656249999 0.6482041671875 0.86901596875 0.6462082875 0.8783252234375001 0.6367258437500001 0.8863034359374999 0.6227546828125 0.8869689578125 0.606785628125 0.885637915625 0.6012969578125 0.8776597015625001 0.5868268265625 0.8630323078125001 0.5773443828125 0.8371011062499999 0.5663670421875 0.8257972984374999 0.5638721921875 0.8151590109375 0.5593814609375001 0.80784631875 0.5578845515624999 0.7998660953125001 0.5578845515624999 0.7938824359375001 0.5553897 0.7859042234375 0.5543917609375 0.7779260109374999 0.5568866109374999 0.7606385421875 0.55289485 0.753323840625 0.5484041203125 0.7506657765625 0.5434124078125 0.746674659375 0.541915496875 0.7440165953125 0.53842270625 0.7386964468749999 0.5369257968750001 0.724734575 0.529940215625 0.716090840625 0.5224556640625 0.706781584375 0.5174659640625 0.6954777765625 0.5149691015625 0.6708776171874999 0.51447013125 0.6595738078125 0.5164680234375 0.6316480531249999 0.5254494843749999 0.6236698406250001 0.5304391859375001 0.6216752875 0.5339319765625 0.615691628125 0.53842270625 0.6117025218750001 0.5449093171875 0.609042446875 0.5573855812499999 0.610371478125 0.5653691015625 0.60970796875 0.5753485031250001 0.615691628125 0.5938124078125 0.6329790953125001 0.6092804796875 0.648935521875 0.6182639515624999 0.6609048515625 0.6227546828125 0.6722066484375 0.6252495328125 0.701463446875 0.6272454125 0.706781584375 0.6302392328125 0.721408978125 0.6342309937499999 0.7333783078125 0.6392206953125 0.743351075 0.6467072578125 0.759973021875 0.6541918078125 0.7699477984375 0.6611773890625
2 0 0.4138378796875 0.002660075 0.41616699375 0.023271128125000002 0.419659784375 0.037898521875 0.41616699375 0.0465422546875 0.40818347343749994 0.052525915624999996 0.3992020125 0.056515021875 0.38971956875 0.0671533078125 0.3757484078125 0.0724734578125 0.36576900625 0.0817827125 0.3552886234375 0.0970736171875 0.3268453171875 0.10571735156249999 0.31536900625 0.108377425 0.3088823953125 0.109042946875 0.302395784375 0.1077119046875 0.29391128125 0.0997336921875 0.27944114999999997 0.0950790640625 0.2649710171875 0.0744680109375 0.22205556875000002 0.0644952453125 0.1951091734375 0.0605061390625 0.1891215328125 0.052525915624999996 0.182634921875 0.0412241171875 0.1806390421875 0.023271128125000002 0.1811380125 0.020611053125 0.1821359515625 0.015292915625 0.18812359218750002 0.003323584375 0.21556895781250002 0 0.2287586015625 0 0.4138378796875
2 0.14228684062500002 0.4865278078125 0.13696870156250002 0.489521628125 0.135637659375 0.49251544843749995 0.126330415625 0.49600823906249997 0.1243358609375 0.5004989703125 0.12167578750000001 0.5004989703125 0.11502660625000001 0.503492790625 0.111703021875 0.50698558125 0.108377425 0.5074845515625 0.105053840625 0.5099794015625 0.09906817031250001 0.5224556640625 0.0871008515625 0.529940215625 0.0824462234375 0.5379237359375 0.0817827125 0.5593814609375001 0.0844407765625 0.587325796875 0.08643532968749999 0.6746515921875 0.0890954046875 0.695109365625 0.087766371875 0.7055897484375 0.0890954046875 0.717066059375 0.0910899578125 0.721556790625 0.10039921249999999 0.72754443125 0.12832496875 0.737026875 0.135637659375 0.738523784375 0.1429523609375 0.7375258437500001 0.150265053125 0.7350289828125 0.1582452765625 0.7280434015624999 0.1615688609375 0.72255473125 0.171541628125 0.71357326875 0.1901601390625 0.6916165750000001 0.2021274578125 0.681138203125 0.220080446875 0.6576845984374999 0.23869694687499998 0.6392206953125 0.253324340625 0.6197608625 0.26329710624999997 0.6097794484375 0.2779265109375 0.5868268265625 0.2832446484375 0.568362921875 0.28457368125000004 0.556387640625 0.28789927656250003 0.5454082875 0.29388293593750003 0.51197528125 0.29787204218749996 0.499002059375 0.3005321171875 0.48053815625 0.3051867453125 0.465569053125 0.3078448078125 0.439121628125 0.3111704046875 0.429142228125 0.3111704046875 0.418162875 0.3051867453125 0.41167626406249996 0.297206521875 0.41017935312500003 0.2898938296875 0.41117729374999995 0.2839101703125 0.40818347343749994 0.27859002187500004 0.402694803125 0.2692827765625 0.3992020125 0.26329710624999997 0.398204071875 0.2539898609375 0.3987030421875 0.24202053124999998 0.4046906828125 0.23869694687499998 0.40868244374999996 0.2333767984375 0.4121752328125 0.23138224531249998 0.4156680234375 0.220080446875 0.4226556171875 0.21143671249999998 0.43063913749999994 0.19813835156249998 0.44011956874999997 0.19614379843750002 0.4456082390625 0.1748672234375 0.45958141250000006 0.169547075 0.46157729375 0.16289990468749999 0.4670659640625 0.1602398296875 0.4715566953125 0.144946915625 0.4825340359375 0.14228684062500002 0.4865278078125
1 0 0.9425314734375 0.0113038078125 0.9411177000000001 0.0319148609375 0.9436125515624999 0.038564042187499994 0.9426146109375001 0.045876734375 0.939620790625 0.0478732984375 0.9366269703125001 0.0478732984375 0.9241507062500001 0.0425531484375 0.89271358125 0.0392295640625 0.884730059375 0.033243893749999996 0.8807383 0.0219420953125 0.879740359375 0.0066491812499999995 0.88323315 0 0.8835266562499999 0 0.9425314734375
1 0 0 0 0.048678942187500004 0.0186165 0.042414275 0.0219420953125 0.039919424999999994 0.0465422546875 0.0319359046875 0.0718079359375 0.028443114062500004 0.07779159531249999 0.029441053124999998 0.087766371875 0.028443114062500004 0.094415553125 0.0299400234375 0.12167578750000001 0.024950323437499998 0.130319521875 0.0204595921875 0.13364310625 0.0159688625 0.13630318125000002 0.0084823 0.1370566609375 0 0 0
1 0.38763296875000003 0.8239221078125001 0.395924840625 0.8208075687499999 0.40718039375000004 0.8088021078125 0.40481387187499995 0.798573221875 0.3953317015625 0.7870103953124999 0.3852584046875 0.7932394734375 0.37103715937500004 0.8007984671875 0.353265128125 0.806132215625 0.35385625468750004 0.8159184671874999 0.358597340625 0.8199202874999999 0.3716282875 0.8243667546875001 0.38763296875000003 0.8239221078125001
1 0.9880316812500001 0.12874213125 0.9953463828125001 0.11726582031249999 0.9993354890624999 0.10628646718750001 0.9993354890624999 0.098801915625 0.9953463828125001 0.0923153046875 0.9880316812500001 0.087824575 0.9800534687500001 0.0873256046875 0.9740698078125 0.0883235453125 0.946144053125 0.09830294687499999 0.9321801703125001 0.10478955625 0.9175527765625 0.114272 0.9095745640624999 0.12125758125 0.906250978125 0.12624728125 0.9049199359375001 0.1327338921875 0.9075800109375001 0.139721484375 0.9109035953125 0.1422163359375 0.9248674781249999 0.146707065625 0.9348402453125001 0.14770500625 0.956782340625 0.14720603593749998 0.9734042875 0.14171736562499998 0.9880316812500001 0.12874213125
1 0.9148927015625 0.49201647968750006 0.8889635109375 0.49051956875 0.882977840625 0.49151750937500005 0.8763306703125 0.496507209375 0.8749996281250001 0.5019958796874999 0.8756651484375 0.510977340625 0.8789887343749999 0.515468071875 0.8902925421875001 0.524950515625 0.8989362765625 0.5284433046875 0.9042544156250001 0.532435065625 0.91888381875 0.5359278562500001 0.9394948718749999 0.5374247671875 0.960771446875 0.5329340359375 0.9694151812499999 0.526447425 0.9700807015624999 0.5234536046875 0.967420628125 0.51696699375 0.9534567453125 0.508482490625 0.94547853125 0.500997940625 0.9335112125 0.49550926874999995 0.9148927015625 0.49201647968750006
1 1 0.71107841875 0.9813824999999999 0.71107841875 0.9740698078125 0.71357326875 0.968749659375 0.7195609109375 0.967420628125 0.7260475203125 0.971409734375 0.7345300124999999 0.975398840625 0.7380248140625 0.987366159375 0.7425155453125 1 0.742910565625 1 0.71107841875
1 0.9275275531249999 0.80439185625 0.9328456921875 0.803393915625 0.9421549468749999 0.7979032328125 0.95079868125 0.7879238328125 0.96409503125 0.77794443125 0.971409734375 0.77544958125 0.9767278718749999 0.771956790625 0.982048021875 0.762474346875 0.9813824999999999 0.7534928859375001 0.979387946875 0.750499065625 0.9773933937500001 0.7415176046874999 0.9700807015624999 0.733532071875 0.960771446875 0.726546490625 0.9547877874999999 0.72504958125 0.9468075640625001 0.72504958125 0.9388293515624999 0.7270454609375 0.9335112125 0.733532071875 0.928856584375 0.7460083359375 0.9202128515625001 0.752494946875 0.9155582234375 0.7544908265625 0.9109035953125 0.75898155625 0.8969417234374999 0.764470228125 0.8902925421875001 0.7694619406250001 0.8843088828125 0.7824351609375 0.8843088828125 0.7899197124999999 0.8896270218750001 0.79690529375 0.8962762015625 0.799901125 0.9115691171875 0.8038928859375 0.9275275531249999 0.80439185625
1 0.89095889375 1 0.8996017984375 0.9980043109375 0.9082455312500001 0.9930146109375 0.9155582234375 0.985029078125 0.9202128515625001 0.9725548265624999 0.91888381875 0.962575425 0.9142291921875 0.956587784375 0.8996017984375 0.9500991609374999 0.8889635109375 0.9500991609374999 0.882977840625 0.9545898921875 0.8763306703125 0.9630743953125 0.8590432015625 0.9775445265625 0.85837768125 0.9860270171875 0.8623667875000001 0.9930146109375 0.8670214156249999 0.9960084312499999 0.8756651484375 0.9990022515625 0.890955128125 1 0.89095889375 1
1 0.8032721171875 0.6836773171875 0.8019008609375 0.678019640625 0.7936773515625 0.6744161921875 0.78202168125 0.6831642640625 0.7909308187499999 0.688821940625 0.796415840625 0.6883088859375001 0.8032721171875 0.6836773171875
1 0.126330415625 0.5533938203125001 0.150930575 0.5603794015625 0.1795218515625 0.5603794015625 0.1921546921875 0.5573855812499999 0.19813835156249998 0.5543917609375 0.2081111171875 0.5469051968749999 0.21542581875 0.5389216765625 0.22074395781249997 0.5294412453125 0.22606410625 0.523952575 0.22872418125 0.5174659640625 0.23404231874999998 0.5114763109375 0.234707840625 0.5019958796874999 0.23670239375 0.49600823906249997 0.2293876921875 0.4790412453125 0.22539858437500002 0.477045365625 0.217420371875 0.4765463953125 0.2014619359375 0.4790412453125 0.1888290953125 0.478542275 0.1768617765625 0.4800391859375 0.15691423437500002 0.4865278078125 0.150265053125 0.48602883906249994 0.1429523609375 0.49051956875 0.135637659375 0.49201647968750006 0.13164855312499998 0.4950103 0.11236653125 0.5029938203125 0.1030592875 0.510478371875 0.0970736171875 0.5234536046875 0.10039921249999999 0.5304391859375001 0.11236653125 0.5459072578125 0.126330415625 0.5533938203125001
1 0.28922830781250003 0.7405196640625 0.3191486171875 0.7465073046875 0.3464088515625 0.754989796875 0.35837818125 0.7569856765625 0.376329159375 0.75648670625 0.386967446875 0.754989796875 0.3942821484375 0.7514970062499999 0.3982712546875 0.7485031859375 0.40226036093750006 0.741018634375 0.404254915625 0.72055885 0.40159484062499995 0.7085835687500001 0.3949476703125 0.6936124546875 0.3836438609375 0.6806392328124999 0.37832371249999996 0.6716557609375 0.3836438609375 0.656686659375 0.3863039359375 0.637723784375 0.385638415625 0.6297402640625 0.3809837875 0.6212577718750001 0.375000128125 0.61527013125 0.36967997812500003 0.6122763109375 0.35704713906249996 0.6077835687500001 0.33710160624999996 0.6047897484375 0.3091758515625 0.604290778125 0.2965430109375 0.606286659375 0.28922830781250003 0.606286659375 0.280584575 0.6077835687500001 0.2686172546875 0.611777340625 0.259973521875 0.6177649828125 0.250664265625 0.6287423234375 0.245346128125 0.638721725 0.24401508437500002 0.6447113765625 0.23271328750000003 0.6636722390625 0.22672962812500003 0.67714644375 0.22539858437500002 0.6956083359375 0.22672962812500003 0.70109700625 0.23271328750000003 0.7125753296874999 0.23869694687499998 0.7165670890625 0.2406915 0.7200598796875 0.246675159375 0.72255473125 0.253324340625 0.72754443125 0.26462814843750004 0.7315361921875 0.2692827765625 0.7345300124999999 0.28922830781250003 0.7405196640625
1 0.2832446484375 0.7584825875 0.29188838281249996 0.7554887671875 0.2958774890625 0.747006275 0.293217415625 0.743014515625 0.2905593515625 0.7415176046874999 0.2819156171875 0.741018634375 0.27859002187500004 0.743014515625 0.274600915625 0.7529939156250001 0.274600915625 0.7554887671875 0.27659546874999996 0.7569856765625 0.2832446484375 0.7584825875
1 0.4281915640625 0.8258475687500001 0.4255314890625 0.7834331015625 0.4215423828125 0.77544958125 0.4135641703125 0.7744516406249999 0.40492043593749993 0.7764475203125001 0.38430938281250004 0.786426921875 0.36635639375 0.7929135328125 0.336436084375 0.8083836171875 0.330452425 0.8098805265625 0.324468765625 0.814870228125 0.3231377234375 0.8198599281250001 0.3277923515625 0.8248496281250001 0.34773989375 0.8303403109374999 0.353723553125 0.83333413125 0.3597072125 0.838822803125 0.373005575 0.8423155921875001 0.38031826562500004 0.8468063234375001 0.3863039359375 0.8473052937500001 0.3902930421875 0.8502991140624999 0.3942821484375 0.8507980843749999 0.4155587234375 0.8597795453125 0.42287141562499997 0.8612764546875 0.42686253125 0.859280575 0.42952059531250003 0.8537919046875 0.42686253125 0.8348310421875 0.4281915640625 0.8258475687500001
1 0.1788563296875 0.8428145625000001 0.17087811718749998 0.8413176531250001 0.1562507234375 0.83333413125 0.148936021875 0.8328351609375 0.14228684062500002 0.8358289828125001 0.13896325468749998 0.8438125031249999 0.139626765625 0.859280575 0.1416233296875 0.8662681671874999 0.1416233296875 0.8877238796875 0.150265053125 0.8957094124999999 0.15691423437500002 0.8962083828124999 0.169547075 0.9021960234374999 0.18483998906250002 0.90269499375 0.1921546921875 0.9006991140625 0.19813835156249998 0.8952104437499999 0.19880387187499998 0.886725940625 0.1921546921875 0.8732537484374999 0.1855055109375 0.8493011734374999 0.1828454359375 0.8453094125 0.1788563296875 0.8428145625000001
1 0.4882972859375 1 0.4893612125 0.9980043109375 0.4893612125 0.9905197609374999 0.48005396874999995 0.9775445265625 0.479388446875 0.9735527671875 0.480717478125 0.9660682156249999 0.48537210625 0.9610785156249999 0.4893612125 0.9520950421875 0.4893612125 0.9426146109375001 0.48537210625 0.9356290296875001 0.4707447125 0.9306393296875 0.460771946875 0.9306393296875 0.44680806406249995 0.935130059375 0.42686253125 0.9500991609374999 0.41622424531249996 0.9645713046875001 0.41422969218750005 0.9710579156250001 0.41422969218750005 0.9795404078125 0.4195478296875 0.9870249578125 0.42952059531250003 0.9945115203125001 0.43964813593749996 1 0.4882972859375 1
1 0.3809837875 0.4266473765625 0.3996002875 0.43113810781249995 0.41688775468749995 0.43113810781249995 0.4368352984375 0.4226556171875 0.44348447812499997 0.4156680234375 0.4514626921875 0.4016968625 0.4534572453125 0.39421231093750003 0.4534572453125 0.3757484078125 0.44813910625000003 0.357284503125 0.4361697765625 0.3353298203125 0.42287141562499997 0.32385149687500003 0.4009313296875 0.3113772453125 0.38297834062499997 0.29940196406249997 0.3776602015625 0.297406084375 0.33909615937500004 0.27145762812499996 0.3198141390625 0.2669668984375 0.3091758515625 0.2659689578125 0.2958774890625 0.268962778125 0.2885647984375 0.2719565984375 0.280584575 0.27944114999999997 0.2752664359375 0.2909174609375 0.2732718828125 0.3003999046875 0.27393539375 0.33682673125 0.265291659375 0.3493009828125 0.259308 0.36327415625000004 0.259308 0.3777442875 0.26795173437500003 0.39321437187499997 0.27859002187500004 0.3987030421875 0.3018611484375 0.4061875921875 0.311835925 0.40718553281250003 0.3397596703125 0.405189653125 0.35239452187500003 0.40768450312500004 0.35904169218750004 0.41067832343750005 0.373005575 0.4226556171875 0.3809837875 0.4266473765625
1 0.4029258828125 0.2275442390625 0.41688775468749995 0.21357307812499998 0.42021335156250006 0.2080844078125 0.4308516390625 0.1986019640625 0.43750081874999996 0.18812359218750002 0.4401588828125 0.17664728125 0.43882985156250004 0.161177196875 0.42686253125 0.146707065625 0.4242024578125 0.140719425 0.42952059531250003 0.12874213125 0.4301861171875 0.11876273125 0.4255314890625 0.10928230000000001 0.42087686093750004 0.10478955625 0.41489320156250004 0.10179573593749999 0.40226036093750006 0.09830294687499999 0.3836438609375 0.09730500625 0.3650273609375 0.098801915625 0.3397596703125 0.1037916171875 0.324468765625 0.1102802390625 0.3071812984375 0.1257483109375 0.2965430109375 0.139721484375 0.286568234375 0.158682346875 0.2819156171875 0.175150371875 0.28257912812499997 0.189620503125 0.28922830781250003 0.2060885265625 0.3078448078125 0.22455041874999998 0.32912138281250003 0.240020503125 0.351729 0.24850299374999998 0.367685425 0.24850299374999998 0.38497289375 0.2420163828125 0.4029258828125 0.2275442390625
1 0.6569157453125001 0.2909174609375 0.6562502234375 0.3028947546875 0.6622338828125 0.32285355625 0.6662229890625 0.328843209375 0.6742012015625 0.32984114999999997 0.6808503828125 0.32784526875000003 0.690825159375 0.3223545875 0.6961432984375 0.3138720953125 0.6961432984375 0.30139784375 0.6914886703125 0.29241437187499997 0.6874995640625 0.28892158125 0.6788558296875 0.2849298203125 0.6662229890625 0.2839318796875 0.6595738078125 0.28642673125 0.6569157453125001 0.2909174609375
1 0.6023992984375 0.620394634375 0.6078863296875 0.6296557609375 0.6120021062500001 0.6296557609375 0.619542 0.622450875 0.61679546875 0.61421585625 0.6023992984375 0.620394634375