3 0.43722957500000004 0.34091011718750003 0.4177491953125 0.344156896875 0.40043206875 0.3733756890625 0.40259754062499997 0.40259670156249994 0.422077921875 0.4123370390625 0.43939283125 0.40259670156249994 0.45454448437500006 0.379869246875 0.45238122968749994 0.3538950125 0.43722957500000004 0.34091011718750003
3 0.062771740625 0 0.06277139375 5.1875e-7 0.06277139375 0.035715090625 0.073592103125 0.0389618703125 0.1125550828125 0.0292215328125 0.119047065625 0.019481195312499998 0.11688380937500001 0.0032472984375 0.113365740625 0 0.062771740625 0
3 0 0.3754053921875 0.0194796890625 0.3863628046875 0.034631342187500004 0.370128909375 0.043291012499999997 0.34740367499999997 0.04545426875 0.3149358828125 0.034631342187500004 0.301948765625 0.01298770625 0.30519554531250004 0 0.322512746875 0 0.3754053921875
1 0.0887437578125 0.69155783125 0.0714288484375 0.69155783125 0.0584426671875 0.7142852859375 0.05627719531249999 0.7727273109375 0.0714288484375 0.775974090625 0.093072484375 0.7597401953125 0.119047065625 0.7532466359375001 0.1320354625 0.7435062984374999 0.1320354625 0.7240256234375 0.0887437578125 0.69155783125
1 0.10822413906249999 0.3668821296875 0.1320354625 0.3928563640625 0.17315948125 0.409090259375 0.1969708046875 0.40259670156249994 0.1969708046875 0.35714179218750003 0.17315948125 0.3149358828125 0.1601732984375 0.30519554531250004 0.14069291718750002 0.30519554531250004 0.12121253750000001 0.3181826625 0.10822413906249999 0.344156896875 0.10822413906249999 0.3668821296875
1 0.8809518265625 0.1363630265625 0.859308190625 0.113635571875 0.8376623375 0.10064845468750001 0.82467615625 0.10389523437499999 0.82467615625 0.1363630265625 0.8376623375 0.1558437015625 0.8744598437500001 0.15909048125 0.8831172984375 0.152596921875 0.8809518265625 0.1363630265625
1 0.8569730953124999 1 0.8562982515625001 0.9755843890625 0.8412995328124999 0.9261032078125 0.8272937828125 0.90360449375 0.809285125 0.9096094812500001 0.7943063546875 0.92461084375 0.7772951 0.92461084375 0.765304103125 0.941104571875 0.757293853125 0.9636032859375 0.7628899109375 1 0.8569730953124999 1
1 0.6147184765625 0.45129838906249997 0.599566821875 0.4480516109375 0.586580640625 0.46103872656249995 0.5822519140625 0.49350651875 0.586580640625 0.5032468578125 0.62337593125 0.5032468578125 0.6298701296875 0.49675329843749993 0.6320356015625 0.480519403125 0.6147184765625 0.45129838906249997
1 0.6332155375 1 0.6341988578125 0.9837657406250001 0.621212675 0.9318172734375001 0.6103897484374999 0.91883015625 0.5930726234375 0.9155833765624999 0.567100259375 0.9318172734375001 0.5541118609375 0.9707786234375 0.5606066953125 1 0.6332155375 1
1 0.12337579218750001 0.480519403125 0.155844571875 0.48701296093749996 0.17532495312500002 0.500000078125 0.186147878125 0.4772726234375 0.186147878125 0.46103872656249995 0.17532495312500002 0.4415580515625 0.15151584375 0.42532415625000003 0.13419871875 0.428570934375 0.11688380937500001 0.44480483125000003 0.11688380937500001 0.47077906562500005 0.12337579218750001 0.480519403125
1 0.06493465000000001 0.538961428125 0.073592103125 0.5616888828125 0.09523795625 0.5649356625 0.10173215625000001 0.558442103125 0.10173215625000001 0.53571465 0.093072484375 0.5194807531250001 0.067100121875 0.5194807531250001 0.06493465000000001 0.538961428125
1 0.05627719531249999 0.866883909375 0.093072484375 0.9025984812500001 0.10389541093750002 0.9058452593749999 0.1125550828125 0.8896113640625 0.1125550828125 0.86039035 0.0865805015625 0.8051951031250001 0.0497829953125 0.801948325 0.043291012499999997 0.821429 0.023808415625000003 0.847403234375 0.0324680859375 0.8701306890625 0.05627719531249999 0.866883909375
1 0.316016346875 0.6168841296875 0.2900439828125 0.6136373500000001 0.26190393125 0.6461029218750001 0.257575203125 0.7045449484375 0.27056360156250003 0.717532065625 0.2835497828125 0.7142852859375 0.333333471875 0.6720771562500001 0.35064838125 0.665583596875 0.35064838125 0.6493497015624999 0.316016346875 0.6168841296875
1 0.4177491953125 0.5129871953125 0.3939400859375 0.5519485453125 0.389611359375 0.5681824421874999 0.39177461406249997 0.594156675 0.41991245 0.6136373500000001 0.441558303125 0.610390571875 0.46103868437499995 0.5974034546875 0.48051906562499996 0.5616888828125 0.478355809375 0.5129871953125 0.4675328828125 0.500000078125 0.43939283125 0.500000078125 0.4177491953125 0.5129871953125
1 0.32683927343749997 0.4772726234375 0.36580003437499997 0.5032468578125 0.3787884328125 0.5259743109375 0.3939400859375 0.5194807531250001 0.40043206875 0.480519403125 0.3766229609375 0.43506449375 0.3614713078125 0.428570934375 0.333333471875 0.44480483125000003 0.3225105453125 0.46103872656249995 0.32683927343749997 0.4772726234375
1 0.31168761875 0.3506504546875 0.2878785109375 0.34740367499999997 0.2683981296875 0.3668821296875 0.264069403125 0.40259670156249994 0.27056360156250003 0.418830596875 0.2835497828125 0.4220773765625 0.31168761875 0.3928563640625 0.3290047453125 0.389609584375 0.331168 0.3733756890625 0.31168761875 0.3506504546875
1 0.3290047453125 0.2110389484375 0.35064838125 0.2142857265625 0.3701287625 0.23701318124999998 0.3809516890625 0.23376640312500002 0.3809516890625 0.20779216875 0.36796550625 0.172077596875 0.348485125 0.16883081875 0.32683927343749997 0.18831149375 0.3246760171875 0.20454538906250003 0.3290047453125 0.2110389484375
1 0.5974035671875 0.7402595187500001 0.5974035671875 0.7694805328125 0.58441516875 0.8084418828125 0.5930726234375 0.840909675 0.6103897484374999 0.840909675 0.6147184765625 0.8084418828125 0.621212675 0.7987015453125 0.6406930562500001 0.7922079875 0.655844709375 0.7727273109375 0.655844709375 0.7532466359375001 0.638527584375 0.727272403125 0.6168839484374999 0.7240256234375 0.5974035671875 0.7402595187500001
1 0.6796538187500001 0.3344165578125 0.681819290625 0.3668821296875 0.6904767453125 0.3766224671875 0.727272034375 0.3733756890625 0.727272034375 0.360388571875 0.7077916531249999 0.3149358828125 0.69264 0.301948765625 0.6796538187500001 0.3344165578125
1 0.751493403125 0.0987985453125 0.7566665968749999 0.087143896875 0.745433628125 0.0741878703125 0.73246739375 0.0754870265625 0.737662753125 0.0974993890625 0.751493403125 0.0987985453125
3 0.7748924671874999 0.016234415625 0.7727269953125 0.04220865 0.785713178125 0.0844145578125 0.798701575 0.0876613375 0.805195775 0.0681828828125 0.803030303125 0.035715090625 0.7922073765625 0.019481195312499998 0.7748924671874999 0.016234415625
1 0.8510823609375 0 0.8528139906250001 0.006494078124999999 0.8787885718749999 0.0227279734375 0.89610348125 0.0227279734375 0.9004322078125 0.016234415625 0.8982689531249999 5.1875e-7 0.898268359375 0 0.8510823609375 0