1 1 0.183848953125 0.9935565531250001 0.180412371875 0.9780938390625 0.18213058437500002 0.9742270859375 0.1864261171875 0.975516003125 0.21305841874999998 0.9832473609375001 0.22336769687500002 0.9935565531250001 0.22079037812500002 1 0.2179760765625 1 0.183848953125
1 1 0.14782764843750001 0.9987122234375001 0.1477663234375 0.9896898000000001 0.1529209625 0.9871141140624999 0.1692439859375 0.9896898000000001 0.17353951875 0.9987122234375001 0.17783505156249999 1 0.17766332499999998 1 0.14782764843750001
1 0.905927346875 0.1477663234375 0.8956181546875 0.1692439859375 0.8994849078125 0.174398625 0.9149476218749999 0.1795532640625 0.940721675 0.1786941578125 0.9561865375 0.17525773125 0.9613400593750001 0.1683848796875 0.9626289765625 0.1365979375 0.9742270859375 0.11941580781250001 0.980669525 0.115120275 0.9768049218750001 0.107388315625 0.96391789375 0.09621993125 0.9355660046875001 0.0893470796875 0.9097941 0.0893470796875 0.9020627421875 0.09106529218750001 0.8827311281249999 0.0996563578125 0.8749997703125001 0.10652920937499999 0.87757760625 0.11168384843750001 0.8981959890625 0.126288659375 0.9046384296875001 0.134879725 0.905927346875 0.1477663234375
1 1 0.086168334375 0.9974233046875 0.085910653125 0.9858251953125 0.086769759375 0.969071415625 0.0919243984375 0.975516003125 0.0996563578125 0.9871141140624999 0.10481099687499999 1 0.10609964999999999 1 0.086168334375
1 1 0.299326790625 0.9987122234375001 0.298969071875 0.984536278125 0.30670103125 0.9768049218750001 0.32474226875 0.9832473609375001 0.3298969078125 0.9884030312500001 0.3307560140625 1 0.3293916703125 1 0.299326790625
1 0.940721675 0.4175257734375 0.952319784375 0.42096220000000006 0.9652068125 0.4226804125 0.9780938390625 0.42182130625 0.9909787171875 0.41494845312499995 0.9948454703125 0.40893470781249996 0.9935565531250001 0.3891752578125 0.9742270859375 0.374570446875 0.952319784375 0.374570446875 0.9432995109375 0.3797250859375 0.9342792359375001 0.3900343640625 0.9317014 0.396048109375 0.9329903187499999 0.412371134375 0.940721675 0.4175257734375
1 0.995051696875 0.25896048125000004 0.993994784375 0.25615979375000003 0.9772044859375001 0.27225085937500004 0.98244823125 0.28274055 0.99189385 0.278548109375 0.99713974375 0.26735395156249997 0.995051696875 0.25896048125000004
1 0.9562252046875 0.21768041249999998 0.895360371875 0.2183848796875 0.885914753125 0.2232817875 0.9814042093750001 0.233771478125 0.9625129749999999 0.22257732031250002 0.9562252046875 0.21768041249999998
1 0.873710853125 0.30670103125 0.8814443578125 0.31701030937499997 0.8994849078125 0.3316151203125 0.9226811265625001 0.34364261093750004 0.9317014 0.3419243984375 0.9317014 0.3307560140625 0.9136608515625 0.30927835 0.90850518125 0.299828178125 0.90850518125 0.29123711406249997 0.9175254562499999 0.2835051546875 0.9329903187499999 0.27491408906250003 0.9420105921875 0.27233677031250003 0.9561865375 0.2628865984375 0.969071415625 0.2620274921875 0.9922676359375 0.25171821250000004 0.9922676359375 0.2431271484375 0.9858251953125 0.23883161562500002 0.9742270859375 0.2371134015625 0.9626289765625 0.23883161562500002 0.9510308671875001 0.2431271484375 0.938143840625 0.2448453609375 0.9097941 0.2568728515625 0.8956181546875 0.261168384375 0.8853089625000001 0.2620274921875 0.873710853125 0.26718213125 0.8659794968750001 0.2628865984375 0.8608238265624999 0.2654639171875 0.85953705625 0.2731958765625 0.8543813859375 0.280927834375 0.8556703046875 0.29381443281249997 0.85953705625 0.298969071875 0.873710853125 0.30670103125
1 0.8221648937499999 0.286082475 0.8221648937499999 0.2955326453125 0.8260316453125001 0.3041237109375 0.8350519203125 0.3118556703125 0.8440721953124999 0.3101374578125 0.8518035515625 0.3006872859375 0.85953705625 0.279209621875 0.85953705625 0.2628865984375 0.8505146343750001 0.2568728515625 0.8402054421875 0.257731959375 0.82989625 0.26374570468749997 0.82989625 0.2714776625 0.8247427281249999 0.277491409375 0.8221648937499999 0.286082475
1 0.7074748640624999 0.21134020625 0.6997413578125 0.219072165625 0.6984545890625 0.23539518906249998 0.7152062203125 0.2568728515625 0.728093246875 0.257731959375 0.737113521875 0.2534364265625 0.7590208234375 0.25085910624999996 0.777061371875 0.2431271484375 0.780928125 0.2268041234375 0.7757724546875 0.21649484531250002 0.769330015625 0.21134020625 0.753865153125 0.2061855671875 0.7306710828125 0.2044673546875 0.7164951375 0.2070446734375 0.7074748640624999 0.21134020625
1 0.74226704375 0.26975945 0.752578384375 0.27405498281249996 0.7744835375 0.29209622031250004 0.784794878125 0.29209622031250004 0.7951040703125 0.279209621875 0.7963908390625 0.2680412375 0.7938151515625 0.2620274921875 0.783505959375 0.2551546390625 0.769330015625 0.25085910624999996 0.7384024390625 0.2534364265625 0.7242264953124999 0.258591065625 0.720361890625 0.2646048109375 0.7242264953124999 0.26718213125 0.74226704375 0.26975945
1 0.2603085578125 0.530927834375 0.24613476093750003 0.5386597937500001 0.24613476093750003 0.5481099656249999 0.2551550359375 0.5575601375 0.2719066671875 0.55841924375 0.2847936953125 0.548969071875 0.2835047765625 0.5378006875 0.2719066671875 0.530927834375 0.2603085578125 0.530927834375
1 0.54252564375 0.3883161515625 0.5283496984375 0.3977663234375 0.52448509375 0.40378006875 0.52448509375 0.41065292031249995 0.5270629296875 0.41580755937499997 0.5347942859375 0.4192439859375 0.5695886140625 0.4183848796875 0.58247349375 0.4166666671875 0.58891808125 0.413230240625 0.5927826859375 0.40463917499999996 0.5902069984375 0.40034364218749996 0.5760310546875 0.392611684375 0.5476813125 0.3874570453125 0.54252564375 0.3883161515625
2 0.4239688609375 0.21477663281249998 0.402061559375 0.23625429531250003 0.3878856140625 0.2680412375 0.393041284375 0.28951889999999997 0.40592831250000005 0.3015463921875 0.43814480468749994 0.31786941562500004 0.46005210625000004 0.335051546875 0.47680373906250006 0.3393470796875 0.4858240125 0.34450171875 0.4948442875 0.3608247421875 0.503866709375 0.36683848750000003 0.52448509375 0.373711340625 0.577319971875 0.374570446875 0.603091878125 0.3702749140625 0.6121143 0.3616838484375 0.623712409375 0.3393470796875 0.68427864375 0.305841925 0.6997413578125 0.2946735390625 0.70876378125 0.280927834375 0.71005055 0.2663230234375 0.690721084375 0.2268041234375 0.6701026999999999 0.21048110000000003 0.6572156734375 0.2053264609375 0.626288096875 0.2044673546875 0.5786088890625 0.2087628859375 0.57345321875 0.21134020625 0.5605661921875 0.21305841874999998 0.5515459171875 0.21134020625 0.541236725 0.21563573906250003 0.5296386156249999 0.21563573906250003 0.4832483265625 0.2061855671875 0.46005210625000004 0.2044673546875 0.44458724531250005 0.2070446734375 0.4239688609375 0.21477663281249998
1 0.32731937968749997 0.20790377968749998 0.31829910625 0.21735395156249998 0.31572127031249997 0.2345360828125 0.32731937968749997 0.2474226796875 0.341495325 0.2534364265625 0.38144317499999997 0.25085910624999996 0.3943302015625 0.24140893437500002 0.39819480625 0.2242268046875 0.3943302015625 0.21563573906250003 0.38273209218750004 0.20790377968749998 0.3659783125 0.203608246875 0.3505156 0.202749140625 0.32731937968749997 0.20790377968749998
1 0.344073159375 0.2560137453125 0.3350507375 0.259450171875 0.33247505 0.27233677031250003 0.344073159375 0.2817869421875 0.360824790625 0.2826460484375 0.36726723125 0.279209621875 0.3724229 0.26374570468749997 0.3659783125 0.257731959375 0.360824790625 0.2560137453125 0.344073159375 0.2560137453125
1 0.2603085578125 0.278350515625 0.3105677484375 0.29381443281249997 0.323452628125 0.29123711406249997 0.3286082984375 0.2878006875 0.3311861328125 0.2826460484375 0.329897215625 0.27405498281249996 0.30670099687499996 0.2628865984375 0.2847936953125 0.2568728515625 0.27061775 0.257731959375 0.2603085578125 0.2620274921875 0.256443953125 0.2680412375 0.256443953125 0.27405498281249996 0.2603085578125 0.278350515625
1 0.39046345 0.29209622031250004 0.376289653125 0.29123711406249997 0.36726723125 0.29381443281249997 0.3505156 0.30841924375 0.341495325 0.3238831609375 0.337628571875 0.345360825 0.3389174890625 0.354810996875 0.34922668125 0.365120275 0.362113709375 0.36769759375 0.40463939375 0.36597938124999996 0.42010210781249996 0.3625429546875 0.42525777812500004 0.3591065296875 0.43814480468749994 0.36426116875000003 0.47809265625 0.36340206249999996 0.4819594078125 0.3608247421875 0.480670490625 0.3522336765625 0.42912453125 0.31529209687500004 0.39046345 0.29209622031250004
1 0.20876259843749997 0.4097938140625 0.2074736796875 0.4226804125 0.21262935 0.43127147812500005 0.2229385421875 0.4390034359375 0.233247734375 0.4390034359375 0.2409790921875 0.43470790312499996 0.24613476093750003 0.4286941578125 0.24484584375 0.42096220000000006 0.25257720156249996 0.4080756015625 0.2641753109375 0.3969072171875 0.2951028859375 0.392611684375 0.3015453265625 0.3900343640625 0.30283424375 0.38144329843749997 0.2835047765625 0.3702749140625 0.2719066671875 0.3694158078125 0.24613476093750003 0.372852234375 0.2371123390625 0.38230240625 0.233247734375 0.396048109375 0.20876259843749997 0.4097938140625
1 0.20103124062500002 0.23281786875 0.19845340625000002 0.2568728515625 0.18556637812500001 0.276632303125 0.18556637812500001 0.286082475 0.194586653125 0.28694158125 0.2023201578125 0.2817869421875 0.20876259843749997 0.280927834375 0.219071790625 0.27405498281249996 0.224227459375 0.2731958765625 0.22938098125 0.26718213125 0.25386611875 0.2620274921875 0.259019640625 0.2551546390625 0.2693288328125 0.25 0.2835047765625 0.24914089375 0.2963918046875 0.23883161562500002 0.3131434359375 0.21048110000000003 0.3079899140625 0.20790377968749998 0.2667531453125 0.20790377968749998 0.2603085578125 0.20962199374999999 0.23453665156249998 0.20962199374999999 0.2164939546875 0.213917525 0.2061847625 0.22336769687500002 0.20103124062500002 0.23281786875
2 0 0.28464533593749997 0.14640476875 0.327431271875 0.1772936765625 0.2862542953125 0.19354477812499998 0.2537457046875 0.1919207421875 0.23749140937500002 0.1480288046875 0.2103951890625 0.063518778125 0.1800601375 0 0.1686585484375 0 0.28464533593749997
1 0.08063130625 0.29097938125 0.063402775 0.29037800625 0.06248764375 0.2958161515625 0.08878800625 0.307912371875 0.1250774796875 0.3091237109375 0.125979721875 0.30670103125 0.0978598375 0.2952147765625 0.08063130625 0.29097938125
1 0.9317014 0.490549828125 0.9420105921875 0.4974226796875 0.9536087015625 0.50085910625 0.9626289765625 0.50085910625 0.9832473609375001 0.4939862546875 0.9948454703125 0.48024055 0.9961343875 0.4604811 0.9909787171875 0.44501718281249997 0.984536278125 0.4424398625 0.9780938390625 0.430412371875 0.97293816875 0.42697594531250005 0.9536087015625 0.42182130625 0.9342792359375001 0.42010309218749997 0.920103290625 0.4278350515625 0.9162365390625 0.43298969062500003 0.9136608515625 0.4424398625 0.9162365390625 0.45103092812499995 0.9149476218749999 0.45876288593750003 0.921392209375 0.471649484375 0.9317014 0.48024055 0.9317014 0.490549828125
1 0.8969070718750001 0.47508591093749997 0.8956181546875 0.488831615625 0.9046384296875001 0.49656357343749996 0.9175254562499999 0.4982817875 0.9265457312500001 0.4957044671875 0.9317014 0.491408934375 0.9329903187499999 0.48024055 0.92397004375 0.47079037812499996 0.9097941 0.46735395156250004 0.9020627421875 0.469072165625 0.8969070718750001 0.47508591093749997
1 0.7306710828125 0.4390034359375 0.737113521875 0.44329896875 0.7590208234375 0.45103092812499995 0.7719078500000001 0.451890034375 0.7912373171875 0.44501718281249997 0.801546509375 0.430412371875 0.8028354265625 0.42010309218749997 0.7951040703125 0.40378006875 0.784794878125 0.3969072171875 0.7744835375 0.393470790625 0.75773190625 0.392611684375 0.744844878125 0.3969072171875 0.728093246875 0.4063573890625 0.7242264953124999 0.412371134375 0.7255154125 0.4286941578125 0.7306710828125 0.4390034359375
1 0.5721643015625 0.43298969062500003 0.57345321875 0.44072164999999996 0.5927826859375 0.453608246875 0.609536465625 0.4604811 0.621134575 0.4604811 0.6314437671875 0.4544673546875 0.641752959375 0.44158075625000004 0.649484315625 0.44329896875 0.6507732328125 0.4390034359375 0.6572156734375 0.4364261171875 0.664949178125 0.4286941578125 0.689432165625 0.4226804125 0.6997413578125 0.414089346875 0.6997413578125 0.40378006875 0.6945878359375001 0.392611684375 0.6791229750000001 0.38144329843749997 0.6623713421875 0.372852234375 0.6391751234374999 0.36855670156250003 0.6108253828125 0.3711340203125 0.6082475484375001 0.3797250859375 0.6108253828125 0.3977663234375 0.59793835625 0.412371134375 0.5747421359375 0.4286941578125 0.5721643015625 0.43298969062500003
1 0.46005210625000004 0.430412371875 0.4677834640625 0.44329896875 0.4909796828125 0.4561855671875 0.5077313140624999 0.4544673546875 0.5322164515625001 0.4364261171875 0.536083203125 0.42697594531250005 0.53350536875 0.42096220000000006 0.505155628125 0.3977663234375 0.501288875 0.3719931265625 0.49613320468750005 0.36769759375 0.4871129296875 0.36597938124999996 0.46907238125 0.36769759375 0.461341025 0.36597938124999996 0.4471650796875 0.36855670156250003 0.4329891359375 0.373711340625 0.41365966875 0.3900343640625 0.40979291562500003 0.3969072171875 0.40979291562500003 0.413230240625 0.44072264062500005 0.4175257734375 0.46005210625000004 0.430412371875
1 0.305412078125 0.42525773125 0.30670099687499996 0.4364261171875 0.3105677484375 0.44158075625000004 0.32731937968749997 0.45274914062500005 0.3427842421875 0.45103092812499995 0.3878856140625 0.413230240625 0.40335047656249995 0.40721649531250004 0.40463939375 0.3900343640625 0.3956191203125 0.38144329843749997 0.38144317499999997 0.3788659796875 0.34922668125 0.3797250859375 0.346648846875 0.384879725 0.32731937968749997 0.396048109375 0.31185666562500003 0.41065292031249995 0.305412078125 0.42525773125
1 0.2835047765625 0.4939862546875 0.291236134375 0.49312714843750005 0.29896963906249996 0.4948453609375 0.305412078125 0.49226804062499996 0.3260304625 0.473367696875 0.3286082984375 0.4647766328125 0.32731937968749997 0.4579037796875 0.3221658578125 0.45103092812499995 0.305412078125 0.4390034359375 0.297680721875 0.4390034359375 0.2835047765625 0.43470790312499996 0.259019640625 0.433848796875 0.24226800937499998 0.43728522343750004 0.2358255703125 0.44329896875 0.23453665156249998 0.4561855671875 0.2512882828125 0.47680412343749995 0.26159747499999997 0.4853951890625 0.2835047765625 0.4939862546875
1 0 0.4869907609375 0.0012876921875000001 0.48711340156249994 0.0077322796875 0.48281786875000005 0.015463635937500001 0.48281786875000005 0.021908225 0.47680412343749995 0.0309284984375 0.473367696875 0.036082020312500004 0.4656357390625 0.0463912125 0.45876288593750003 0.0489690484375 0.4493127140625 0.0451022953125 0.44329896875 0.02319499375 0.43298969062500003 0.011596884375 0.432130584375 0.0038655265625 0.433848796875 0 0.43707032031250004 0 0.4869907609375
1 1 0.5573881703125 0.9909787171875 0.5609965640625 0.98195844375 0.568728521875 0.980669525 0.5798969078125 0.9832473609375001 0.585051546875 0.9935565531250001 0.585910653125 1 0.5850515546875 1 0.5573881703125
1 1 0.5985513953125 0.9987122234375001 0.59793814375 0.9922676359375 0.6030927828125 0.9793806078125 0.603951890625 0.94974195 0.5962199312500001 0.9317014 0.5962199312500001 0.9226811265625001 0.5987972515625 0.9097941 0.606529209375 0.9033495109375 0.6202749140625 0.9072162640625001 0.6314432984375 0.9317014 0.642611684375 0.9858251953125 0.6400343640624999 0.9935565531250001 0.6383161515625 0.9999989921875001 0.6340206187499999 1 0.6340206187499999 1 0.5985513953125
1 1 0.5267278015625 0.9935565531250001 0.5214776624999999 0.9304124828125 0.4982817875 0.920103290625 0.5025773203125 0.8994849078125 0.5240549828125001 0.8943292375 0.54037800625 0.90850518125 0.5627147765625 0.9252568125 0.5704467359375001 0.9445884281250001 0.5841924406250001 0.9548976203124999 0.585051546875 0.9780938390625 0.565292096875 1 0.5555552671874999 1 0.5267278015625
1 0.856959221875 0.510309278125 0.8440721953124999 0.5163230234375 0.8337630031250001 0.5317869421875 0.8427832765625001 0.5438144328125001 0.8505146343750001 0.5481099656249999 0.8608238265624999 0.548969071875 0.8827311281249999 0.5412371140625 0.8904646328125001 0.536082475 0.8956181546875 0.5274914093749999 0.8943292375 0.5154639171875 0.8749997703125001 0.509450171875 0.856959221875 0.510309278125
2 0.7912373171875 0.49914089375000004 0.8054132609375 0.50085910625 0.8363408375000001 0.5128865984375001 0.8530924687500001 0.510309278125 0.8659794968750001 0.4845360828125 0.8659794968750001 0.47680412343749995 0.8582481390625001 0.469072165625 0.8054132609375 0.45876288593750003 0.786081646875 0.45274914062500005 0.7641743453125 0.45274914062500005 0.7242264953124999 0.44158075625000004 0.7126283859375 0.44158075625000004 0.67783405625 0.43556701093749994 0.6623713421875 0.44158075625000004 0.6533510687499999 0.473367696875 0.6636602609375 0.48024055 0.6984545890625 0.4836769765625 0.70876378125 0.48109965624999995 0.752578384375 0.489690721875 0.7667521796875 0.490549828125 0.7912373171875 0.49914089375000004
1 0.5167515890625001 0.5017182124999999 0.51804050625 0.5137457046875 0.521907259375 0.5214776624999999 0.536083203125 0.5343642609375 0.5451034781249999 0.5326460484375 0.57345321875 0.5128865984375001 0.591495915625 0.5034364265625 0.5902069984375 0.4939862546875 0.5837624109374999 0.4862542953125 0.5670107796875 0.4785223375 0.550257 0.4785223375 0.521907259375 0.4879725078125 0.5167515890625001 0.5017182124999999
1 0.2860826125 0.5721649484375 0.2899493640625 0.5798969078125 0.3041231609375 0.5919243984375 0.337628571875 0.6099656359375001 0.35438235156250003 0.6116838484375 0.4072172296875 0.6108247421875 0.434278053125 0.603951890625 0.4471650796875 0.5987972515625 0.4716502171875 0.5807560140625 0.497422121875 0.5704467359375001 0.51804050625 0.5532646046874999 0.5193294234375 0.5240549828125001 0.5154648203125001 0.5128865984375001 0.5154648203125001 0.48195876249999997 0.5115980671875 0.471649484375 0.4548964375 0.4398625421875 0.4394337234375 0.4381443296875 0.42525777812500004 0.433848796875 0.40335047656249995 0.433848796875 0.3943302015625 0.43556701093749994 0.3878856140625 0.4398625421875 0.3801542578125 0.4493127140625 0.35309343437499996 0.453608246875 0.3363396546875 0.45876288593750003 0.3247415453125 0.48024055 0.3131434359375 0.488831615625 0.291236134375 0.5163230234375 0.2860826125 0.530927834375 0.288660446875 0.548969071875 0.2847936953125 0.5541237109375 0.2860826125 0.5721649484375
1 0.22938098125 0.5833333328125 0.2512882828125 0.5876288656249999 0.2847936953125 0.5876288656249999 0.2899493640625 0.585051546875 0.2809269421875 0.57646048125 0.249999365625 0.567010309375 0.2203607078125 0.5635738828125 0.194586653125 0.5635738828125 0.1842774609375 0.5678694156249999 0.18556637812500001 0.5773195875 0.1920109671875 0.5798969078125 0.22938098125 0.5833333328125
1 0.4304113 0.625429553125 0.4007726421875 0.6305841921875001 0.3634026265625 0.643470790625 0.35309343437499996 0.65206185625 0.35824695625 0.6580756015625 0.3634026265625 0.6589347078125 0.3956191203125 0.6529209625 0.4329891359375 0.6400343640624999 0.4523186015625 0.6374570453125 0.45747427187499995 0.6288659796875 0.449742915625 0.625429553125 0.4304113 0.625429553125
1 0.22164962500000002 0.6340206187499999 0.2319588171875 0.6383161515625 0.2693288328125 0.63230240625 0.2770623375 0.6219931265625 0.2770623375 0.6134020625 0.2719066671875 0.605670103125 0.2371123390625 0.5902061859375001 0.22164962500000002 0.5902061859375001 0.2074736796875 0.595360825 0.1920109671875 0.595360825 0.1791239390625 0.5910652921875 0.15721663749999998 0.5927835046875 0.141751775 0.5876288656249999 0.12500014375 0.57817869375 0.1108242 0.57646048125 0.0889168984375 0.5833333328125 0.07989662343750001 0.5902061859375001 0.076029871875 0.59793814375 0.0773187890625 0.6082474234374999 0.082474459375 0.615120275 0.0953614859375 0.623711340625 0.1043817609375 0.626288659375 0.12500014375 0.625429553125 0.1353093359375 0.622852234375 0.1469074453125 0.625429553125 0.18814421406249998 0.625429553125 0.193299884375 0.6280068734375 0.2023201578125 0.626288659375 0.2074736796875 0.6305841921875001 0.2113404328125 0.6305841921875001 0.2164939546875 0.627147765625 0.22164962500000002 0.6340206187499999
2 0 0.5420962203124999 0.03865985625 0.5420962203124999 0.0463912125 0.528350515625 0.0476801296875 0.4948453609375 0.0373709375 0.489690721875 0 0.49052120468749993 0 0.5420962203124999
1 1 0.6567254203124999 0.9922676359375 0.6512027484375 0.9793806078125 0.646048109375 0.949097490625 0.64097938125 0.9355660046875001 0.644329896875 0.9304124828125 0.6512027484375 0.9368549234374999 0.664089346875 0.9329903187499999 0.6769759453125 0.92397004375 0.6821305843750001 0.9123719343750001 0.69329896875 0.89175355 0.703608246875 0.8904646328125001 0.7121993125 0.8956181546875 0.719931271875 0.90850518125 0.72938144375 0.92397004375 0.7362542953125 0.940721675 0.7371134015624999 0.9484530328125 0.7345360828125 0.97293816875 0.713917525 0.984536278125 0.7079037796875001 0.9922676359375 0.7070446734375 1 0.7036082765625 1 0.6567254203124999
1 0.841494359375 0.7482817875000001 0.856959221875 0.7534364265625 0.8724219359375001 0.7542955328125001 0.8943292375 0.7517182124999999 0.8994849078125 0.74914089375 0.9020627421875 0.7431271484375 0.8981959890625 0.7362542953125 0.8788665234374999 0.7268041234375 0.8608238265624999 0.720790378125 0.8402054421875 0.7044673546875 0.8350519203125 0.6898625421875 0.8350519203125 0.6778350515625 0.841494359375 0.6512027484375 0.8363408375000001 0.6451890031249999 0.8286073328124999 0.6451890031249999 0.815722453125 0.65206185625 0.8002575921874999 0.681271478125 0.7912373171875 0.7104811 0.7951040703125 0.73024055 0.8067000312499999 0.741408934375 0.841494359375 0.7482817875000001
1 0.7164951375 0.742268040625 0.7384024390625 0.7482817875000001 0.769330015625 0.7448453609375 0.783505959375 0.740549828125 0.7886594812500001 0.7268041234375 0.784794878125 0.713917525 0.7551540703125 0.6890034359375 0.7384024390625 0.6701030921875 0.7319578515625 0.6666666671875 0.720361890625 0.6666666671875 0.70231919375 0.67182130625 0.689432165625 0.682989690625 0.68427864375 0.6967353953125001 0.6855675625 0.7121993125 0.6997413578125 0.73281786875 0.7164951375 0.742268040625
2 0.449742915625 0.702749140625 0.4471650796875 0.723367696875 0.4523186015625 0.75 0.46262779375 0.759450171875 0.47680373906250006 0.7654639171875 0.49226859999999995 0.76890034375 0.5025777921875 0.76718213125 0.5347942859375 0.7474226796875 0.5463923953125 0.7439862546875 0.5850513281249999 0.7242268046875 0.641752959375 0.701030928125 0.6623713421875 0.6890034359375 0.681700809375 0.682989690625 0.737113521875 0.65206185625 0.7487116312500001 0.6486254296875 0.780928125 0.6331615125 0.7938151515625 0.6305841921875001 0.81314461875 0.6202749140625 0.8221648937499999 0.6194158078124999 0.8402054421875 0.6116838484375 0.8530924687500001 0.59793814375 0.8556703046875 0.588487971875 0.8543813859375 0.568728521875 0.8363408375000001 0.5446735390625 0.8195870578125 0.5274914093749999 0.8105667828125 0.5214776624999999 0.8054132609375 0.52061855625 0.7796392078125 0.5042955328125001 0.7654632625 0.49914089375000004 0.752578384375 0.4974226796875 0.7461337968749999 0.4939862546875 0.7164951375 0.490549828125 0.704897028125 0.48711340156249994 0.6932989187499999 0.488831615625 0.67783405625 0.4862542953125 0.6713916171875 0.489690721875 0.6636602609375 0.4879725078125 0.6082475484375001 0.49914089375000004 0.550257 0.530927834375 0.521907259375 0.5532646046874999 0.506442396875 0.568728521875 0.5025777921875 0.57646048125 0.49226859999999995 0.5841924406250001 0.47293913437499996 0.6125429546875 0.465205628125 0.6340206187499999 0.4548964375 0.6512027484375 0.448453996875 0.6778350515625 0.449742915625 0.702749140625
1 0.3891745328125 0.6795532640624999 0.378865340625 0.6967353953125001 0.376289653125 0.7121993125 0.3801542578125 0.719931271875 0.3878856140625 0.7182130578125 0.4007726421875 0.7079037796875001 0.4123707515625 0.702749140625 0.4432983265625 0.6967353953125001 0.4458761625 0.69158075625 0.44458724531250005 0.6855670109374999 0.42525777812500004 0.67182130625 0.40592831250000005 0.6709622000000001 0.3969080375 0.67353951875 0.3891745328125 0.6795532640624999
1 0.16752582968750002 0.69329896875 0.1920109671875 0.7087628859375 0.20876259843749997 0.7285223375000001 0.224227459375 0.72938144375 0.25386611875 0.7173539515625 0.2603085578125 0.7113402062499999 0.26288639375 0.7018900343750001 0.24484584375 0.6890034359375 0.23453665156249998 0.6761168390625001 0.2319588171875 0.6683848796875 0.233247734375 0.6408934703125 0.22680314687499997 0.6383161515625 0.20876259843749997 0.6365979375 0.18556637812500001 0.6374570453125 0.16752582968750002 0.642611684375 0.1469074453125 0.654639175 0.13402041874999998 0.67353951875 0.13402041874999998 0.682989690625 0.141751775 0.6872852234375 0.1481963640625 0.6872852234375 0.16752582968750002 0.69329896875
1 0.02319499375 0.681271478125 0.025772828125 0.7001718218749999 0.0335041859375 0.70962199375 0.0451022953125 0.7147766328125 0.07860770624999999 0.7147766328125 0.09407256875 0.7113402062499999 0.09149473281250001 0.703608246875 0.0979371734375 0.7001718218749999 0.10695959531250002 0.6898625421875 0.10309284218749999 0.6666666671875 0.09020581562499999 0.6572164953125 0.0837633765625 0.65549828125 0.0592782390625 0.65549828125 0.05154688281249999 0.6572164953125 0.027061746874999997 0.67353951875 0.02319499375 0.681271478125
1 0.0193303890625 0.7276632296875001 0.027061746874999997 0.7353951890625 0.043813378125 0.7628865984375001 0.057989321875 0.7749140890625 0.06829851406250001 0.7723367703124999 0.076029871875 0.7663230234375 0.099226090625 0.738831615625 0.10824636406249999 0.7345360828125 0.1108242 0.7182130578125 0.099226090625 0.7156357390625 0.0528358 0.7156357390625 0.036082020312500004 0.71305841875 0.02061930625 0.7156357390625 0.016752554687499997 0.7182130578125 0.0193303890625 0.7276632296875001
1 0 0.7979291390625 0.002576609375 0.7981099656249999 0.01417471875 0.7938144328125001 0.021908225 0.7878006875 0.025772828125 0.780927834375 0.0244839109375 0.7637457046875 0.016752554687499997 0.7542955328125001 0 0.745919534375 0 0.7979291390625
1 0.1172687875 0.7843642609375 0.128866896875 0.79037800625 0.18041285625 0.796391753125 0.2036090765625 0.7886597937500001 0.2061847625 0.7774914093749999 0.1997423234375 0.76890034375 0.186855296875 0.760309278125 0.16752582968750002 0.7534364265625 0.1533498859375 0.7525773203125 0.137887171875 0.7560137453125 0.1275779796875 0.761168384375 0.11597987031250001 0.7714776624999999 0.1146909515625 0.779209621875 0.1172687875 0.7843642609375
1 0.4948442875 0.776632303125 0.4948442875 0.786082475 0.49871104062500005 0.7929553265625 0.5141759015625 0.7998281781250001 0.5231961765625 0.7981099656249999 0.536083203125 0.7878006875 0.5347942859375 0.7757731953125 0.5193294234375 0.7680412375000001 0.4999999578125 0.77061855625 0.4948442875 0.776632303125
1 0.2680420625 0.7981099656249999 0.274484503125 0.8032646046874999 0.28221585937500004 0.8049828171875 0.28221585937500004 0.8092783499999999 0.2847936953125 0.8092783499999999 0.2873715296875 0.8041237109375 0.29381396875 0.8032646046874999 0.3105677484375 0.7946735390625 0.323452628125 0.7774914093749999 0.3260304625 0.7714776624999999 0.3260304625 0.7517182124999999 0.3221658578125 0.7448453609375 0.3170101875 0.7431271484375 0.297680721875 0.742268040625 0.2899493640625 0.7448453609375 0.27319558437499997 0.7551546390625 0.2667531453125 0.7714776624999999 0.2680420625 0.7981099656249999
1 0.5541237531250001 0.778350515625 0.5399478078125 0.7852233671875 0.53350536875 0.8015463921875 0.536083203125 0.8118556703124999 0.5451034781249999 0.8170103093750001 0.5605661921875 0.819587628125 0.58891808125 0.8178694156249999 0.600516190625 0.8127147765625 0.6224234921875 0.7981099656249999 0.6249991796875001 0.7929553265625 0.6224234921875 0.7843642609375 0.6121143 0.778350515625 0.6018051078125 0.776632303125 0.5670107796875 0.7757731953125 0.5541237531250001 0.778350515625
4 0 0.8009972031249999 0.0593942421875 0.84475945 0.1072689359375 0.7794845359375 0.1181452515625 0.7156529203125 0.09855585312500001 0.6532731953125 0.037628721875 0.5996048109375 0 0.5783763703125 0 0.8009972031249999
1 0.2757734203125 0.701030928125 0.2899493640625 0.703608246875 0.3041231609375 0.7147766328125 0.3105677484375 0.7164948453125 0.3221658578125 0.7164948453125 0.3337618203125 0.71305841875 0.36726723125 0.7087628859375 0.37371181875000004 0.7053264609375 0.3775764234375 0.6975945015625 0.3775764234375 0.6872852234375 0.3724229 0.67353951875 0.36469154375 0.664089346875 0.344073159375 0.6537800687499999 0.320876940625 0.6494845359375 0.2925250515625 0.6512027484375 0.2770623375 0.6563573890625001 0.26546422812500003 0.664948453125 0.257732871875 0.6804123718749999 0.2641753109375 0.6950171828125 0.2757734203125 0.701030928125
1 0.53350536875 0.4424398625 0.521907259375 0.4484536078125 0.512886984375 0.4579037796875 0.5141759015625 0.46735395156250004 0.5257740109375 0.47250859062500006 0.5618551093749999 0.4742268046875 0.5902069984375 0.469072165625 0.5927826859375 0.4621993125 0.5837624109374999 0.4484536078125 0.568299696875 0.44072164999999996 0.5476813125 0.4398625421875 0.53350536875 0.4424398625
1 0.305412078125 0.375429553125 0.3105677484375 0.3780068734375 0.320876940625 0.3891752578125 0.3363396546875 0.3874570453125 0.3427842421875 0.38230240625 0.344073159375 0.36855670156250003 0.3363396546875 0.3522336765625 0.3363396546875 0.3221649484375 0.31185666562500003 0.30240549843750003 0.2809269421875 0.2878006875 0.2551550359375 0.279209621875 0.2409790921875 0.278350515625 0.2152071859375 0.2843642609375 0.1997423234375 0.296391753125 0.186855296875 0.30240549843750003 0.1829906921875 0.30927835 0.18814421406249998 0.3144329890625 0.20876259843749997 0.3213058421875 0.24613476093750003 0.34020618593749996 0.2603085578125 0.34450171875 0.2667531453125 0.3530927828125 0.2770623375 0.3591065296875 0.288660446875 0.3711340203125 0.297680721875 0.376288659375 0.305412078125 0.375429553125
1 0.6932989187499999 0.38316151249999997 0.6997413578125 0.38573883124999997 0.7152062203125 0.3874570453125 0.7293821656249999 0.38659793750000004 0.7474227140624999 0.3780068734375 0.7564429890625 0.3719931265625 0.7615986578125 0.365120275 0.7899484 0.3470790375 0.7886594812500001 0.34020618593749996 0.7706189328125 0.31958762812499997 0.760309740625 0.3127147765625 0.7500005484375001 0.3109965640625 0.71005055 0.296391753125 0.701030275 0.296391753125 0.6701026999999999 0.3135738828125 0.6507732328125 0.3273195875 0.6404640406250001 0.3298969078125 0.6340216015625 0.3393470796875 0.64690648125 0.356529209375 0.6572156734375 0.36340206249999996 0.67783405625 0.3719931265625 0.6932989187499999 0.38316151249999997
4 1 0.2315649015625 0.887500121875 0.21169244062499998 0.8280144296874999 0.214931271875 0.7927969078125 0.338771478125 0.8122294875 0.431048109375 0.89235719375 0.47799828125 0.9542789390624999 0.3549656359375 1 0.2831935546875 1 0.2315649015625
1 0.9976806593750001 1 0.984536278125 0.9974226796875 0.9548976203124999 0.9845360828124999 0.9342792359375001 0.972508590625 0.92397004375 0.973367696875 0.9188143734375 0.9785223375 0.920103290625 0.989690721875 0.92397004375 0.9948453609374999 0.93280649375 1 0.9976806593750001 1
2 0.210534859375 1 0.2048958453125 0.9879725078125 0.2048958453125 0.970790378125 0.19845340625000002 0.9372852234375 0.194586653125 0.9321305843750001 0.1765461046875 0.9286941578125001 0.145618528125 0.9286941578125001 0.11984447499999999 0.931271478125 0.0721652671875 0.9295532640624999 0.067009596875 0.931271478125 0.0528358 0.931271478125 0.0451022953125 0.9278350515625 0.0335041859375 0.9286941578125001 0.0193303890625 0.9261168390625001 0 0.92521775625 0 1 0.210534859375 1
1 0.2809269421875 0.9673539515625 0.2963918046875 0.972508590625 0.314432353125 0.973367696875 0.3221658578125 0.9716494843750001 0.3311861328125 0.9664948453125 0.3350507375 0.9579037796875 0.3350507375 0.9407216500000001 0.3311861328125 0.9329896906249999 0.31829910625 0.92353951875 0.3015453265625 0.9175257734375 0.2873715296875 0.9166666671874999 0.2680420625 0.92182130625 0.2603085578125 0.930412371875 0.259019640625 0.94329896875 0.2680420625 0.9587628859375 0.2809269421875 0.9673539515625
1 0.30721699375 1 0.31958802343750004 0.991408934375 0.33247505 0.9853951890625 0.35438235156250003 0.9802405500000001 0.35438235156250003 0.972508590625 0.3479377640625 0.9699312718750001 0.32731937968749997 0.9682130578124999 0.314432353125 0.9716494843750001 0.2757734203125 0.973367696875 0.2603085578125 0.98281786875 0.2512882828125 0.9948453609374999 0.2512882828125 1 0.30721699375 1
1 0.393041284375 0.9553264609375001 0.3878856140625 0.9768041234375 0.3956191203125 0.9845360828124999 0.4007726421875 0.9853951890625 0.4304113 0.9836769765625 0.448453996875 0.97938144375 0.4561853546875 0.9742268046874999 0.4548964375 0.9647766328125 0.4471650796875 0.951030928125 0.448453996875 0.9390034359375001 0.461341025 0.9183848796875 0.4677834640625 0.913230240625 0.4677834640625 0.904639175 0.46262779375 0.9012027484375 0.4432983265625 0.8960481093749999 0.4329891359375 0.8908934703125 0.41365966875 0.8883161515625 0.3943302015625 0.8908934703125 0.36469154375 0.904639175 0.35824695625 0.911512028125 0.360824790625 0.9201030921875001 0.38273209218750004 0.9390034359375001 0.393041284375 0.9553264609375001
1 0.52448509375 0.944158075 0.5309275328124999 0.9596219937500001 0.541236725 0.9656357390625001 0.5579905046875 0.970790378125 0.5747421359375 0.9699312718750001 0.58247349375 0.9673539515625 0.5953605203125 0.9579037796875 0.6018051078125 0.9467353953125001 0.6018051078125 0.931271478125 0.59793835625 0.924398625 0.5786088890625 0.911512028125 0.5695886140625 0.9097938140625 0.541236725 0.912371134375 0.5296386156249999 0.9201030921875001 0.52448509375 0.930412371875 0.52448509375 0.944158075
1 0.7867065765625 1 0.786081646875 0.9931271484374999 0.7783502906249999 0.97938144375 0.769330015625 0.970790378125 0.7590208234375 0.9656357390625001 0.7512894671875 0.9647766328125 0.713917303125 0.97938144375 0.7152062203125 0.9879725078125 0.7319578515625 0.9948453609374999 0.7380904312500001 1 0.7867065765625 1
1 0.6481953984375 0.9390034359375001 0.6404640406250001 0.9553264609375001 0.641752959375 0.9682130578124999 0.6572156734375 0.9845360828124999 0.6713916171875 0.989690721875 0.688145396875 0.990549828125 0.7306710828125 0.9742268046874999 0.7474227140624999 0.9639175249999999 0.769330015625 0.9604811 0.8028354265625 0.9604811 0.8092778656249999 0.9579037796875 0.8273205625 0.9261168390625001 0.8286073328124999 0.9192439859375 0.815722453125 0.88573883125 0.8079889484375 0.8797250859375 0.7989686734375 0.8754295531249999 0.769330015625 0.86769759375 0.737113521875 0.86769759375 0.7036081109375 0.8608247421874999 0.690721084375 0.8608247421874999 0.6791229750000001 0.865120275 0.6636602609375 0.86769759375 0.6597935078125 0.872852234375 0.6597935078125 0.8788659796875 0.6688137828125 0.8977663234375 0.6675248640625 0.9140893468750001 0.6481953984375 0.9390034359375001
1 0.320876940625 0.8668384874999999 0.297680721875 0.8702749140625 0.291236134375 0.8745704468750001 0.29381396875 0.8908934703125 0.3079899140625 0.8986254296875 0.3221658578125 0.8994845359375001 0.329897215625 0.88573883125 0.341495325 0.8780068734375 0.3569580390625 0.8719931265625 0.39046345 0.8694158078124999 0.3943302015625 0.86769759375 0.39948372499999996 0.8616838484375 0.3969080375 0.8513745703125 0.37371181875000004 0.8402061859375 0.35309343437499996 0.8393470796875 0.3402064078125 0.8410652921875 0.3350507375 0.845360825 0.3311861328125 0.8599656359375001 0.320876940625 0.8668384874999999
2 0 0.8859833515625001 0.0077322796875 0.8977663234375 0.0193303890625 0.9089347078125 0.02963958125 0.9140893468750001 0.0451022953125 0.9106529203125 0.1108242 0.884879725 0.11984447499999999 0.8831615125000001 0.20876259843749997 0.84621993125 0.2113404328125 0.8419243984375001 0.21005151562500002 0.8316151203125 0.186855296875 0.805841925 0.1765461046875 0.8032646046874999 0.15721663749999998 0.8109965640624999 0.1481963640625 0.8109965640624999 0.0953614859375 0.834192440625 0.081185540625 0.836769759375 0.064433909375 0.8470790375 0.05154688281249999 0.8496563578125 0.043813378125 0.857388315625 0.0335041859375 0.8582474234375 0.006443362499999999 0.86769759375 0 0.8732206874999999 0 0.8859833515625001
1 0 0.16887577812500001 0.050257965625 0.17525773125 0.0592782390625 0.1726804125 0.06829851406250001 0.165807559375 0.07860770624999999 0.1391752578125 0.0773187890625 0.1288659796875 0.0528358 0.10910652968750001 0.012885801562499999 0.09278350468749999 0 0.091638075 0 0.16887577812500001
1 0.3865988453125 0.09793814375 0.3801542578125 0.0987972515625 0.37371181875000004 0.107388315625 0.3724229 0.11597938125 0.3801542578125 0.124570446875 0.393041284375 0.1280068734375 0.40463939375 0.1280068734375 0.4317002171875 0.122852234375 0.448453996875 0.11426116875 0.44458724531250005 0.107388315625 0.4317002171875 0.1005154640625 0.4149485859375 0.09536082500000001 0.3956191203125 0.09278350468749999 0.3865988453125 0.09793814375
1 0.5876291640625 0.154639175 0.5670107796875 0.181271478125 0.5605661921875 0.1967353953125 0.5605661921875 0.2044673546875 0.5760310546875 0.2053264609375 0.5876291640625 0.200171821875 0.64433079375 0.201890034375 0.6932989187499999 0.1993127140625 0.71005055 0.2044673546875 0.7242264953124999 0.1993127140625 0.728093246875 0.201030928125 0.7474227140624999 0.201890034375 0.752578384375 0.19587628906250001 0.7435559609375 0.1872852234375 0.73969135625 0.174398625 0.721648659375 0.15120274843749998 0.71005055 0.1469072171875 0.701030275 0.1486254296875 0.6945878359375001 0.144329896875 0.6546399859375 0.145189003125 0.6481953984375 0.143470790625 0.6430418765625 0.14604810937499998 0.63015485 0.1469072171875 0.6043807953125 0.14604810937499998 0.5876291640625 0.154639175
4 0.17514118437499998 0.16853092812499998 0.1418548890625 0.1916666671875 0.130050553125 0.2021563578125 0.9307991578125 0.2021563578125 0.898492440625 0.175 0.82965135625 0.1365979375 0.7889172656250001 0.1141237109375 0.735528153125 0.094450171875 0.686366690625 0.0747852234375 0.644214790625 0.0654209625 0.5543042015624999 0.0541838484375 0.538852228125 0.052310996875 0.458776078125 0.0588659796875 0.37730575 0.070850515625 0.266044240625 0.11730240624999999 0.197061375 0.1565463921875 0.17514118437499998 0.16853092812499998
1 0.40335047656249995 0.025773195312500004 0.402061559375 0.036082475 0.40463939375 0.04037800625 0.4304113 0.0515463921875 0.4458761625 0.048969071875 0.4523186015625 0.0438144328125 0.4587631890625 0.0335051546875 0.45747427187499995 0.0163230234375 0.448453996875 0.011168384375 0.4304113 0.012027492187499999 0.42010210781249996 0.0154639171875 0.40335047656249995 0.025773195312500004
4 0.8080651734375 0 0.8557476390625001 0.0397336765625 0.9207606390624999 0.0635652921875 0.9727706093749999 0.0733247421875 1 0.0733247421875 1 0 0.8080651734375 0
1 0.28221585937500004 0.8410652921875 0.2925250515625 0.8445017187499999 0.30025855625000003 0.8445017187499999 0.3105677484375 0.8393470796875 0.31185666562500003 0.82817869375 0.3041231609375 0.8221649484375 0.2873715296875 0.8178694156249999 0.26159747499999997 0.80670103125 0.224227459375 0.7998281781250001 0.2152071859375 0.8006872859374999 0.21778287187499998 0.8101374578125 0.28221585937500004 0.8410652921875
2 0.402061559375 0.845360825 0.47680373906250006 0.8702749140625 0.4999999578125 0.8745704468750001 0.5077313140624999 0.8694158078124999 0.52448509375 0.84621993125 0.5270629296875 0.837628865625 0.521907259375 0.8333333328125001 0.506442396875 0.82817869375 0.4948442875 0.8213058421874999 0.4858240125 0.8204467359375001 0.46391671093750003 0.8118556703124999 0.4548964375 0.8109965640624999 0.42912453125 0.7998281781250001 0.40850614687500003 0.7946735390625 0.3595358734375 0.776632303125 0.3402064078125 0.7757731953125 0.32731937968749997 0.7817869421875 0.3105677484375 0.80670103125 0.314432353125 0.8170103093750001 0.3659783125 0.834192440625 0.378865340625 0.835051546875 0.402061559375 0.845360825
2 1 0.7424001421875001 0.9922676359375 0.738831615625 0.9716492515624999 0.7362542953125 0.9458773453125 0.7379725078125 0.8981959890625 0.7525773203125 0.8801554406250001 0.7560137453125 0.832474084375 0.7525773203125 0.7951040703125 0.7465635734375 0.783505959375 0.7465635734375 0.744844878125 0.7534364265625 0.7229375765625 0.7878006875 0.7190729734375 0.7981099656249999 0.7164951375 0.8170103093750001 0.721648659375 0.8333333328125001 0.728093246875 0.8419243984375001 0.752578384375 0.8582474234375 0.7641743453125 0.8634020625 0.7796392078125 0.8668384874999999 0.81314461875 0.8797250859375 0.8311851671875001 0.8917525765625 0.8389165249999999 0.9072164953125 0.8492278640625001 0.9140893468750001 0.9007738249999999 0.9201030921875001 0.9265457312500001 0.9201030921875001 0.9548976203124999 0.914948453125 0.9664957296875001 0.9097938140625 0.9858251953125 0.8960481093749999 0.9974233046875 0.88230240625 1 0.876167184375 1 0.7424001421875001
2 0.0476801296875 0.5352233671875 0.0335041859375 0.57474226875 0.0335041859375 0.585051546875 0.043813378125 0.5919243984375 0.05154688281249999 0.5919243984375 0.0592782390625 0.586769759375 0.0747431015625 0.5876288656249999 0.0979371734375 0.5721649484375 0.105670678125 0.5730240546875 0.113402034375 0.5695876281250001 0.11984447499999999 0.5695876281250001 0.1262890625 0.565292096875 0.1597944734375 0.5575601375 0.18943313125 0.5575601375 0.2061847625 0.5532646046874999 0.2306699 0.536082475 0.23840125625000003 0.5335051546875 0.24613476093750003 0.5335051546875 0.2551550359375 0.5257731953125 0.25386611875 0.5146048109375 0.2435569265625 0.5034364265625 0.21778287187499998 0.45274914062500005 0.2113404328125 0.43470790312499996 0.2048958453125 0.4278350515625 0.2023201578125 0.41151202812500004 0.1920109671875 0.38316151249999997 0.18814421406249998 0.345360825 0.1791239390625 0.32817869375000003 0.1726793515625 0.32474226875 0.1275779796875 0.3298969078125 0.12242230937500001 0.3273195875 0.105670678125 0.325601375 0.09665040312499999 0.318728521875 0.0889168984375 0.32474226875 0.0837633765625 0.325601375 0.081185540625 0.3298969078125 0.06829851406250001 0.325601375 0.0592782390625 0.3290378 0.05154688281249999 0.3290378 0.043813378125 0.3333333328125 0.041237690625000004 0.338487971875 0.0451022953125 0.36855670156250003 0.050257965625 0.376288659375 0.050257965625 0.38316151249999997 0.0567004046875 0.3969072171875 0.057989321875 0.48024055 0.0528358 0.5025773203125 0.0567004046875 0.510309278125 0.05154688281249999 0.5137457046875 0.0476801296875 0.5352233671875
1 0.6159789046874999 0.894329896875 0.6249991796875001 0.8986254296875 0.65206215 0.9003436421875 0.661082425 0.8977663234375 0.6623713421875 0.8900343640624999 0.6533510687499999 0.876288659375 0.649484315625 0.8608247421874999 0.6430418765625 0.8539518906250001 0.626288096875 0.8436426109375 0.577319971875 0.825601375 0.5579905046875 0.825601375 0.5347942859375 0.837628865625 0.505155628125 0.8780068734375 0.505155628125 0.8917525765625 0.5141759015625 0.8986254296875 0.521907259375 0.8977663234375 0.5554126703125 0.884879725 0.5695886140625 0.884879725 0.5837624109374999 0.88230240625 0.6056697125 0.884879725 0.6159789046874999 0.894329896875
1 0.1971644890625 0.8530927828125 0.18556637812500001 0.8608247421874999 0.18556637812500001 0.8754295531249999 0.193299884375 0.8831615125000001 0.21391826875 0.8908934703125 0.22809206406250002 0.8917525765625 0.2371123390625 0.88573883125 0.25257720156249996 0.8805841921875001 0.26159747499999997 0.8745704468750001 0.2693288328125 0.865120275 0.27319558437499997 0.8539518906250001 0.27319558437499997 0.8427835046875 0.27061775 0.8393470796875 0.25257720156249996 0.835051546875 0.2152071859375 0.8427835046875 0.2074736796875 0.8505154640624999 0.1971644890625 0.8530927828125
1 0.641752959375 0.82646048125 0.6636602609375 0.82817869375 0.6855675625 0.845360825 0.6945878359375001 0.845360825 0.7152062203125 0.8316151203125 0.713917303125 0.8221649484375 0.6997413578125 0.8127147765625 0.6868564796875 0.7878006875 0.6791229750000001 0.7843642609375 0.6572156734375 0.786082475 0.6430418765625 0.7912371140625 0.632732684375 0.7998281781250001 0.62886593125 0.8084192437500001 0.63015485 0.8204467359375001 0.641752959375 0.82646048125
1 1 0.03608269375 0.9780938390625 0.0214776625 0.969071415625 0.01975945 0.9548976203124999 0.0317869421875 0.9548976203124999 0.048109965625 0.96391789375 0.052405498437499996 0.9742270859375 0.0541237109375 0.9974233046875 0.052405498437499996 1 0.049828245312500005 1 0.03608269375
1 0.8028354265625 0.0317869421875 0.801546509375 0.036082475 0.8054132609375 0.05068728593750001 0.8195870578125 0.055841925 0.82989625 0.0515463921875 0.8363408375000001 0.0420962203125 0.8337630031250001 0.030068728125 0.8208759750000001 0.023195876562500002 0.8028354265625 0.0317869421875
1 0.6752583703124999 0.0163230234375 0.681700809375 0.05670103125 0.6855675625 0.06357388281250001 0.689432165625 0.06529209687500001 0.71005055 0.066151203125 0.7164951375 0.06271477656249999 0.7242264953124999 0.049828178125 0.7319578515625 0.0240549828125 0.728093246875 0.01718213125 0.7190729734375 0.012886598437499999 0.6855675625 0.012027492187499999 0.67783405625 0.013745704687499999 0.6752583703124999 0.0163230234375
1 0.62886593125 0.026632303125 0.6185567390625 0.0317869421875 0.6185567390625 0.048109965625 0.6314437671875 0.0541237109375 0.64690648125 0.052405498437499996 0.6546399859375 0.045532645312499995 0.655928903125 0.03865979375 0.6533510687499999 0.032646048437500005 0.6430418765625 0.026632303125 0.62886593125 0.026632303125
1 0.649483778125 0 0.64690648125 0.00085910625 0.6404640406250001 0.010309278125 0.6481953984375 0.012886598437499999 0.6804118921875 0.012886598437499999 0.7177840546875001 0.0068728515625 0.721648659375 0.0042955328125 0.721648659375 0 0.649483778125 0
2 0.452101990625 0 0.5387877828125001 0.046228521875 0.5517908125 0.049484535937500004 0.6216759203125 0.015893470312499998 0.6310071875000001 0 0.452101990625 0
1 0.3350507375 0 0.3350507375 0.0042955328125 0.341495325 0.009450171875 0.3724229 0.008591065625 0.3801542578125 0.012027492187499999 0.3917523671875 0.012027492187499999 0.40335047656249995 0.0051546390625 0.40335047656249995 0 0.3350507375 0
1 0.2762885578125 0 0.2835047765625 0.0068728515625 0.291236134375 0.0060137453125 0.305412078125 0.011168384375 0.3286082984375 0.013745704687499999 0.3337618203125 0.0068728515625 0.333332896875 0 0.2762885578125 0
1 0.8028354265625 0.115120275 0.8118557015625001 0.1185567015625 0.8208759750000001 0.126288659375 0.8311851671875001 0.1297250859375 0.8363408375000001 0.1297250859375 0.8402054421875 0.123711340625 0.8659794968750001 0.11426116875 0.8724219359375001 0.10910652968750001 0.8724219359375001 0.0987972515625 0.8672684140625 0.09106529218750001 0.8505146343750001 0.08333333281250001 0.8273205625 0.08333333281250001 0.815722453125 0.0919243984375 0.8028354265625 0.10652920937499999 0.8028354265625 0.115120275
1 0.737113521875 0.0644329890625 0.7319578515625 0.086769759375 0.737113521875 0.09106529218750001 0.744844878125 0.09278350468749999 0.760309740625 0.085051546875 0.783505959375 0.087628865625 0.7899484 0.084192440625 0.8182981406250001 0.0807560140625 0.8221648937499999 0.0773195875 0.8208759750000001 0.067869415625 0.7628875765625 0.027491409374999998 0.752578384375 0.028350515625 0.7461337968749999 0.048109965625 0.737113521875 0.0644329890625
1 0.51030915 0.046391753125000004 0.4884018484375 0.046391753125000004 0.4677834640625 0.0549828171875 0.465205628125 0.06357388281250001 0.4755148203125 0.069587628125 0.4948442875 0.0704467359375 0.5077313140624999 0.066151203125 0.5347942859375 0.06271477656249999 0.537372121875 0.0541237109375 0.5309275328124999 0.049828178125 0.51030915 0.046391753125000004
1 0.5154648203125001 0.11597938125 0.4884018484375 0.124570446875 0.4819594078125 0.1297250859375 0.47938157343750004 0.1374570453125 0.4858240125 0.142611684375 0.503866709375 0.144329896875 0.51804050625 0.1486254296875 0.521907259375 0.15206185625 0.537372121875 0.15120274843749998 0.5618551093749999 0.1400343640625 0.5657218625 0.13402061875 0.5657218625 0.1280068734375 0.5605661921875 0.123711340625 0.537372121875 0.11597938125 0.5154648203125001 0.11597938125
1 0.5631440265625 0.0738831609375 0.536083203125 0.09364261093750001 0.53350536875 0.1082474234375 0.5399478078125 0.1134020625 0.5644329453125 0.11941580781250001 0.5811845765625 0.11769759375 0.5876291640625 0.1125429546875 0.5902069984375 0.09364261093750001 0.594071603125 0.087628865625 0.5992272734374999 0.084192440625 0.6108253828125 0.0824742265625 0.621134575 0.07817869375 0.621134575 0.067010309375 0.600516190625 0.05841924375 0.57989780625 0.0575601375 0.5747421359375 0.05927835 0.5631440265625 0.0738831609375
1 0.664949178125 0.0996563578125 0.6391751234374999 0.09793814375 0.6108253828125 0.11426116875 0.609536465625 0.12199312656250001 0.617267821875 0.126288659375 0.62886593125 0.126288659375 0.649484315625 0.11769759375 0.6662380953125 0.115120275 0.6752583703124999 0.107388315625 0.664949178125 0.0996563578125
1 0.6997413578125 0.124570446875 0.7164951375 0.13230240625 0.7590208234375 0.143470790625 0.7667521796875 0.1408934703125 0.7796392078125 0.1305841921875 0.777061371875 0.122852234375 0.7551540703125 0.11168384843750001 0.73969135625 0.1108247421875 0.7255154125 0.1022336765625 0.720361890625 0.09450171874999999 0.7061859453125 0.086769759375 0.6945878359375001 0.07646048125 0.67783405625 0.0738831609375 0.6701026999999999 0.0816151203125 0.6701026999999999 0.09278350468749999 0.6765472875 0.105670103125 0.6997413578125 0.124570446875
1 0.783505959375 0.12714776562500002 0.7641743453125 0.143470790625 0.7654632625 0.15206185625 0.7757724546875 0.1606529203125 0.786081646875 0.1606529203125 0.8067000312499999 0.1408934703125 0.8118557015625001 0.1280068734375 0.8067000312499999 0.12199312656250001 0.7951040703125 0.122852234375 0.783505959375 0.12714776562500002
1 0.8440721953124999 0.17783505156249999 0.864690578125 0.183848796875 0.8724219359375001 0.181271478125 0.889175715625 0.18213058437500002 0.8930403203124999 0.174398625 0.873710853125 0.1606529203125 0.8582481390625001 0.15549828125 0.8492278640625001 0.1494845359375 0.8234538109375 0.14604810937499998 0.8118557015625001 0.1469072171875 0.8105667828125 0.15378006875 0.8182981406250001 0.163230240625 0.8440721953124999 0.17783505156249999
1 0.8440721953124999 0.181271478125 0.8286073328124999 0.18298969062499998 0.8118557015625001 0.181271478125 0.8105667828125 0.19072165000000002 0.8311851671875001 0.1993127140625 0.8427832765625001 0.201890034375 0.8788665234374999 0.201890034375 0.89175355 0.1967353953125 0.89175355 0.1855670109375 0.8878867984375001 0.18213058437500002 0.8634016609374999 0.183848796875 0.8440721953124999 0.181271478125
1 0.5206183421875 0.1683848796875 0.5077313140624999 0.1726804125 0.506442396875 0.18213058437500002 0.52448509375 0.1993127140625 0.536083203125 0.2044673546875 0.5541237531250001 0.2044673546875 0.568299696875 0.1769759453125 0.5670107796875 0.1666666671875 0.5476813125 0.165807559375 0.5296386156249999 0.1692439859375 0.5206183421875 0.1683848796875
1 0.449742915625 0.17525773125 0.42525777812500004 0.18213058437500002 0.39948372499999996 0.19587628906250001 0.39948372499999996 0.2044673546875 0.402061559375 0.2061855671875 0.42783561406250004 0.2053264609375 0.448453996875 0.200171821875 0.47809265625 0.1864261171875 0.4909796828125 0.18298969062499998 0.51804050625 0.163230240625 0.51804050625 0.1529209625 0.5154648203125001 0.15120274843749998 0.505155628125 0.15120274843749998 0.461341025 0.1666666671875 0.449742915625 0.17525773125
1 0.42525777812500004 0.1529209625 0.39046345 0.15120274843749998 0.378865340625 0.1580756015625 0.3750007359375 0.1675257734375 0.3878856140625 0.1786941578125 0.3969080375 0.1795532640625 0.4007726421875 0.18298969062499998 0.4123707515625 0.181271478125 0.41881533906249996 0.18298969062499998 0.43556697031249997 0.1761168390625 0.448453996875 0.17353951875 0.45747427187499995 0.1666666671875 0.4523186015625 0.15893470781250002 0.4458761625 0.15635738906250002 0.42525777812500004 0.1529209625
1 0.360824790625 0.1924398625 0.3724229 0.1993127140625 0.3891745328125 0.201030928125 0.393041284375 0.1975945015625 0.393041284375 0.1881443296875 0.3775764234375 0.17353951875 0.3724229 0.163230240625 0.3569580390625 0.162371134375 0.337628571875 0.15378006875 0.31572127031249997 0.15378006875 0.3015453265625 0.15721649531249998 0.2873715296875 0.1666666671875 0.31829910625 0.1761168390625 0.344073159375 0.181271478125 0.3518045171875 0.1864261171875 0.3569580390625 0.1872852234375 0.360824790625 0.1924398625
1 0.26159747499999997 0.202749140625 0.3015453265625 0.2053264609375 0.31958802343750004 0.202749140625 0.323452628125 0.1975945015625 0.3221658578125 0.1881443296875 0.31572127031249997 0.1795532640625 0.30670099687499996 0.1726804125 0.297680721875 0.17525773125 0.2951028859375 0.1666666671875 0.2925250515625 0.165807559375 0.26288639375 0.1701030921875 0.24484584375 0.1701030921875 0.22809206406250002 0.1795532640625 0.224227459375 0.1864261171875 0.22809206406250002 0.1975945015625 0.24613476093750003 0.203608246875 0.26159747499999997 0.202749140625
1 0.2203607078125 0.1408934703125 0.2074736796875 0.15034364218750002 0.2036090765625 0.163230240625 0.2074736796875 0.17525773125 0.21778287187499998 0.1761168390625 0.23969017343750001 0.1709622 0.249999365625 0.162371134375 0.2487104484375 0.1494845359375 0.23840125625000003 0.1417525765625 0.233247734375 0.1400343640625 0.2203607078125 0.1408934703125
1 0.45747427187499995 0.11426116875 0.46391671093750003 0.11941580781250001 0.4819594078125 0.12113402031250001 0.5077313140624999 0.115120275 0.512886984375 0.10910652968750001 0.50902023125 0.09707903749999999 0.49355751875 0.085051546875 0.49226859999999995 0.0790378 0.47809265625 0.07474226875 0.46262779375 0.0618556703125 0.4458761625 0.0609965640625 0.42010210781249996 0.069587628125 0.421391025 0.0790378 0.449742915625 0.0902061859375 0.4548964375 0.0996563578125 0.45747427187499995 0.11426116875
1 0.329897215625 0.0515463921875 0.3402064078125 0.06357388281250001 0.34922668125 0.067869415625 0.360824790625 0.0644329890625 0.3685561484375 0.05670103125 0.37371181875000004 0.046391753125000004 0.378865340625 0.02061855625 0.3750007359375 0.012886598437499999 0.36726723125 0.009450171875 0.3350507375 0.009450171875 0.3260304625 0.01718213125 0.329897215625 0.0515463921875
1 0.29381396875 0.11941580781250001 0.2835047765625 0.1288659796875 0.2847936953125 0.1365979375 0.288660446875 0.1400343640625 0.30283424375 0.1417525765625 0.3170101875 0.1391752578125 0.3402064078125 0.1314432984375 0.3685561484375 0.1168384875 0.38144317499999997 0.0902061859375 0.3801542578125 0.0773195875 0.3724229 0.0713058421875 0.3634026265625 0.069587628125 0.346648846875 0.085910653125 0.3389174890625 0.09106529218750001 0.3337618203125 0.0919243984375 0.329897215625 0.0996563578125 0.31958802343750004 0.107388315625 0.3131434359375 0.105670103125 0.3079899140625 0.11168384843750001 0.29381396875 0.11941580781250001
1 0.3079899140625 0.07646048125 0.32731937968749997 0.0790378 0.3363396546875 0.07646048125 0.3402064078125 0.0704467359375 0.3337618203125 0.06357388281250001 0.30927883125 0.0575601375 0.2860826125 0.055841925 0.2512882828125 0.05841924375 0.24226800937499998 0.06271477656249999 0.2371123390625 0.069587628125 0.24226800937499998 0.07474226875 0.25386611875 0.07646048125 0.3079899140625 0.07646048125
1 0.2074736796875 0.036082475 0.22809206406250002 0.049828178125 0.2306699 0.0549828171875 0.23840125625000003 0.055841925 0.24613476093750003 0.049828178125 0.25386611875 0.05068728593750001 0.2680420625 0.041237114062500003 0.27319558437499997 0.0317869421875 0.2667531453125 0.026632303125 0.26288639375 0.01718213125 0.25257720156249996 0.009450171875 0.23969017343750001 0.0051546390625 0.2229385421875 0.0051546390625 0.2061847625 0.0146048109375 0.2023201578125 0.026632303125 0.2074736796875 0.036082475
1 0.18041285625 0.0893470796875 0.181701775 0.1013745703125 0.193299884375 0.12113402031250001 0.20876259843749997 0.1331615125 0.2229385421875 0.1374570453125 0.2358255703125 0.13402061875 0.2641753109375 0.115120275 0.2693288328125 0.10910652968750001 0.2757734203125 0.09278350468749999 0.2757734203125 0.084192440625 0.27061775 0.0790378 0.24484584375 0.0798969078125 0.23969017343750001 0.0816151203125 0.194586653125 0.07817869375 0.1842774609375 0.0798969078125 0.18041285625 0.0893470796875
1 0.1481963640625 0.05927835 0.137887171875 0.06529209687500001 0.137887171875 0.07817869375 0.14948528125 0.086769759375 0.1636590765625 0.087628865625 0.1752571875 0.0798969078125 0.1765461046875 0.067869415625 0.16494799531249998 0.05927835 0.1481963640625 0.05927835
1 0.061856074999999996 0.0704467359375 0.0721652671875 0.085910653125 0.081185540625 0.09364261093750001 0.09020581562499999 0.09536082500000001 0.12113339218750001 0.0790378 0.1262890625 0.0721649484375 0.12500014375 0.0644329890625 0.11984447499999999 0.05927835 0.1108242 0.05841924375 0.08762798125 0.05068728593750001 0.07087635 0.04037800625 0.06829851406250001 0.0352233671875 0.0592782390625 0.030068728125 0.0554114875 0.0249140890625 0.043813378125 0.0240549828125 0.0103101140625 0.04037800625 0.012885801562499999 0.048109965625 0.021908225 0.047250859374999996 0.0463912125 0.05927835 0.061856074999999996 0.0704467359375
1 0.10180392499999999 0.1769759453125 0.1146909515625 0.180412371875 0.1275779796875 0.1795532640625 0.1353093359375 0.18470790312500002 0.161083390625 0.17525773125 0.16752582968750002 0.1692439859375 0.16752582968750002 0.15979381406249998 0.162370159375 0.1486254296875 0.1636590765625 0.1297250859375 0.1713925828125 0.12199312656250001 0.1829906921875 0.11769759375 0.1842774609375 0.11168384843750001 0.181701775 0.105670103125 0.1713925828125 0.0987972515625 0.1481963640625 0.09278350468749999 0.1262890625 0.09106529218750001 0.11211311718750001 0.09450171874999999 0.10309284218749999 0.09450171874999999 0.09407256875 0.09793814375 0.081185540625 0.10652920937499999 0.0773187890625 0.115120275 0.09149473281250001 0.12199312656250001 0.10180392499999999 0.1365979375 0.10309284218749999 0.15206185625 0.099226090625 0.1726804125 0.10180392499999999 0.1769759453125
1 0 0.09067481250000001 0.02319499375 0.09278350468749999 0.027061746874999997 0.087628865625 0.025772828125 0.0816151203125 0.016752554687499997 0.075601375 0.0012876921875000001 0.0738831609375 0 0.0734869265625 0 0.09067481250000001