5 0.31974800000000003 0.731766 0.31835399999999997 0.729672 0.314358 0.728472 0.309966 0.728924 0.307572 0.731016 0.306574 0.733716 0.30678 0.736112 0.30797599999999997 0.738354 0.311964 0.73925 0.31496 0.738954 0.317354 0.737306 0.31935199999999997 0.735208 0.31974800000000003 0.731766
5 0.61494 0.83124 0.6136980000000001 0.8355859999999999 0.6145240000000001 0.8380660000000001 0.61701 0.8399300000000001 0.62363 0.840238 0.628598 0.837758 0.630258 0.8331 0.628598 0.8299960000000001 0.6240479999999999 0.8284420000000001 0.619908 0.8284420000000001 0.61494 0.83124
1 1 0.8034695421875 0.997354 0.8025800000000001 0.9808199999999999 0.801588 0.97553 0.8025800000000001 0.972884 0.8045640000000001 0.97156 0.810516 0.974206 0.815476 0.9900800000000001 0.823412 1 0.82973781875 1 0.8034695421875
1 0.969576 0.732142 0.9669320000000001 0.7256940000000001 0.9629619999999999 0.722222 0.953042 0.723214 0.9411379999999999 0.732638 0.9305559999999999 0.74504 0.92262 0.758432 0.9107139999999999 0.77381 0.90873 0.789186 0.911376 0.795634 0.91799 0.801588 0.9259259999999999 0.8045640000000001 0.934524 0.8050599999999999 0.940476 0.8025800000000001 0.948412 0.7971239999999999 0.955688 0.7881940000000001 0.9629619999999999 0.774802 0.969576 0.749008 0.969576 0.732142
1 1 0.6873343328125 0.9735440000000001 0.674108 0.958334 0.662202 0.947752 0.6567459999999999 0.9338620000000001 0.6473220000000001 0.929894 0.6463300000000001 0.9259259999999999 0.642362 0.9080679999999999 0.6319440000000001 0.892858 0.62004 0.8895500000000001 0.619048 0.864418 0.6006940000000001 0.857142 0.599702 0.851852 0.607142 0.852514 0.622024 0.857142 0.639384 0.8789680000000001 0.674108 0.902778 0.693452 0.9212960000000001 0.701388 0.947752 0.704862 0.958994 0.704366 0.9709 0.705358 0.996694 0.7033739999999999 1 0.702428953125 1 0.6873343328125
1 0.9199740000000001 0.140874 0.9140219999999999 0.137896 0.897486 0.13839200000000002 0.8835979999999999 0.14236200000000002 0.864418 0.152778 0.857804 0.15872999999999998 0.843254 0.183532 0.843254 0.19246000000000002 0.849206 0.19494 0.859788 0.19494 0.8677239999999999 0.193452 0.8829359999999999 0.186508 0.894842 0.179068 0.906746 0.16865000000000002 0.9140219999999999 0.160218 0.9206340000000001 0.149306 0.9199740000000001 0.140874
1 0.835006953125 0 0.818122 0.023313999999999998 0.818784 0.02877 0.82209 0.03125 0.832672 0.032242 0.844576 0.035218 0.8558199999999999 0.035218 0.873678 0.032242 0.900794 0.018354000000000002 0.9140219999999999 0.0074399999999999996 0.9198842718750001 0 0.835006953125 0
1 0.499338 0.744048 0.517858 0.7430559999999999 0.531084 0.7385919999999999 0.535714 0.732638 0.535714 0.7172620000000001 0.5317459999999999 0.690476 0.52447 0.674108 0.517858 0.67113 0.5099199999999999 0.670138 0.49537000000000003 0.67262 0.439154 0.673116 0.429232 0.6760919999999999 0.424604 0.681548 0.42262000000000005 0.68998 0.423942 0.6964279999999999 0.423942 0.715774 0.426588 0.732142 0.433202 0.742064 0.441798 0.74752 0.45237999999999995 0.7485120000000001 0.468916 0.744544 0.489418 0.7430559999999999 0.499338 0.744048
1 0.48743400000000003 0.5778760000000001 0.503306 0.5932540000000001 0.50926 0.5952379999999999 0.517196 0.594742 0.527778 0.589782 0.5317459999999999 0.58631 0.533068 0.579862 0.531084 0.571924 0.52381 0.5629959999999999 0.510582 0.558532 0.501984 0.558036 0.49603200000000003 0.56002 0.48677200000000004 0.571924 0.48743400000000003 0.5778760000000001
1 0.400132 0.399306 0.410052 0.392362 0.41269799999999995 0.386904 0.414682 0.385416 0.42195799999999994 0.384424 0.448412 0.37053600000000003 0.453704 0.369544 0.468916 0.363096 0.47619 0.352678 0.481482 0.334326 0.486112 0.323908 0.48545 0.317956 0.48346600000000006 0.31498 0.47156000000000003 0.31498 0.455026 0.318452 0.410052 0.32242000000000004 0.376322 0.326884 0.37037 0.32887 0.363096 0.336806 0.354498 0.35615 0.343254 0.375496 0.33267199999999997 0.401786 0.291006 0.48214199999999996 0.29497399999999996 0.488096 0.32738 0.483134 0.344576 0.47916600000000004 0.359126 0.47073400000000004 0.390212 0.41120999999999996 0.400132 0.399306
1 0.573412 0.34127 0.565476 0.339782 0.559524 0.342262 0.54828 0.350694 0.5403439999999999 0.35863 0.52381 0.368552 0.503968 0.385416 0.503306 0.39285800000000004 0.5099199999999999 0.397818 0.51918 0.396826 0.544312 0.390376 0.548942 0.3874 0.5601860000000001 0.37252 0.5694440000000001 0.356646 0.5747359999999999 0.35119 0.576058 0.34375 0.573412 0.34127
1 0.613096 0.270338 0.607142 0.26637 0.587302 0.262896 0.566798 0.2624 0.539682 0.258928 0.531084 0.261408 0.526456 0.267362 0.5231480000000001 0.287698 0.5165339999999999 0.30754000000000004 0.5165339999999999 0.316468 0.52381 0.322916 0.52844 0.323908 0.566798 0.324404 0.5866399999999999 0.32887 0.5959 0.329862 0.607142 0.328374 0.613096 0.325396 0.61574 0.322916 0.617724 0.31696399999999997 0.614418 0.297124 0.616402 0.27381 0.613096 0.270338
1 0.35812832656250004 0 0.358466 0.003968 0.364418 0.032242 0.375 0.054068000000000005 0.382276 0.065972 0.388228 0.07291600000000001 0.391534 0.079862 0.395502 0.08333399999999999 0.398148 0.088294 0.406084 0.095238 0.411376 0.096726 0.42195799999999994 0.096726 0.43783000000000005 0.09126999999999999 0.455688 0.087302 0.46163999999999994 0.08383 0.48346600000000006 0.07539599999999999 0.491402 0.06994 0.49867800000000007 0.066964 0.503306 0.062996 0.512566 0.059524 0.520502 0.054564 0.5291 0.045138 0.5317459999999999 0.039186 0.532408 0.028274 0.527116 0.017362 0.52381 0.014879999999999999 0.5006619999999999 0.00496 0.492725428125 0 0.35812832656250004 0
1 0.289022 0.31002 0.29365 0.301092 0.294312 0.29464199999999996 0.28836 0.287202 0.265212 0.277282 0.25529199999999996 0.27132999999999996 0.24008 0.26488 0.23148200000000002 0.262896 0.205026 0.251488 0.188492 0.24752000000000002 0.176588 0.241568 0.175264 0.244048 0.16137600000000002 0.25347200000000003 0.148148 0.27381 0.144842 0.28571399999999997 0.144842 0.293154 0.147486 0.302084 0.17328 0.321428 0.174604 0.323908 0.183862 0.330854 0.19246000000000002 0.332838 0.203042 0.339782 0.21097800000000003 0.342758 0.222884 0.345238 0.232804 0.345734 0.261244 0.333334 0.289022 0.31002
1 0.23545 0.454366 0.205026 0.44245999999999996 0.199074 0.44146799999999997 0.190476 0.441964 0.186508 0.44494 0.183202 0.45089199999999996 0.178572 0.47370999999999996 0.179894 0.490576 0.181878 0.49652799999999997 0.184524 0.49950400000000006 0.19775199999999998 0.50496 0.209656 0.505952 0.218254 0.507936 0.247354 0.5099199999999999 0.265874 0.509424 0.275794 0.50744 0.282408 0.503968 0.284392 0.49752 0.284392 0.48859199999999997 0.253968 0.46478200000000003 0.23545 0.454366
1 0.247354 0.783234 0.253306 0.7797620000000001 0.257276 0.7743059999999999 0.25529199999999996 0.767362 0.24801600000000001 0.760416 0.24008 0.755456 0.233466 0.752976 0.22486799999999998 0.753472 0.217592 0.75248 0.20634999999999998 0.753968 0.19775199999999998 0.75744 0.193122 0.767362 0.18783 0.7901779999999999 0.188492 0.803572 0.19246000000000002 0.81002 0.196428 0.8115080000000001 0.20701 0.812004 0.21693199999999999 0.809524 0.22618999999999997 0.8025800000000001 0.232142 0.7901779999999999 0.242064 0.784226 0.247354 0.783234
1 0.3296526078125 1 0.328042 0.996528 0.319444 0.9618059999999999 0.315476 0.9543659999999999 0.310846 0.949404 0.28836 0.9335319999999999 0.282408 0.931052 0.2791 0.931052 0.27513200000000004 0.9335319999999999 0.27513200000000004 0.939484 0.289682 0.9960319999999999 0.2904755203125 1 0.3296526078125 1
1 0.18867544375 1 0.190476 0.996528 0.18717 0.988592 0.156746 0.97371 0.145502 0.9647819999999999 0.136904 0.959822 0.128968 0.957342 0.121032 0.957342 0.11706399999999999 0.960318 0.11441799999999999 0.965774 0.113096 0.988096 0.109788 0.99752 0.107142 1 0.18867544375 1
1 0.152116 0.8824400000000001 0.166666 0.863592 0.18981399999999998 0.8452379999999999 0.193122 0.83879 0.191798 0.829862 0.178572 0.815476 0.16336 0.8045640000000001 0.15344 0.793154 0.14285799999999998 0.787202 0.13491999999999998 0.786706 0.128968 0.787698 0.09854399999999999 0.799108 0.085318 0.801588 0.072752 0.8080360000000001 0.070106 0.815476 0.06944399999999999 0.8358140000000001 0.06217 0.8566459999999999 0.06217 0.8650800000000001 0.065476 0.869048 0.07209 0.873016 0.087302 0.8764879999999999 0.10053000000000001 0.87748 0.11441799999999999 0.880952 0.12764599999999998 0.886408 0.14285799999999998 0.888392 0.152116 0.8824400000000001
1 0 0.31728246875 0.003306 0.318452 0.016534 0.320932 0.037697999999999995 0.32738 0.045634 0.324404 0.045634 0.315476 0.041006 0.30506 0.036376 0.301092 0.02381 0.296626 0.017858 0.293154 0.002646 0.28869 0 0.288293140625 0 0.31728246875
1 0 0.250631421875 0.003968 0.24900799999999998 0.015874 0.24057599999999998 0.04762 0.20883 0.06217 0.197916 0.06745999999999999 0.19246000000000002 0.068122 0.18997999999999998 0.06481400000000001 0.185516 0.06150799999999999 0.183532 0.054894 0.18253999999999998 0.044312000000000004 0.183532 0.030424 0.191964 0.017858 0.19692400000000002 0 0.2066239296875 0 0.250631421875
2 0.13955 0 0.13955 0.015874 0.142196 0.048612 0.140874 0.058531999999999994 0.13491999999999998 0.079862 0.131614 0.10863 0.13426 0.121528 0.140874 0.135912 0.144842 0.139384 0.147486 0.144346 0.155424 0.152282 0.167328 0.15872999999999998 0.174604 0.160714 0.185846 0.160714 0.198412 0.15872999999999998 0.21891600000000003 0.150298 0.22618999999999997 0.145834 0.234126 0.14384999999999998 0.253968 0.131448 0.27513200000000004 0.116568 0.28836 0.105158 0.301588 0.08680600000000001 0.306216 0.073412 0.303572 0.040178000000000005 0.299604 0.016866 0.29911468124999996 0 0.13955 0
1 0.621032 0.817956 0.632276 0.821428 0.642196 0.830358 0.64881 0.8308540000000001 0.655424 0.834822 0.664022 0.834822 0.677248 0.8392860000000001 0.70172 0.841766 0.722222 0.8422620000000001 0.747354 0.8392860000000001 0.7665339999999999 0.8343260000000001 0.789682 0.8249000000000001 0.8088620000000001 0.8115080000000001 0.816798 0.809524 0.821428 0.802084 0.8300259999999999 0.795634 0.8439159999999999 0.780258 0.851852 0.767362 0.859788 0.747024 0.859788 0.731646 0.8511900000000001 0.714286 0.8346560000000001 0.695436 0.8253959999999999 0.6805559999999999 0.818122 0.66369 0.816798 0.65625 0.8128299999999999 0.64881 0.806216 0.6408739999999999 0.801588 0.6374 0.7751319999999999 0.6235120000000001 0.7447079999999999 0.614584 0.732804 0.612104 0.719576 0.611112 0.6792320000000001 0.610616 0.64947 0.6180559999999999 0.626984 0.625992 0.602514 0.642362 0.587962 0.6557540000000001 0.57209 0.679068 0.565476 0.6974199999999999 0.56283 0.71131 0.56283 0.7346239999999999 0.566138 0.7514879999999999 0.5707679999999999 0.7624 0.5747359999999999 0.767858 0.57672 0.7743059999999999 0.5932540000000001 0.7966260000000001 0.599206 0.800596 0.607804 0.809028 0.621032 0.817956
5 0.660886 0.854518 0.6596420000000001 0.851726 0.6575719999999999 0.8489340000000001 0.653022 0.848314 0.648466 0.851106 0.646396 0.854518 0.648056 0.859176 0.6521899999999999 0.86011 0.65633 0.86011 0.6596420000000001 0.8579359999999999 0.660886 0.854518
5 0.86297 0.693016 0.8653700000000001 0.695888 0.8692 0.696964 0.8735060000000001 0.695888 0.8792519999999999 0.692296 0.878776 0.6872659999999999 0.8706340000000001 0.6854720000000001 0.865846 0.6861900000000001 0.86297 0.689782 0.86297 0.693016
5 0.910384 0.701994 0.9051119999999999 0.700556 0.8998480000000001 0.7016359999999999 0.897454 0.706662 0.8998480000000001 0.710972 0.9027179999999999 0.712048 0.9079900000000001 0.712048 0.913254 0.709176 0.9137359999999999 0.704866 0.910384 0.701994
5 0.924272 0.810462 0.920444 0.813696 0.91996 0.8190820000000001 0.92379 0.822316 0.929538 0.8219540000000001 0.934808 0.8198019999999999 0.934808 0.816568 0.93385 0.812256 0.924272 0.810462
2 0.27381 0.55754 0.269842 0.563492 0.24603199999999997 0.5868059999999999 0.21693199999999999 0.628968 0.175926 0.6676580000000001 0.16137600000000002 0.68502 0.155424 0.696924 0.15344 0.704366 0.15344 0.714286 0.156084 0.7256940000000001 0.164022 0.7346239999999999 0.179894 0.74256 0.19246000000000002 0.746528 0.19775199999999998 0.7495040000000001 0.21891600000000003 0.75 0.222884 0.750992 0.23875600000000002 0.7504959999999999 0.24801600000000001 0.747024 0.263228 0.74504 0.27777799999999997 0.7410720000000001 0.30224799999999996 0.728174 0.31217 0.72123 0.318784 0.7118059999999999 0.32738 0.705854 0.33135 0.6974199999999999 0.337302 0.693452 0.341932 0.6860120000000001 0.36507999999999996 0.665674 0.369048 0.659722 0.382276 0.6463300000000001 0.386244 0.64385 0.396164 0.631448 0.43121600000000004 0.598214 0.435846 0.5952379999999999 0.459656 0.5694440000000001 0.47288399999999997 0.56002 0.48280399999999996 0.549108 0.48545 0.544146 0.49867800000000007 0.5317459999999999 0.517858 0.509424 0.5251319999999999 0.493056 0.525794 0.473214 0.52447 0.467758 0.511244 0.44543600000000005 0.49801599999999996 0.43353200000000003 0.48677200000000004 0.425596 0.4709 0.42112999999999995 0.45237999999999995 0.422124 0.435186 0.426588 0.426588 0.43006 0.419312 0.43502 0.414022 0.436508 0.40873 0.44146799999999997 0.39881 0.44543600000000005 0.385582 0.455854 0.375662 0.46924599999999994 0.36243400000000003 0.477182 0.36045 0.48214199999999996 0.354498 0.48760000000000003 0.353174 0.490576 0.328704 0.50744 0.27381 0.55754
1 0.074736 0.304068 0.087962 0.304564 0.10648200000000001 0.29762 0.113096 0.292658 0.12037 0.289186 0.136244 0.277282 0.14285799999999998 0.274802 0.160714 0.251488 0.165344 0.24752000000000002 0.170634 0.24057599999999998 0.17394199999999999 0.22916599999999998 0.17394199999999999 0.224206 0.169312 0.21775799999999998 0.16336 0.215774 0.148148 0.217262 0.10846599999999999 0.211806 0.090608 0.21131000000000003 0.082672 0.212302 0.073412 0.215278 0.06481400000000001 0.215278 0.058202 0.21676600000000001 0.044974 0.224206 0.037697999999999995 0.230158 0.031084 0.241072 0.029762 0.250992 0.037038 0.27132999999999996 0.04828 0.28869 0.060185999999999996 0.298612 0.074736 0.304068
0 0.10119 0.079366 0.097222 0.068452 0.08664 0.052084 0.079366 0.048116 0.063492 0.045634 0.050926000000000006 0.045634 0.037697999999999995 0.048116 0.032408 0.05258 0.031746 0.058036 0.025794 0.071924 0.027116 0.081846 0.037697999999999995 0.097222 0.041006 0.099702 0.05291 0.10416600000000001 0.05754 0.10763799999999998 0.065476 0.10863 0.073412 0.108134 0.080026 0.105654 0.087302 0.105654 0.097222 0.098214 0.10119 0.097718 0.102514 0.094246 0.10119 0.079366
0 1 0.036295023437500004 0.989418 0.037202 0.981482 0.043154 0.9748680000000001 0.051588 0.9735440000000001 0.058036 0.9669320000000001 0.065476 0.96627 0.073908 0.968254 0.07738 0.9808199999999999 0.087302 0.9960319999999999 0.092758 1 0.0932755203125 1 0.036295023437500004
4 0.814154 0.490576 0.8313499999999999 0.471726 0.8379619999999999 0.467758 0.851852 0.455854 0.861772 0.44394799999999995 0.8789680000000001 0.43006 0.890212 0.417162 0.91336 0.400298 0.9199740000000001 0.392362 0.921958 0.3874 0.9338620000000001 0.378968 0.931878 0.37152799999999997 0.927248 0.369048 0.9060840000000001 0.36756 0.89947 0.366072 0.8835979999999999 0.366072 0.8459 0.36012 0.820106 0.359624 0.791006 0.355654 0.767196 0.355158 0.753968 0.351686 0.739418 0.352182 0.708334 0.34870999999999996 0.675926 0.34870999999999996 0.6699740000000001 0.350198 0.662698 0.349702 0.660714 0.354166 0.662038 0.364584 0.66865 0.378968 0.67328 0.383928 0.68783 0.413194 0.710978 0.44791600000000004 0.71627 0.46131 0.736772 0.49652799999999997 0.748016 0.5114080000000001 0.753968 0.5243059999999999 0.7599199999999999 0.529266 0.767196 0.5297620000000001 0.783068 0.517858 0.784392 0.5153760000000001 0.791006 0.510912 0.79828 0.5014879999999999 0.814154 0.490576
4 0.781084 0.283234 0.763888 0.27678600000000003 0.760582 0.274306 0.7447079999999999 0.269346 0.72619 0.260416 0.710978 0.255952 0.705688 0.25248 0.691798 0.246528 0.671296 0.242064 0.664022 0.24256000000000003 0.6600520000000001 0.24553600000000003 0.6600520000000001 0.274306 0.662698 0.287698 0.660714 0.30754000000000004 0.660714 0.33928600000000003 0.6633600000000001 0.344246 0.670634 0.344246 0.6851860000000001 0.34027799999999997 0.6964279999999999 0.332838 0.703704 0.33135 0.724206 0.321924 0.7334660000000001 0.319444 0.7645500000000001 0.30257999999999996 0.7817459999999999 0.29762 0.7850520000000001 0.295138 0.786376 0.287202 0.781084 0.283234
5 0.17799 0.791444 0.183784 0.7917500000000001 0.187924 0.7889579999999999 0.189576 0.78492 0.18875 0.781196 0.18130200000000002 0.781508 0.177162 0.7843 0.17592000000000002 0.788026 0.17799 0.791444
5 0.33551600000000004 0.7136560000000001 0.33133 0.712158 0.325338 0.712008 0.32234799999999997 0.713502 0.320748 0.71635 0.320748 0.718592 0.32134999999999997 0.721438 0.323544 0.722634 0.327936 0.723382 0.332328 0.722634 0.335318 0.7202379999999999 0.336316 0.717098 0.33551600000000004 0.7136560000000001