5 0.30335187812500003 0.2550831640625 0.301268446875 0.252893946875 0.2987720828125 0.25117429375 0.295647978125 0.25086542500000003 0.29148945625 0.25180038125 0.29024231718750004 0.254139859375 0.290027509375 0.2566400328125 0.2910681828125 0.259457425 0.293564546875 0.26164038125 0.29814434218749997 0.2621120328125 0.30231120625 0.260859859375 0.3037648109375 0.258674815625 0.30335187812500003 0.2550831640625
5 0.6258208109375001 0.156173946875 0.627551790625 0.1529349890625 0.6258208109375001 0.1480744671875 0.6206403859375 0.14548664218750001 0.6137373234375 0.14580803281250002 0.6111450265625 0.1477530765625 0.6102837078125 0.15034090312499998 0.6115788140625 0.15487585937499998 0.6167592390625 0.1577955109375 0.621076259375 0.1577955109375 0.6258208109375001 0.156173946875
1 1 0.1644246265625 0.9862065328125 0.17132525 0.98344739375 0.176500903125 0.9848280062500001 0.1827116859375 0.9875871453125 0.184781946875 0.9931033375 0.1858170765625 1 0.18540300781250002 1 0.1644246265625
1 0.9406901187500001 0.2448236859375 0.951724590625 0.257764903125 0.9641375890624999 0.26759864218749996 0.9744817546875 0.268633771875 0.97862150625 0.265010815625 0.981378559375 0.25828246718750003 0.981378559375 0.2406831640625 0.9744817546875 0.2137676859375 0.9668967281249999 0.199793425 0.9593096171875001 0.1904751640625 0.9510342843749999 0.184781946875 0.944827784375 0.18219412031249999 0.935862146875 0.1827116859375 0.9275868140625001 0.1858170765625 0.9206900078125001 0.192029946875 0.9179308687500001 0.19875829375 0.9199997015625 0.214802815625 0.9324147859374999 0.230849425 0.9406901187500001 0.2448236859375
1 1 0.2875580203125 0.982759171875 0.2862309890625 0.9703440875 0.2872661203125 0.9586213953125 0.2867485546875 0.9310341734375 0.2903735984375 0.9117243703125 0.2986546421875 0.8868962874999999 0.3188396859375 0.8641370374999999 0.355073425 0.8593111499999999 0.3731882078125 0.85862084375 0.38871725 0.8641370374999999 0.396480728125 0.8717241484375 0.3954455984375 0.8979307593750001 0.3762935984375 0.9013802046875 0.3752584671875 0.9172405625 0.362836903125 0.935862146875 0.351965946875 0.9399998125 0.347825425 0.9441374781249999 0.34679029375 0.9586213953125 0.3369565546875 0.9696558671875 0.3312633375 0.9855162265624999 0.3188396859375 1 0.31159371406249997 1 0.2875580203125
1 0.891724259375 0.8737050765625 0.906206090625 0.8778476859375001 0.9234491468750001 0.8783652500000001 0.9296556468749999 0.8752577718750001 0.9303438671875 0.8664591640625 0.9234491468750001 0.8550727281249999 0.9158620359375 0.8462741203125 0.9034490375 0.8354031640624999 0.8910339531249999 0.8276396859374999 0.8751715093750001 0.820393771875 0.8668961765625 0.8188410765624999 0.8558617046875 0.8188410765624999 0.8496552062499999 0.821428903125 0.8496552062499999 0.8307450765625 0.86482734375 0.856625425 0.8717241484375 0.8628362078125 0.891724259375 0.8737050765625
1 0.90359780625 1 0.88138009375 0.988612903125 0.8627585109375 0.9855075109375001 0.8510337328125 0.9855075109375001 0.838620734375 0.988612903125 0.8275862625 0.9896480328124999 0.8241389015625 0.9922358593749999 0.8234485953125 0.9979290765625001 0.8249474093750001 1 0.90359780625 1
1 0.486896165625 0.32039238124999997 0.502068303125 0.32298229375 0.510345721875 0.3219471640625 0.517240440625 0.3188396859375 0.524827553125 0.30176003281249997 0.52896521875 0.273809425 0.52896521875 0.257764903125 0.524137246875 0.2515520328125 0.510345721875 0.246893946875 0.49103383125000005 0.24585881562499998 0.48068966562500004 0.246893946875 0.45931102968750004 0.24534125 0.44206797187499997 0.241200728125 0.4310335 0.24223585937499997 0.42206994687500005 0.24792907656250002 0.41517314218749996 0.25828246718750003 0.412414003125 0.27536212031249996 0.412414003125 0.29554925 0.4110354765625 0.3022775984375 0.413104309375 0.3110762078125 0.4179301953125 0.316769425 0.428276446875 0.31987481562500003 0.486896165625 0.32039238124999997
1 0.4786208328125 0.4192556859375 0.4779305265625 0.42546646718750003 0.487586471875 0.4378880328125 0.49379297031249997 0.43995829375 0.502758609375 0.439440728125 0.5165522203124999 0.4347826421875 0.524137246875 0.42546646718750003 0.5262060796875 0.41718333750000003 0.524827553125 0.4104549890625 0.5206898875 0.4068320328125 0.5096554156249999 0.40165638125 0.5013800828125 0.401138815625 0.4951714984375 0.4032090765625 0.4786208328125 0.4192556859375
1 0.3979300859375 0.6858184671875 0.44482711249999995 0.6899589890625 0.4620680828125 0.693581946875 0.47448316718749994 0.693581946875 0.47655200000000003 0.6904765546875 0.47724230624999997 0.684265771875 0.47241433437499997 0.673394815625 0.46689605468749995 0.654244903125 0.45931102968750004 0.6433739468749999 0.443448584375 0.6366455984375 0.43793030625 0.6356104671875 0.41034517031249995 0.6211186421875 0.40275805781249996 0.6200835109375 0.400689225 0.618530815625 0.3979300859375 0.6128355109375 0.3875859203125 0.6055895984374999 0.3772417546875 0.5931680328125 0.344826559375 0.5310560328125 0.329654421875 0.522257425 0.3117231453125 0.5181169031249999 0.277931509375 0.5129391640625001 0.2737938421875 0.5191520328125 0.3172414234375 0.603001771875 0.3282758953125 0.6304348156249999 0.34000067343749996 0.6506219468750001 0.3489663125 0.6708069890624999 0.3565513375 0.6790880328125 0.3627578375 0.68116038125 0.3979300859375 0.6858184671875
1 0.5420685234375 0.6563151640625 0.5537933015625 0.665113771875 0.5599998015625001 0.6677015984375 0.568275134375 0.6661489031250001 0.5710342734375 0.6635610765625 0.569655746875 0.6557975984375 0.5641374671875 0.65010438125 0.5544836078125 0.6335402078125 0.5427588296875 0.61801325 0.5379308578125 0.6149078593749999 0.5117242484375 0.6081774249999999 0.502068303125 0.6071422937500001 0.4951714984375 0.612317946875 0.4958618046875 0.6200835109375 0.5165522203124999 0.637680728125 0.5337931921875 0.6480341203125 0.5420685234375 0.6563151640625
1 0.508965109375 0.701345425 0.5158619140625 0.7220501203125 0.519311359375 0.74327029375 0.524137246875 0.7494831640624999 0.5331028859375 0.7520709890624999 0.561378328125 0.7484480328124999 0.5827590515625001 0.7479304671875 0.6034473828125 0.7443054250000001 0.6096559671875 0.7401649031249999 0.6131033265625 0.736541946875 0.61103449375 0.71221429375 0.614481853125 0.6915116859375 0.6124130203125 0.685300903125 0.6096559671875 0.6827130765625 0.6034473828125 0.6796055984375 0.5917246890625 0.678052903125 0.5820687453125 0.6790880328125 0.561378328125 0.6837482078125 0.52138019375 0.684265771875 0.5165522203124999 0.685300903125 0.508965109375 0.69202925 0.508965109375 0.701345425
1 0.52200590625 1 0.5255178593750001 0.9927534250000001 0.524827553125 0.9813669890625001 0.5220684140625 0.9751562078125 0.513102775 0.96532038125 0.5048274421875 0.960144728125 0.4951714984375 0.9565217718750001 0.4903456109375 0.95238125 0.4827585 0.949275859375 0.47448316718749994 0.9435826421875 0.45172391718749993 0.934781946875 0.4455174171875 0.9311589890624999 0.42689583437499995 0.9270184671875 0.41034517031249995 0.92132525 0.3993106984375 0.92132525 0.39379241875000004 0.922877946875 0.3855170875 0.930123859375 0.38275794687500003 0.9352995109375 0.37862028125 0.9389224671875 0.375172921875 0.9461704671875 0.368966421875 0.95341638125 0.3613793109375 0.965837946875 0.3503448390625 0.988612903125 0.347949378125 1 0.52200590625 1
1 0.12482743125 0.736541946875 0.1386210421875 0.7577642078125 0.153102875 0.7675979468749999 0.15448348750000002 0.770185771875 0.1668964859375 0.7639749890624999 0.18413745625 0.7598344671875 0.211724678125 0.7479304671875 0.2206903171875 0.7458602078125 0.2365527609375 0.739129771875 0.2468969265625 0.7329189890625 0.271034703125 0.7225676859375 0.277241203125 0.7148042078125 0.276550896875 0.708073771875 0.271725009375 0.6987575984375 0.2427592609375 0.674429946875 0.21310320625 0.661490815625 0.202759040625 0.6620083812499999 0.19034395625 0.6645962078125 0.18206862343750002 0.6677015984375 0.1710341515625 0.6749475109375 0.1620685125 0.677017771875 0.152414653125 0.684265771875 0.151034040625 0.6868535984374999 0.124137125 0.7070386421875 0.121380071875 0.716356903125 0.121380071875 0.72412038125 0.12482743125 0.736541946875
1 0.157930846875 0.5103513375000001 0.1565523203125 0.5279506421875 0.1613802921875 0.551760728125 0.164827653125 0.5579715109375 0.16896531875 0.561076903125 0.17793095781249998 0.5615944671875 0.18413745625 0.5605593375 0.2158623453125 0.5481356859375001 0.2351721484375 0.537266815625 0.2668970375 0.5124215984375 0.2668970375 0.503105425 0.2648282046875 0.4963770765625 0.2579313984375 0.4927541203125 0.2475872328125 0.490683859375 0.22827534374999997 0.49016629375000004 0.1979310671875 0.49223655468749994 0.18896542968750002 0.494306815625 0.1765524296875 0.495341946875 0.16275881875 0.5010351640625 0.1599996796875 0.5041405546875 0.157930846875 0.5103513375000001
1 0.1972407609375 0.2370602078125 0.20482787343750003 0.2360250765625 0.21379351249999998 0.2365426421875 0.2206903171875 0.23395481562499998 0.22896565 0.2287791640625 0.2365527609375 0.2215311640625 0.23862159374999997 0.21428525 0.23448184218749998 0.2085920328125 0.22827534374999997 0.2049690765625 0.22275915 0.20393394687500002 0.2124129 0.19772316406249998 0.20620639999999998 0.184781946875 0.196552540625 0.17753603281250002 0.1862062890625 0.1749482078125 0.1751718171875 0.175465771875 0.1710341515625 0.1770184671875 0.1668964859375 0.183746815625 0.1662061796875 0.19772316406249998 0.1717244578125 0.2215311640625 0.1765524296875 0.2318845546875 0.18551806875000001 0.2355075109375 0.1972407609375 0.2370602078125
1 0.26802125781249997 0 0.2572410921875 0.0419255984375 0.2572410921875 0.04813638125 0.261378759375 0.0507242078125 0.2648282046875 0.0507242078125 0.271034703125 0.04813638125 0.2944821734375 0.031574293749999996 0.299310146875 0.0263965546875 0.3034478125 0.0186330765625 0.3080586265625 0 0.26802125781249997 0
1 0.0887974671875 0 0.0896551828125 0.014492554687500001 0.0924143234375 0.020185771875 0.0965519890625 0.0232911640625 0.10482732187499999 0.0232911640625 0.11310265312500001 0.0207033375 0.1220682921875 0.015527685937499999 0.1337930703125 0.0062115109374999995 0.146482809375 0 0.0887974671875 0
1 0.0593109078125 0.1858170765625 0.07310243281249999 0.188404903125 0.10482732187499999 0.20031098906249997 0.1110338203125 0.2013461203125 0.1193112390625 0.2008285546875 0.1303457109375 0.194617771875 0.1406898765625 0.1827116859375 0.1565523203125 0.17132525 0.1703438453125 0.156313771875 0.1717244578125 0.1469975984375 0.16827501250000002 0.14026924999999998 0.1441372359375 0.12111725 0.12896509843749998 0.101449771875 0.1193112390625 0.0952389890625 0.10344879375 0.09730925 0.0896551828125 0.10300246718749999 0.0751733515625 0.10662542500000001 0.061379740625 0.10766055468749999 0.045517296875 0.1112835109375 0.038620490625 0.1154240328125 0.03517313125 0.1195645546875 0.03517313125 0.12836525000000001 0.042758157812499996 0.1501029890625 0.0434484640625 0.17132525 0.046207603125 0.179088728125 0.0593109078125 0.1858170765625
1 0 0.7110171984375 0.008276215625 0.708073771875 0.0131041875 0.7039332500000001 0.017930075 0.6930643812499999 0.017930075 0.6837482078125 0.009654742187499999 0.680642815625 0 0.6835863390625 0 0.7110171984375
1 0 0.8211289546874999 0.0020697156250000003 0.8219464671875001 0.016551546875 0.8307450765625 0.027586018750000003 0.8317802078125001 0.034482825 0.8307450765625 0.037930184374999995 0.8286748156250001 0.0413796296875 0.824016728125 0.0406893234375 0.821428903125 0.03517313125 0.8157356859375 0.02000099375 0.8043471640625001 0 0.7843323671875 0 0.8211289546874999
2 0.28355168750000004 1 0.286897146875 0.9803318593749999 0.2896542015625 0.9456529031249999 0.2848283140625 0.9316765546875001 0.271034703125 0.9125266421875 0.2572410921875 0.9006205546875 0.2351721484375 0.8850935984375001 0.2144817328125 0.8721523812499999 0.20620639999999998 0.8700821203125001 0.1986213734375 0.8654240328125 0.1772406515625 0.856625425 0.16413734687499998 0.8545551640625 0.152414653125 0.8545551640625 0.1448275421875 0.856625425 0.13241454375 0.8633537718750001 0.124137125 0.871634815625 0.121380071875 0.8768125546875 0.11724240625 0.8804355109375 0.1103456 0.895444903125 0.10758646093749999 0.9089036859374999 0.1110338203125 0.9389224671875 0.11724240625 0.9611798593750001 0.1186209328125 0.9715311640625 0.11632156874999999 1 0.28355168750000004 1
1 0.5986214953125 0.351965946875 0.6241377984375001 0.3690476859375 0.64758526875 0.377328728125 0.6786198515625 0.3850922078125 0.7206889046875 0.3845746421875 0.734482515625 0.3835395109375 0.7468955140625 0.3809516859375 0.7786204031249999 0.37163551093749997 0.8062076250000001 0.3571436859375 0.8110335125000001 0.3535186421875 0.8179303171875001 0.3452375984375 0.8220679828125 0.3374741203125 0.8234485953125 0.3297106421875 0.8310336218750001 0.31211133750000003 0.8406895671875001 0.29658438125000003 0.8579305375 0.276914815625 0.8668961765625 0.2588000328125 0.8668961765625 0.242753425 0.85862084375 0.2215311640625 0.8503455125 0.20807446718749997 0.83586159375 0.192029946875 0.8268959562499999 0.1852995109375 0.8220679828125 0.17753603281250002 0.8137926515625 0.175465771875 0.7937925406249999 0.1614915109375 0.7696547640625 0.1516556859375 0.749654653125 0.1464800328125 0.72344804375 0.1433746421875 0.7020694062499999 0.1438922078125 0.6765510171875 0.1464800328125 0.6627594921875 0.1511381203125 0.653793853125 0.1511381203125 0.6468970484375001 0.1552786421875 0.6400002421875 0.1557962078125 0.6296560765625 0.1651144671875 0.6179313 0.168737425 0.6041376875 0.1780535984375 0.5951720500000001 0.1868522078125 0.58896555 0.190994815625 0.5717245796875 0.21428525 0.569655746875 0.2210135984375 0.5655180796875 0.22670890312499997 0.5606901078125001 0.23809533749999998 0.5572406625 0.2556925546875 0.5572406625 0.2800202078125 0.5599998015625001 0.2945141203125 0.56689660625 0.3136640328125 0.583447271875 0.3379916859375 0.5986214953125 0.351965946875
5 0.650421571875 0.12475064218750001 0.6461108078125 0.12572525 0.6443798296875001 0.130585771875 0.6465383390625 0.1341461203125 0.6512891468750001 0.1370595109375 0.6560336999999999 0.1364125546875 0.658192209375 0.1334991640625 0.6594894015625 0.130585771875 0.658192209375 0.1270191640625 0.65473859375 0.12475064218750001 0.650421571875 0.12475064218750001
5 0.8866960765625 0.30510959843749996 0.8871924296874999 0.299860903125 0.8812007390625001 0.296112728125 0.8767106203124999 0.294989946875 0.8727168546874999 0.296112728125 0.8702142343749999 0.29910959843749996 0.8702142343749999 0.30248420781249996 0.8732132078125 0.30623238124999996 0.8782059359375 0.3069815984375 0.8866960765625 0.30510959843749996
5 0.9116618046875 0.2792501203125 0.9086690875000001 0.280372903125 0.9061727234375001 0.28487029375 0.9086690875000001 0.290114815625 0.91415816875 0.291241771875 0.9196555921874999 0.28974125 0.92315091875 0.28674438125 0.922648309375 0.2822469890625 0.917159228125 0.2792501203125 0.9116618046875 0.2792501203125
5 0.9336348140625 0.164187859375 0.9296410484375001 0.1675624671875 0.93014574375 0.17318264218749999 0.9341374234375 0.17655725 0.9441249656249999 0.17468525 0.945123928125 0.170185771875 0.945123928125 0.16681116406250002 0.939628590625 0.16456559843750002 0.9336348140625 0.164187859375
2 0.42413878125000004 0.577121425 0.44206797187499997 0.5817795109375 0.4613798625 0.582816728125 0.4779305265625 0.5781565546875 0.48965530468749996 0.5698755109375 0.503448915625 0.557453946875 0.517240440625 0.534161425 0.5186210531250001 0.5284682078125 0.5179307468750001 0.5077635109374999 0.510345721875 0.490683859375 0.4903456109375 0.46739133749999995 0.47655200000000003 0.45445220781250006 0.47379286093750006 0.4492744671875 0.4634486953125 0.4378880328125 0.44965508437499996 0.42805429375 0.4248270015625 0.401138815625 0.41999902968749997 0.398033425 0.38344825312499997 0.36335446718750003 0.3731040875 0.35041325 0.368966421875 0.347825425 0.35517281093749997 0.33385116406250004 0.3510351453125 0.32764038125 0.32689736875 0.3064181203125 0.3220693953125 0.2986546421875 0.315862896875 0.2945141203125 0.3117231453125 0.285713425 0.30275959218750004 0.2795026421875 0.2958627859375 0.269668903125 0.2855165359375 0.2624229890625 0.26000023125 0.2489642078125 0.24482809374999998 0.2448236859375 0.22896565 0.242753425 0.21930970468750002 0.2391304671875 0.202759040625 0.238612903125 0.1986213734375 0.2396480328125 0.1765524296875 0.24016559843750002 0.1710341515625 0.2432709890625 0.157930846875 0.2474115109375 0.1413801828125 0.2556925546875 0.1331027640625 0.265010815625 0.1303457109375 0.276914815625 0.1303457109375 0.2872661203125 0.13241454375 0.2950316859375 0.1386210421875 0.30745325 0.15379318125000002 0.3255701203125 0.196552540625 0.36594229375 0.22689681718750002 0.409937425 0.25172490000000003 0.43426507656249996 0.255862565625 0.44047585937499995 0.3131037578125 0.4927541203125 0.33862006093749997 0.5103513375000001 0.34000067343749996 0.513456728125 0.346207171875 0.5191520328125 0.34827600625 0.5243276859375 0.3620696171875 0.532608728125 0.3724137828125 0.5465829890625 0.38620739375 0.557453946875 0.39655155937500003 0.5615944671875 0.4020698375 0.5667701203125 0.40758602968749996 0.568322815625 0.41517314218749996 0.5734984671875 0.42413878125000004 0.577121425
1 0.083448684375 0.8012417718749999 0.12482743125 0.7955485546875 0.1406898765625 0.79710125 0.146896375 0.7950309890625 0.151724346875 0.7883026421875 0.151724346875 0.7831269890625 0.1482749015625 0.7712209031249999 0.142758709375 0.7639749890624999 0.1379307359375 0.7598344671875 0.1193112390625 0.735506815625 0.1124144328125 0.7329189890625 0.0958616828125 0.720497425 0.08827665625 0.7168744671875 0.08137985156250001 0.711696728125 0.0620679609375 0.704450815625 0.0482764359375 0.7049683812499999 0.0331042984375 0.7106615984375 0.0206892140625 0.7210149890625 0.008966521875 0.739129771875 0.001379409375 0.7603520328125 0.0027579359375 0.7707033375 0.009654742187499999 0.782091859375 0.017241853125 0.7883026421875 0.0310354640625 0.7960661203125 0.037930184374999995 0.797618815625 0.0468958234375 0.797618815625 0.056551768749999995 0.8007242078125 0.0648271 0.8017593375000001 0.083448684375 0.8012417718749999
0 0 0.9536459718750001 0.0034482421875 0.961697425 0.0041385484375 0.9673906421874999 0.009654742187499999 0.972048728125 0.023448353124999998 0.9746386421875 0.0365516578125 0.9746386421875 0.0531044078125 0.972048728125 0.060689434375 0.9679082078125001 0.07172390625 0.9508285546874999 0.075861571875 0.9394400328125 0.077242184375 0.9239130765624999 0.075861571875 0.9202901203125 0.07172390625 0.9197725546875001 0.061379740625 0.9120090765625 0.0537926296875 0.9120090765625 0.0468958234375 0.90942125 0.038620490625 0.9089036859374999 0.030345159375000003 0.9099388156250001 0.0255171859375 0.913561771875 0.0131041875 0.918219859375 0.009654742187499999 0.9208076859375 0 0.9348460296875001 0 0.9536459718750001
0 1 0.9286836968750001 0.9931033375 0.9311589890624999 0.9800000328125 0.9415123812499999 0.9779311999999999 0.9451353375 0.97862150625 0.9539339468750001 0.9855162265624999 0.961697425 0.9868968390624999 0.968425771875 0.9937936437499999 0.9772264671875 1 0.9818844468749999 1 0.9286836968750001
4 0.6724133515624999 0.6216362078125 0.6675853796875 0.626811859375 0.6606906593749999 0.64182125 0.659310046875 0.6526922078124999 0.6613788796875 0.65735029375 0.6689659921875 0.656832728125 0.675172490625 0.658385425 0.7089662125 0.658385425 0.741379321875 0.6547624671875 0.756551459375 0.6552800328124999 0.7703450703125 0.6516570765624999 0.795173153125 0.6511395109375 0.8255174296875 0.646996903125 0.8524143453124999 0.6464793375 0.891724259375 0.6402685546875 0.9082749234374999 0.6402685546875 0.9151717296875 0.638715859375 0.9372406734375 0.6371631640625 0.9420686453125 0.6345753375000001 0.9441374781249999 0.626811859375 0.9317244796875 0.61801325 0.9296556468749999 0.6128355109375 0.922758840625 0.6045544671874999 0.8986210640625 0.58695725 0.8868962874999999 0.5734984671875 0.868965009375 0.5590066421875 0.85862084375 0.5465829890625 0.8441369265625 0.534161425 0.83724220625 0.5300209031249999 0.8193109296875001 0.5103513375000001 0.8027581796875 0.49896490312499997 0.795173153125 0.4891311640625 0.788276346875 0.4844730765625 0.7868957359375 0.4818831640625 0.7703450703125 0.4694615984375 0.762757959375 0.46997916406250007 0.756551459375 0.475154815625 0.750344959375 0.48861359843749996 0.7386201828125001 0.5041405546875 0.7172415453125 0.540889771875 0.711723265625 0.5548661203125 0.6875854890624999 0.591097771875 0.6724133515624999 0.6216362078125
4 0.659310046875 0.701345425 0.6613788796875 0.7220501203125 0.6586197406250001 0.73602438125 0.6586197406250001 0.76604525 0.6627594921875 0.7691506421875001 0.67034451875 0.7696682078125 0.6917231562499999 0.7650101203124999 0.7062070734375 0.7587993375 0.711723265625 0.75517638125 0.7275857109375 0.75051829375 0.7468955140625 0.7412000328125 0.7634482640625 0.73602438125 0.766895625 0.7334365546875 0.7848269015625 0.7267082078125 0.79034518125 0.7225676859375 0.78896456875 0.7142866421875 0.7855172078125 0.711696728125 0.76758593125 0.7065210765625001 0.735172821875 0.688923859375 0.7255168765625 0.6863360328125 0.7041382406250001 0.6765002078125 0.6965511281250001 0.6749475109375 0.6848284359375 0.6671840328124999 0.6696542125 0.6630435109375 0.6620691859375001 0.6630435109375 0.659310046875 0.6682191640624999 0.659310046875 0.701345425
5 0.1680268359375 0.20320977187499997 0.1663041984375 0.1989962078125 0.16198717812500002 0.19608281562500002 0.155945434375 0.19640212031249998 0.1537869234375 0.199968728125 0.1550820296875 0.20385672812500003 0.1593990515625 0.2067701203125 0.1671655171875 0.2070956859375 0.1680268359375 0.20320977187499997
5 0.3210412359375 0.2739805546875 0.32000056250000003 0.2707040328125 0.3168827140625 0.268203859375 0.31230291875 0.2674233375 0.3077231234375 0.268203859375 0.3054353109375 0.269451859375 0.3048075703125 0.27242159843749997 0.3048075703125 0.27476107656250004 0.3064759828125 0.277732903125 0.30959383125 0.279291859375 0.315842040625 0.27913533749999997 0.32020702968750003 0.27757220781249997 0.3210412359375 0.2739805546875