1 0.044714492187499996 0.1951217078125 0.0203258375 0.1890236578125 0.008130414062499999 0.2073178046875 0.016259235937499998 0.262195853125 0.044714492187499996 0.24999975624999998 0.0528455046875 0.2073178046875 0.044714492187499996 0.1951217078125
1 0.089431771875 0.59756 0.0731697484375 0.6219521953125 0.0731697484375 0.664634146875 0.0934961828125 0.6951221953125 0.1138204265625 0.689024146875 0.117887028125 0.6524380484375001 0.13414686250000002 0.6280480484375001 0.117887028125 0.59756 0.089431771875 0.59756
1 0.0853651703125 0.22560975625 0.060976515625000005 0.2317078046875 0.044714492187499996 0.262195853125 0.044714492187499996 0.29268390312500003 0.08130076093750001 0.29877975625 0.10162500468749999 0.27438975625 0.10162500468749999 0.2439017078125 0.0853651703125 0.22560975625
1 0.1422756828125 0.8048782921875001 0.1422756828125 0.8536582921875 0.1707309390625 0.87195024375 0.1829263625 0.8658543906249999 0.1707309390625 0.7926821953125 0.1504066953125 0.7865863421875 0.1422756828125 0.8048782921875001
1 0.308942809375 0.40244 0.280487553125 0.40244 0.26422771875 0.4207319515625 0.2682921296875 0.47561 0.292682975 0.48170804843750004 0.317073821875 0.4573180484375 0.32113823125 0.42683 0.308942809375 0.40244
1 0.36991773125 0.7804882921875 0.3739843328125 0.8902443906249999 0.39430857656249996 0.9268282921875001 0.43495925625 0.9329263421875 0.43902366718749997 0.8780482921875 0.41056841093749996 0.7378041468750001 0.3983729875 0.7378041468750001 0.36991773125 0.7804882921875
3 0.3495934875 0.20121975625 0.3252026421875 0.2195117078125 0.317073821875 0.2439017078125 0.32113823125 0.2682917078125 0.3577245 0.27438975625 0.3495934875 0.20121975625
1 0.47154552499999997 0.2073178046875 0.4593501015625 0.2195117078125 0.45121908906249997 0.27438975625 0.4593501015625 0.29268390312500003 0.4796743453125 0.29268390312500003 0.5162606140625 0.2560978046875 0.520325025 0.23780585312500002 0.5081296015625 0.2073178046875 0.47154552499999997 0.2073178046875
1 0.6829277390625 0.3719519515625 0.654472484375 0.40244 0.6504058828125 0.44512195156249995 0.666665715625 0.48170804843750004 0.703251984375 0.463413903125 0.7317072390625 0.4207319515625 0.7317072390625 0.3963419515625 0.7195118171875 0.3780478046875 0.6829277390625 0.3719519515625
2 1 0.7507635359375 0.9715447109375001 0.713414146875 0.9390250453125001 0.6951221953125 0.8821145328125001 0.6951221953125 0.76422690625 0.8658543906249999 0.7601624953125 0.9573163421875 0.7886177515624999 0.9695124390625001 0.8455282640625 0.939024390625 0.93495844375 0.9268282921875001 1 0.944568025 1 0.7507635359375
1 0.13821127187499999 0.1219517078125 0.10569160625 0.134145609375 0.08130076093750001 0.1890236578125 0.08130076093750001 0.2195117078125 0.0934961828125 0.2317078046875 0.1300802609375 0.2317078046875 0.14634228437500002 0.2195117078125 0.1626021171875 0.1890236578125 0.15853551562499998 0.1402436578125 0.13821127187499999 0.1219517078125
1 0.68699215 0.1951217078125 0.68699215 0.23780585312500002 0.703251984375 0.2560978046875 0.70731639375 0.2804878046875 0.7560980859375 0.2682917078125 0.7764223296874999 0.2439017078125 0.7764223296874999 0.2073178046875 0.76422690625 0.1829278046875 0.71544740625 0.1646336578125 0.68699215 0.1951217078125
4 0.0907668375 0 0 0.3091318421875 0 0.41958809218750004 0.2869654546875 0 0.0907668375 0
1 1 0.48170804843750004 0.9959355562500001 0.48170804843750004 0.9674803015625001 0.5182919515625 0.975609121875 0.567074146875 1 0.6036595609375001 1 0.48170804843750004
3 0.9105697890625001 0.3475619515625 0.9146341984375 0.384145853125 0.9390250453125001 0.41463390312500004 0.975609121875 0.4207319515625 0.9634136984375001 0.32316975625 0.947153865625 0.29877975625 0.9268296218750001 0.29268390312500003 0.9105697890625001 0.3475619515625
1 0.9070841421875 0 0.9065031875 0.0060975609375000005 0.9146341984375 0.0304875609375 0.9430894546875 0.0426836578125 0.9674803015625001 0.0182936578125 0.96991905625 0 0.9070841421875 0