1 0 0.76996630625 0.005037928125 0.77265100625 0.0201501015625 0.7709731546875 0.023929195312500002 0.7667785234375 0.022669496875 0.7407718125 0.015113410937499999 0.7307046984375 0.005037928125 0.7332214765625 0 0.73542004375 0 0.76996630625
1 0 0.8045297093749999 0.008817021875 0.79949664375 0.0113343171875 0.783557046875 0.008817021875 0.779362415625 0 0.7751681953125 0 0.8045297093749999
1 0.090680578125 0.8045302015625 0.1007560609375 0.783557046875 0.0969769671875 0.778523490625 0.08186479375 0.7734899328125 0.056675037500000004 0.774328859375 0.0415607640625 0.7776845640625 0.0365240734375 0.7843959734375 0.035264375 0.8154362421875 0.023929195312500002 0.832214765625 0.01763280625 0.8364093953125 0.0214098 0.84395973125 0.034004678125 0.854865771875 0.061713828125 0.86157718125 0.086901484375 0.86157718125 0.09445757187500001 0.8598993281249999 0.1133509390625 0.8515100671875 0.12090702499999999 0.8447986578125001 0.11838762968750001 0.8397650999999999 0.098236665625 0.8255033562499999 0.0919402765625 0.8171140937500001 0.090680578125 0.8045302015625
1 0 0.8648071015625 0.001258834375 0.8649328859375001 0.012594015625 0.864093959375 0.028967985937500003 0.8590604031250001 0.022669496875 0.8515100671875 0.0113343171875 0.846476509375 0 0.845343971875 0 0.8648071015625
1 0 0.656878725 0.0138537125 0.649328859375 0.0214098 0.631711409375 0.015113410937499999 0.626677853125 0.010074620312500001 0.6258389265625001 0 0.6270231765625 0 0.656878725
1 0.056675037500000004 0.5411073828124999 0.0453398578125 0.537751678125 0.032744979687499995 0.536073825 0.0201501015625 0.5369127515625001 0.007557323437500001 0.5436241609375 0.00377823125 0.54949664375 0.005037928125 0.568791946875 0.023929195312500002 0.583053690625 0.0453398578125 0.583053690625 0.0541556421875 0.578020134375 0.0629714265625 0.5679530203125001 0.06549082187500001 0.5620805375 0.064231125 0.5461409390624999 0.056675037500000004 0.5411073828124999
1 0.0035766781249999997 0.6959479859375 0.00460963125 0.6986828859374999 0.02101929375 0.6829697984374999 0.0158944234375 0.672726509375 0.0066629390625000005 0.6768204703125 0.00153596875 0.6877516781249999 0.0035766781249999997 0.6959479859375
1 0.0415229734375 0.7362583890625001 0.10100800000000001 0.7355704703125 0.110239484375 0.730788590625 0.016914778125 0.7205453015625001 0.0353777484375 0.731476509375 0.0415229734375 0.7362583890625001
1 0.12216672343749999 0.649328859375 0.1146085359375 0.6392617453125 0.0969769671875 0.625 0.07430660781250001 0.6132550328125 0.06549082187500001 0.6149328859375001 0.06549082187500001 0.6258389265625001 0.0831223921875 0.64681208125 0.0881611828125 0.65604026875 0.0881611828125 0.6644295296875 0.0793453984375 0.671979865625 0.064231125 0.680369128125 0.055415340625 0.68288590625 0.0415607640625 0.69211409375 0.028967985937500003 0.6929530203125001 0.0062976265625 0.703020134375 0.0062976265625 0.7114093953125 0.012594015625 0.7156040265625 0.023929195312500002 0.7172818796875 0.035264375 0.7156040265625 0.0465995546875 0.7114093953125 0.059194432812499996 0.70973154375 0.086901484375 0.6979865765625 0.1007560609375 0.693791946875 0.11083154218749999 0.6929530203125001 0.12216672343749999 0.6879194625 0.129722809375 0.69211409375 0.13476159999999998 0.689597315625 0.13601919843750002 0.6820469796874999 0.141057990625 0.67449664375 0.1397982921875 0.6619127515625001 0.13601919843750002 0.6568791953125 0.12216672343749999 0.649328859375
1 0.172544134375 0.6694630874999999 0.172544134375 0.6602349000000001 0.1687650421875 0.6518456375 0.15994925625 0.6442953015625 0.15113347187499998 0.6459731546875 0.1435773859375 0.6552013421875 0.13601919843750002 0.6761744968750001 0.13601919843750002 0.69211409375 0.14483708281250002 0.6979865765625 0.154912565625 0.6971476515624999 0.16498804843749998 0.6912751671875 0.16498804843749998 0.6837248328125 0.17002473906249999 0.6778523484375001 0.172544134375 0.6694630874999999
1 0.2846341390625 0.7424496640625 0.292192325 0.734899328125 0.2934499234375 0.71895973125 0.2770780515625 0.6979865765625 0.2644831734375 0.6971476515624999 0.2556673890625 0.70134228125 0.23425672656250002 0.7038590609375001 0.21662515781249997 0.7114093953125 0.2128460640625 0.72734899375 0.2178848546875 0.7374161078125 0.22418124375 0.7424496640625 0.23929551718750003 0.7474832218749999 0.261963778125 0.7491610734374999 0.27581835312499997 0.7466442953125 0.2846341390625 0.7424496640625
1 0.2506306984375 0.685402684375 0.24055311562499998 0.681208053125 0.21914455312499997 0.6635906046875 0.20906697031250002 0.6635906046875 0.1989914890625 0.6761744968750001 0.197733890625 0.6870805375 0.20025118593750002 0.6929530203125001 0.21032666875 0.6996644296875 0.22418124375 0.7038590609375001 0.2544076921875 0.70134228125 0.2682622671875 0.696308725 0.2720392609375 0.6904362421875 0.2682622671875 0.6879194625 0.2506306984375 0.685402684375
1 0.7216631718750001 0.430369128125 0.7355156484375 0.42281879218749996 0.7355156484375 0.41359060468750003 0.7266998640625 0.40436241562499997 0.7103279921875 0.40352349062500004 0.6977331140625 0.41275167812499997 0.6989928125 0.42365771875 0.7103279921875 0.430369128125 0.7216631718750001 0.430369128125
1 0.44584395624999995 0.569630871875 0.45969853125000004 0.560402684375 0.46347552500000005 0.5545302015625 0.46347552500000005 0.5478187921875 0.46095612968750005 0.5427852343749999 0.45340004218749996 0.5394295296875 0.41939450312500004 0.54026845625 0.4068017234375 0.541946309375 0.4005032359375 0.5453020140625 0.3967262421875 0.553691275 0.39924353749999997 0.55788590625 0.41309811406249997 0.5654362421875 0.44080516562499994 0.5704697984375 0.44584395624999995 0.569630871875
2 0.561713053125 0.739093959375 0.583123715625 0.7181208046875 0.596978290625 0.6870805375 0.5919395 0.6661073828124999 0.579344621875 0.654362415625 0.5478584765625001 0.63842281875 0.526447815625 0.6216442953125 0.51007594375 0.6174496640625 0.501260159375 0.6124161078125 0.4924443734375 0.596476509375 0.483626490625 0.5906040265625 0.46347552500000005 0.5838926171875001 0.411838415625 0.583053690625 0.38665075937500004 0.587248321875 0.377832875 0.595637584375 0.3664976953125 0.6174496640625 0.3073044984375 0.6501677859375 0.292192325 0.661073825 0.283374440625 0.67449664375 0.2821168421875 0.6887583890625 0.301008109375 0.72734899375 0.321159075 0.743288590625 0.3337539515625 0.748322146875 0.3639804 0.7491610734374999 0.4105787171875 0.7449664421875 0.41561750937499997 0.7424496640625 0.4282123859375 0.7407718125 0.43702817187500004 0.7424496640625 0.447103653125 0.7382550328125 0.458438834375 0.7382550328125 0.5037774546875 0.7474832218749999 0.526447815625 0.7491610734374999 0.5415620875 0.7466442953125 0.561713053125 0.739093959375
1 0.6561714875 0.7458053687499999 0.6649872718750001 0.73657718125 0.6675066671875001 0.7197986578125 0.6561714875 0.7072147656250001 0.6423169125 0.70134228125 0.6032746796875 0.7038590609375001 0.5906798015625 0.7130872484374999 0.5869028078125 0.729865771875 0.5906798015625 0.7382550328125 0.6020149828125 0.7458053687499999 0.618388953125 0.75 0.6335011265625 0.7508389265625001 0.6561714875 0.7458053687499999
1 0.639797515625 0.6988255031249999 0.6486154 0.6954697984375 0.651132696875 0.68288590625 0.639797515625 0.67365771875 0.6234256453125 0.6728187921875 0.6171292562499999 0.6761744968750001 0.6120904640625 0.6912751671875 0.618388953125 0.6971476515624999 0.6234256453125 0.6988255031249999 0.639797515625 0.6988255031249999
1 0.7216631718750001 0.6770134234375 0.672543359375 0.6619127515625001 0.6599505812500001 0.6644295296875 0.6549117890625 0.6677852343749999 0.65239239375 0.6728187921875 0.6536520921875 0.681208053125 0.6763224515624999 0.69211409375 0.6977331140625 0.6979865765625 0.7115876906249999 0.6971476515624999 0.7216631718750001 0.6929530203125001 0.725440165625 0.6870805375 0.725440165625 0.681208053125 0.7216631718750001 0.6770134234375
1 0.5944588953125 0.6635906046875 0.608311371875 0.6644295296875 0.6171292562499999 0.6619127515625001 0.6335011265625 0.64765100625 0.6423169125 0.6325503359375 0.6460960046875 0.61157718125 0.6448363078125 0.60234899375 0.6347608250000001 0.5922818796875 0.622165946875 0.5897650999999999 0.5806043203125 0.591442953125 0.5654921468749999 0.5947986578125 0.5604533546875 0.5981543625 0.5478584765625001 0.5931208046875 0.5088162453125 0.59395973125 0.505037153125 0.596476509375 0.50629685 0.604865771875 0.5566742625 0.640939596875 0.5944588953125 0.6635906046875
1 0.772040584375 0.54865771875 0.7733002828125 0.536073825 0.768261490625 0.5276845640625 0.7581860093749999 0.520134228125 0.7481105265625 0.520134228125 0.7405544390625 0.524328859375 0.7355156484375 0.5302013421875 0.736775346875 0.537751678125 0.729219259375 0.5503355703125 0.7178840796875 0.5612416109375 0.6876576328125 0.5654362421875 0.68136124375 0.5679530203125001 0.6801015453125 0.57634228125 0.6989928125 0.587248321875 0.7103279921875 0.5880872484374999 0.7355156484375 0.58473154375 0.7443335328125 0.57550335625 0.7481105265625 0.5620805375 0.772040584375 0.54865771875
1 0.779596671875 0.721476509375 0.7821160671875 0.6979865765625 0.7947109453125 0.678691275 0.7947109453125 0.6694630874999999 0.785895159375 0.6686241609375 0.7783369734375001 0.67365771875 0.772040584375 0.67449664375 0.7619651015625 0.681208053125 0.7569263109375 0.6820469796874999 0.7518896203125001 0.6879194625 0.7279595609375 0.6929530203125001 0.7229228703125 0.6996644296875 0.7128473875 0.7046979859375 0.6989928125 0.7055369125000001 0.686397934375 0.7156040265625 0.6700260625000001 0.743288590625 0.6750627546875 0.7458053687499999 0.715364684375 0.7458053687499999 0.7216631718750001 0.7441275171874999 0.746850828125 0.7441275171874999 0.764484496875 0.7399328859375001 0.7745599796875 0.7307046984375 0.779596671875 0.721476509375
2 1 0.6778538484375 0.8329847609375 0.6290855703125 0.8027961046875 0.6692953015625001 0.7869134156250001 0.70104026875 0.788500634375 0.7169127515625 0.8313975421875 0.7433724828125 0.9139917234375 0.7729949671874999 0.9965985015625 0.7878104031250001 1 0.7879361375 1 0.6778538484375
1 0.8972671359375 0.6646812078125001 0.9141050953125 0.66526845625 0.91499948125 0.659958053125 0.8892953484375001 0.6481459734375 0.853828559375 0.6469630875 0.8529467703125 0.649328859375 0.8804291765625001 0.6605453015625 0.8972671359375 0.6646812078125001
1 0.06549082187500001 0.46979865781249996 0.055415340625 0.4630872484375 0.044080159375 0.45973154374999997 0.035264375 0.45973154374999997 0.015113410937499999 0.46644295312499995 0.00377823125 0.479865771875 0.0025185328125 0.49916107343749994 0.007557323437500001 0.5142617453125 0.0138537125 0.5167785234375 0.0201501015625 0.528523490625 0.0251888921875 0.5318791953125 0.044080159375 0.5369127515625001 0.0629714265625 0.5385906046875 0.076826003125 0.53104026875 0.0806050953125 0.5260067109375 0.0831223921875 0.5167785234375 0.0806050953125 0.5083892624999999 0.08186479375 0.5008389265625001 0.0755663046875 0.48825503281250004 0.06549082187500001 0.479865771875 0.06549082187500001 0.46979865781249996
1 0.0994963625 0.48489932812500003 0.1007560609375 0.47147650937499996 0.0919402765625 0.463926175 0.0793453984375 0.46224832187500003 0.0705296140625 0.4647651 0.06549082187500001 0.46895973125 0.064231125 0.479865771875 0.073046909375 0.489093959375 0.086901484375 0.49244966406249996 0.09445757187500001 0.49077181249999996 0.0994963625 0.48489932812500003
1 0.261963778125 0.520134228125 0.2556673890625 0.515939596875 0.23425672656250002 0.5083892624999999 0.2216618484375 0.5075503359375 0.20277058124999997 0.5142617453125 0.1926951 0.528523490625 0.1914354015625 0.5385906046875 0.1989914890625 0.5545302015625 0.20906697031250002 0.5612416109375 0.21914455312499997 0.564597315625 0.235516425 0.5654362421875 0.2481113015625 0.5612416109375 0.2644831734375 0.5520134234375 0.2682622671875 0.5461409390624999 0.26700256875 0.5302013421875 0.261963778125 0.520134228125
1 0.41687720625 0.5260067109375 0.41561750937499997 0.5184563765625 0.3967262421875 0.5058724828125001 0.3803522703125 0.49916107343749994 0.369017090625 0.49916107343749994 0.3589416078125 0.5050335578125 0.3488661265625 0.51761745 0.3413100390625 0.515939596875 0.340050340625 0.520134228125 0.3337539515625 0.52265100625 0.32619576562499997 0.5302013421875 0.30226780781249996 0.536073825 0.292192325 0.5444630874999999 0.292192325 0.5545302015625 0.29722901562500004 0.5654362421875 0.31234328906250003 0.57634228125 0.3287151609375 0.58473154375 0.351385521875 0.588926175 0.3790925734375 0.5864093953125 0.38161196875000003 0.578020134375 0.3790925734375 0.560402684375 0.3916874515625 0.5461409390624999 0.4143578109375 0.5302013421875 0.41687720625 0.5260067109375
1 0.526447815625 0.528523490625 0.5188917281250001 0.515939596875 0.49622136718750004 0.5033557046875 0.479849496875 0.5050335578125 0.4559194390625 0.52265100625 0.4521403453125 0.5318791953125 0.45465974062500003 0.537751678125 0.4823667921875 0.560402684375 0.4861458859375 0.5855704703125 0.49118467656250003 0.5897650999999999 0.5000004609375 0.591442953125 0.5176320296875 0.5897650999999999 0.5251881171874999 0.591442953125 0.5390426921875 0.588926175 0.55289726875 0.5838926171875001 0.5717885359375 0.5679530203125001 0.5755676281250001 0.5612416109375 0.5755676281250001 0.5453020140625 0.5453390812500001 0.5411073828124999 0.526447815625 0.528523490625
1 0.67758215 0.533557046875 0.6763224515624999 0.52265100625 0.672543359375 0.51761745 0.6561714875 0.506711409375 0.6410572140624999 0.5083892624999999 0.596978290625 0.5453020140625 0.5818640171875 0.5511744968750001 0.5806043203125 0.5679530203125001 0.5894201046875 0.57634228125 0.6032746796875 0.5788590609375001 0.6347608250000001 0.578020134375 0.6372802203125 0.5729865765625 0.6561714875 0.5620805375 0.6712836609374999 0.5478187921875 0.67758215 0.533557046875
1 0.6989928125 0.46644295312499995 0.691436725 0.4672818796875 0.6838785390625 0.4656040265625 0.67758215 0.46812080468749995 0.657431184375 0.48657718125000005 0.6549117890625 0.4949664421875 0.6561714875 0.501677853125 0.661208178125 0.5083892624999999 0.67758215 0.520134228125 0.6851382375 0.520134228125 0.6989928125 0.524328859375 0.7229228703125 0.5251677859375 0.7392947421875 0.52181208125 0.74559113125 0.515939596875 0.746850828125 0.5033557046875 0.7304789578124999 0.48322147656250003 0.720403475 0.4748322140625 0.6989928125 0.46644295312499995
1 0.9962226921875 0.49580536875 0.9987399874999999 0.48489932812500003 0.99496299375 0.4790268453125 0.9836278140625 0.4739932890625 0.9748120296874999 0.4731543625 0.968513540625 0.47734899375 0.960957453125 0.47734899375 0.9546589640625 0.48322147656250003 0.9458431796875001 0.48657718125000005 0.9408064890625001 0.4941275171875 0.9307310062499999 0.5008389265625001 0.9282116109375 0.5100671140624999 0.9319907046875 0.515939596875 0.9534013671875 0.5260067109375 0.964736546875 0.5268456375 0.9722926328125 0.5251677859375 0.9874048078125 0.5125838921875 0.9962226921875 0.49580536875
1 0 0.4040270046875 0.007557323437500001 0.4010067109375 0.016373107812500003 0.3934563765625 0.01763280625 0.3825503359375 0.015113410937499999 0.377516778125 0.005037928125 0.376677853125 0 0.377348990625 0 0.4040270046875
1 0 0.364932196875 0.0062976265625 0.359899328125 0.018892503124999998 0.359060403125 0.047859253125 0.3666107375 0.06549082187500001 0.3666107375 0.07430660781250001 0.364093959375 0.086901484375 0.3565436234375 0.0931999734375 0.3431208046875 0.0894208796875 0.33221476562499996 0.06549082187500001 0.321308725 0.012594015625 0.323825503125 0.005037928125 0.32550335625 0 0.3288596046875 0 0.364932196875
1 0 0.4354958421875 0.005037928125 0.43959731562500004 0.06675052031249999 0.46224832187500003 0.076826003125 0.458053690625 0.0969769671875 0.4370805375 0.10201575781250001 0.42114093906249994 0.0881611828125 0.399328859375 0.07178931093749999 0.3917785234375 0.052895945312500005 0.3783557046875 0.0428204625 0.377516778125 0.0201501015625 0.39681208125 0 0.405760865625 0 0.4354958421875
1 0.13853859375 0.45050335625000004 0.15113347187499998 0.444630871875 0.16120895468750002 0.42953020156250005 0.1523931703125 0.417785234375 0.14483708281250002 0.41359060468750003 0.13476159999999998 0.41275167812499997 0.1133509390625 0.4203020140625 0.10579275156250001 0.4253355703125 0.1007560609375 0.43372483281249996 0.10201575781250001 0.44546979843749995 0.12090702499999999 0.45134228125 0.13853859375 0.45050335625000004
2 0.20277058124999997 0.46140939531249997 0.18891600625 0.45973154374999997 0.158689559375 0.4479865765625 0.1423176875 0.45050335625000004 0.129722809375 0.475671140625 0.129722809375 0.48322147656250003 0.137278896875 0.49077181249999996 0.18891600625 0.5008389265625001 0.2078093734375 0.506711409375 0.2292200359375 0.506711409375 0.2682622671875 0.51761745 0.279597446875 0.51761745 0.31360298750000004 0.5234899328125 0.3287151609375 0.51761745 0.3375309453125 0.48657718125000005 0.3274554640625 0.479865771875 0.2934499234375 0.47651006718750005 0.283374440625 0.4790268453125 0.24055311562499998 0.47063758437500003 0.22670063906250001 0.46979865781249996 0.20277058124999997 0.46140939531249997
1 0.47103371093749996 0.4588926171875 0.4697740140625 0.44714765156249997 0.46599492031249995 0.43959731562500004 0.4521403453125 0.4270134234375 0.44332456093749995 0.428691275 0.41561750937499997 0.4479865765625 0.397983840625 0.457214765625 0.39924353749999997 0.46644295312499995 0.4055420265625 0.4739932890625 0.42191389843750005 0.4815436234375 0.43828786875 0.4815436234375 0.46599492031249995 0.4723154359375 0.47103371093749996 0.4588926171875
1 0.6964734171875 0.390100671875 0.6926943234375 0.3825503359375 0.6788418468749999 0.37080536875000003 0.6460960046875 0.35318791875 0.6297220343750001 0.3515100671875 0.578084925 0.35234899375 0.5516375703125 0.359060403125 0.5390426921875 0.364093959375 0.515112634375 0.381711409375 0.489924978125 0.3917785234375 0.4697740140625 0.40855704687500005 0.46851431562499996 0.4370805375 0.47229130937499997 0.4479865765625 0.47229130937499997 0.47818791875000005 0.47607040312500004 0.48825503281250004 0.53148660625 0.5192953015625 0.5465987796875 0.5209731546875 0.5604533546875 0.5251677859375 0.5818640171875 0.5251677859375 0.5906798015625 0.5234899328125 0.596978290625 0.5192953015625 0.604534378125 0.5100671140624999 0.63098173125 0.5058724828125001 0.647355703125 0.5008389265625001 0.6586908828125 0.479865771875 0.6700260625000001 0.47147650937499996 0.691436725 0.444630871875 0.6964734171875 0.430369128125 0.693954021875 0.41275167812499997 0.6977331140625 0.4077181203125 0.6964734171875 0.390100671875
1 0.7518896203125001 0.37919463124999997 0.7304789578124999 0.375 0.6977331140625 0.375 0.6926943234375 0.377516778125 0.7015122078125 0.385906040625 0.7317386546875 0.395134228125 0.7607054046874999 0.3984899328125 0.785895159375 0.3984899328125 0.7959706421875 0.39429530156250003 0.7947109453125 0.3850671140625 0.78841245625 0.3825503359375 0.7518896203125001 0.37919463124999997
1 0.5554166640625 0.33808724843750004 0.5843834125 0.333053690625 0.62090625 0.3204697984375 0.63098173125 0.31208053750000003 0.625945040625 0.306208053125 0.62090625 0.305369128125 0.5894201046875 0.31124161093749997 0.55289726875 0.323825503125 0.5340060015625 0.32634228125 0.5289672109375 0.33473154374999997 0.536523296875 0.33808724843750004 0.5554166640625 0.33808724843750004
1 0.75944570625 0.3296979859375 0.7493702234375 0.32550335625 0.7128473875 0.3313758390625 0.7052892015625 0.341442953125 0.7052892015625 0.3498322140625 0.7103279921875 0.35738254999999997 0.7443335328125 0.372483221875 0.75944570625 0.372483221875 0.7733002828125 0.3674496640625 0.78841245625 0.3674496640625 0.8010073343749999 0.3716442953125 0.8224179968750001 0.3699664421875 0.8375322687500001 0.375 0.853904140625 0.3842281875 0.8677587171875001 0.385906040625 0.8891693796875 0.37919463124999997 0.8979851640625001 0.372483221875 0.9017642562500001 0.3649328859375 0.900504559375 0.354865771875 0.89546576875 0.3481543625 0.882870890625 0.33976510000000004 0.8740551062499999 0.337248321875 0.853904140625 0.33808724843750004 0.843828659375 0.3406040265625 0.8324934781250001 0.33808724843750004 0.7921915484375 0.33808724843750004 0.7871527578124999 0.3355704703125 0.7783369734375001 0.337248321875 0.7733002828125 0.333053690625 0.7695211890625 0.333053690625 0.764484496875 0.33640939531249997 0.75944570625 0.3296979859375
2 1 0.41946308749999994 0.93828709375 0.41946308749999994 0.9307310062499999 0.43288590625 0.9294713078125 0.4656040265625 0.9395467906249999 0.47063758437500003 0.977329325 0.46979865781249996 0.9962226921875 0.4731543625 1 0.47207599531250005 1 0.41946308749999994
1 0 0.308425296875 0.0062976265625 0.31291946249999997 0.018892503124999998 0.3179530203125 0.0484891015625 0.32290268437499997 0.061713828125 0.319630871875 0.06675052031249999 0.31291946249999997 0.06045413125 0.3003355703125 0.064231125 0.287751678125 0.073046909375 0.2827181203125 0.0843820890625 0.27181208125 0.1045330546875 0.2617449671875 0.10579275156250001 0.2533557046875 0.1007560609375 0.24580536875 0.0881611828125 0.23657718125 0.073046909375 0.22986577187499999 0.056675037500000004 0.2290268453125 0.0491189515625 0.23154362343749998 0.0251888921875 0.251677853125 0.0138537125 0.2575503359375 0.0062976265625 0.2583892625 0 0.2611856875 0 0.308425296875
1 0.1536528671875 0.2181208046875 0.13853859375 0.21308724843750002 0.1234264203125 0.21224832187499998 0.10201575781250001 0.21476510000000001 0.0969769671875 0.2172818796875 0.09445757187500001 0.2231543625 0.098236665625 0.22986577187499999 0.11712793125000001 0.23909395937500003 0.13476159999999998 0.24496644218750002 0.154912565625 0.260906040625 0.15994925625 0.2751677859375 0.15994925625 0.28691275156249996 0.1536528671875 0.31291946249999997 0.158689559375 0.318791946875 0.1662477453125 0.318791946875 0.1788405234375 0.31208053750000003 0.193954796875 0.283557046875 0.20277058124999997 0.2550335578125 0.1989914890625 0.23573825468749998 0.1876584078125 0.2248322140625 0.1536528671875 0.2181208046875
1 0.27581835312499997 0.2239932890625 0.2544076921875 0.2181208046875 0.22418124375 0.22147650937500002 0.21032666875 0.225671140625 0.20528997656249998 0.23909395937500003 0.20906697031250002 0.251677853125 0.2380358203125 0.2760067109375 0.2544076921875 0.2944630875 0.2607061796875 0.2978187921875 0.2720392609375 0.2978187921875 0.28967292968749997 0.29278523437500004 0.30226780781249996 0.2818791953125 0.3073044984375 0.2684563765625 0.3060448015625 0.2533557046875 0.292192325 0.23322147656249997 0.27581835312499997 0.2239932890625
2 0.536523296875 0.2625838921875 0.5390426921875 0.24244966406250001 0.5340060015625 0.216442953125 0.5239305187500001 0.207214765625 0.51007594375 0.20134228125 0.4949616703125 0.19798657656250002 0.4848861875 0.1996644296875 0.45340004218749996 0.21895973125 0.4420648625 0.2223154359375 0.404282328125 0.2416107375 0.3488661265625 0.2642617453125 0.3287151609375 0.2760067109375 0.30982389375 0.2818791953125 0.2556673890625 0.31208053750000003 0.244332209375 0.3154362421875 0.2128460640625 0.3305369125 0.20025118593750002 0.333053690625 0.18135991875 0.3431208046875 0.172544134375 0.34395973125 0.154912565625 0.3515100671875 0.1423176875 0.3649328859375 0.1397982921875 0.3741610734375 0.141057990625 0.3934563765625 0.158689559375 0.416946309375 0.1750635296875 0.43372483281249996 0.18387931562499998 0.43959731562500004 0.18891600625 0.4404362421875 0.21410576250000002 0.4563758390625 0.22796033750000003 0.46140939531249997 0.24055311562499998 0.4630872484375 0.2468516046875 0.46644295312499995 0.27581835312499997 0.46979865781249996 0.287153534375 0.4731543625 0.2984887140625 0.47147650937499996 0.31360298750000004 0.4739932890625 0.3198993765625 0.47063758437500003 0.3274554640625 0.4723154359375 0.38161196875000003 0.46140939531249997 0.43828786875 0.430369128125 0.46599492031249995 0.40855704687500005 0.48110919374999994 0.3934563765625 0.4848861875 0.385906040625 0.4949616703125 0.3783557046875 0.5138529375 0.350671140625 0.5214111234375001 0.3296979859375 0.53148660625 0.31291946249999997 0.5377829953125 0.28691275156249996 0.536523296875 0.2625838921875
1 0.59571859375 0.28523489999999996 0.605794075 0.2684563765625 0.608311371875 0.2533557046875 0.604534378125 0.24580536875 0.596978290625 0.247483221875 0.5843834125 0.2575503359375 0.5730482328125001 0.2625838921875 0.5428217859375 0.2684563765625 0.540302390625 0.2734899328125 0.5415620875 0.27936241562499997 0.5604533546875 0.29278523437500004 0.579344621875 0.2936241609375 0.58816040625 0.29110738281250004 0.59571859375 0.28523489999999996
1 0.8123425140625 0.27181208125 0.78841245625 0.256711409375 0.772040584375 0.23741610781250003 0.7569263109375 0.23657718125 0.7279595609375 0.248322146875 0.7216631718750001 0.25419463124999997 0.7191437765625001 0.26342281875 0.736775346875 0.2760067109375 0.746850828125 0.28859060468750003 0.7493702234375 0.2961409390625 0.7481105265625 0.3229865765625 0.7544090156250001 0.32550335625 0.772040584375 0.3271812078125 0.7947109453125 0.32634228125 0.8123425140625 0.321308725 0.8324934781250001 0.3095637578125 0.84508835625 0.29110738281250004 0.84508835625 0.2818791953125 0.8375322687500001 0.2776845640625 0.8312337812499999 0.2776845640625 0.8123425140625 0.27181208125
1 1 0.3330538171875 0.97355233125 0.338926175 0.9697732374999999 0.341442953125 0.968513540625 0.350671140625 0.9785890234375 0.359899328125 0.989924203125 0.3649328859375 1 0.3658481234375 1 0.3330538171875
1 0.9534013671875 0.283557046875 0.9508819703125001 0.265100671875 0.943325884375 0.25587248281249997 0.9319907046875 0.2508389265625 0.8992448609375 0.2508389265625 0.8841305875 0.25419463124999997 0.8866499843750001 0.2617449671875 0.88035359375 0.265100671875 0.8715357109375 0.2751677859375 0.875314803125 0.2978187921875 0.88790968125 0.3070469796875 0.8942060703125 0.30872483281249996 0.918136128125 0.30872483281249996 0.925692215625 0.3070469796875 0.9496222734374999 0.29110738281250004 0.9534013671875 0.283557046875
1 0.9571783609375 0.2382550328125 0.9496222734374999 0.2307046984375 0.9332504015625 0.2038590609375 0.9193958265625 0.19211409375 0.9093203437499999 0.194630871875 0.9017642562500001 0.20050335625 0.879093896875 0.22734899375 0.8702781125 0.23154362343749998 0.8677587171875001 0.247483221875 0.879093896875 0.25 0.9244325171875 0.25 0.9408064890625001 0.252516778125 0.9559186625 0.25 0.95969775625 0.247483221875 0.9571783609375 0.2382550328125
1 1 0.17233969843750002 0.9974802890625 0.1711409390625 0.97355233125 0.1694630875 0.9622171515625 0.17365771875 0.9546589640625 0.1795302015625 0.9508819703125001 0.1862416109375 0.9521416687500001 0.203020134375 0.95969775625 0.21224832187499998 0.9848875109374999 0.2248322140625 0.9999996843750001 0.24244966406250001 1 0.24244985 1 0.17233969843750002
1 0.8614602281250001 0.18288590625 0.8501250484374999 0.17701342343749998 0.7997476359375 0.1711409390625 0.7770772765625 0.17869127499999998 0.7745599796875 0.18959731562499998 0.7808563687500001 0.19798657656250002 0.793451246875 0.20637583906249998 0.8123425140625 0.21308724843750002 0.8261970890624999 0.21392617500000002 0.8413092625 0.21057047031249998 0.8513847453125001 0.2055369125 0.862719925 0.1954697984375 0.8639796234375 0.1879194625 0.8614602281250001 0.18288590625
1 0.4924443734375 0.1904362421875 0.4924443734375 0.181208053125 0.48866528125 0.17449664375 0.47355100781250004 0.16778523437499998 0.4647352234375 0.1694630875 0.4521403453125 0.1795302015625 0.45340004218749996 0.19127516718749998 0.46851431562499996 0.198825503125 0.4874055828125 0.19630872500000002 0.4924443734375 0.1904362421875
1 0.7141049859375 0.1694630875 0.707808596875 0.1644295296875 0.700252509375 0.162751678125 0.700252509375 0.158557046875 0.6977331140625 0.158557046875 0.69521371875 0.1635906046875 0.6889173296875 0.1644295296875 0.672543359375 0.17281879218750001 0.6599505812500001 0.18959731562499998 0.657431184375 0.1954697984375 0.657431184375 0.21476510000000001 0.661208178125 0.22147650937500002 0.6662469703125 0.2231543625 0.6851382375 0.2239932890625 0.6926943234375 0.22147650937500002 0.7090682953125 0.21140939531249997 0.715364684375 0.1954697984375 0.7141049859375 0.1694630875
1 0.43450877656250003 0.1887583890625 0.44836335156249996 0.1820469796875 0.45465974062500003 0.16610738281249998 0.4521403453125 0.15604026875000002 0.44332456093749995 0.1510067109375 0.4282123859375 0.1484899328125 0.4005032359375 0.1501677859375 0.3891680546875 0.15520134218749998 0.36775739218750003 0.1694630875 0.365240096875 0.17449664375 0.36775739218750003 0.18288590625 0.377832875 0.1887583890625 0.3879083578125 0.1904362421875 0.42191389843750005 0.19127516718749998 0.43450877656250003 0.1887583890625
4 1 0.18426034375 0.9180227562500001 0.1239093953125 0.8712333828125001 0.18765100625 0.8606036328125001 0.249983221875 0.8797489390625 0.31089765156250004 0.9392948515624999 0.36330536874999997 0.9945850843749999 0.39447147656250003 1 0.396062896875 1 0.18426034375
1 0.7065489 0.2642617453125 0.6926943234375 0.2617449671875 0.6788418468749999 0.2508389265625 0.672543359375 0.2491610734375 0.661208178125 0.2491610734375 0.6498750984375 0.252516778125 0.6171292562499999 0.256711409375 0.6108307671875 0.2600671140625 0.6070537734375 0.26761745000000003 0.6070537734375 0.2776845640625 0.6120904640625 0.29110738281250004 0.6196465515625 0.3003355703125 0.639797515625 0.31040268437499996 0.6624678765625001 0.31459731562500004 0.690177028125 0.31291946249999997 0.7052892015625 0.30788590625 0.71662438125 0.29949664375 0.72418046875 0.2843959734375 0.7178840796875 0.270134228125 0.7065489 0.2642617453125
1 0.45465974062500003 0.5167785234375 0.46599492031249995 0.510906040625 0.4748107046875 0.501677853125 0.47355100781250004 0.49244966406249996 0.462215828125 0.4874161078125 0.42695268906250006 0.4857382546875 0.39924353749999997 0.49077181249999996 0.3967262421875 0.49748322187499994 0.4055420265625 0.510906040625 0.4206542 0.5184563765625 0.44080516562499994 0.5192953015625 0.45465974062500003 0.5167785234375
1 0.67758215 0.5822147656250001 0.672543359375 0.5796979859375 0.6624678765625001 0.568791946875 0.647355703125 0.5704697984375 0.6410572140624999 0.57550335625 0.639797515625 0.588926175 0.647355703125 0.604865771875 0.647355703125 0.6342281875 0.6712836609374999 0.653523490625 0.7015122078125 0.6677852343749999 0.7266998640625 0.6761744968750001 0.7405544390625 0.6770134234375 0.7657420953125 0.6711409390624999 0.7808563687500001 0.6593959734375 0.793451246875 0.653523490625 0.797228240625 0.64681208125 0.7921915484375 0.6417785234375 0.772040584375 0.6350671140624999 0.7355156484375 0.6166107375000001 0.7216631718750001 0.6124161078125 0.715364684375 0.6040268453125 0.7052892015625 0.5981543625 0.693954021875 0.5864093953125 0.6851382375 0.5813758390625 0.67758215 0.5822147656250001
1 0.2984887140625 0.5746644296875 0.292192325 0.5721476515624999 0.2770780515625 0.5704697984375 0.2632234765625 0.571308725 0.24559190625 0.5796979859375 0.23677612187500002 0.5855704703125 0.23173733125 0.5922818796875 0.20403027968749998 0.609899328125 0.20528997656249998 0.6166107375000001 0.22292154687500002 0.6367449671875 0.2329970296875 0.6434563765625 0.24307251093749999 0.645134228125 0.2821168421875 0.6593959734375 0.29093262656249996 0.6593959734375 0.321159075 0.64261745 0.340050340625 0.6291946312500001 0.3501258234375 0.626677853125 0.3564222125 0.6174496640625 0.343829434375 0.600671140625 0.3337539515625 0.59395973125 0.31360298750000004 0.5855704703125 0.2984887140625 0.5746644296875
4 0 0.722922334375 0.10869005624999999 0.7421057046875 0.16682720625 0.738942953125 0.201246346875 0.6180117453125 0.18225430468749998 0.527902684375 0.10394309531249998 0.48205536875000005 0.0434251171875 0.6021979859375 0 0.67030875 0 0.722922334375
2 0.775819678125 0 0.775819678125 0.0008389265625 0.7821160671875 0.033557046875 0.785895159375 0.0385906046875 0.8035267296875 0.041946309375000004 0.8337531765625 0.041946309375000004 0.85894293125 0.0394295296875 0.90554125 0.041107382812499996 0.9105800421874999 0.0394295296875 0.9244325171875 0.0394295296875 0.9319907046875 0.042785234374999995 0.943325884375 0.041946309375000004 0.9571783609375 0.0444630875 1 0.0464531078125 1 0 0.775819678125 0
1 0.661208178125 0 0.65239239375 0.005033557812500001 0.6486154 0.013422818750000001 0.6486154 0.0302013421875 0.65239239375 0.037751678125 0.6649872718750001 0.046979865625 0.68136124375 0.052852348437499995 0.69521371875 0.053691275000000004 0.7141049859375 0.04865771875 0.7216631718750001 0.04026845625 0.7229228703125 0.0276845640625 0.7141049859375 0.012583892187500001 0.7015122078125 0.00419463125 0.6889169796875 0 0.661208178125 0
1 0.5305704625 0 0.53148660625 0.0067114093750000004 0.5390426921875 0.020134228125 0.5377829953125 0.031879195312500004 0.5251881171874999 0.0520134234375 0.5188917281250001 0.0570469796875 0.5188917281250001 0.06543624218750001 0.5239305187500001 0.068791946875 0.5428217859375 0.073825503125 0.55289726875 0.0788590609375 0.5717885359375 0.0813758390625 0.5906798015625 0.0788590609375 0.6196465515625 0.06543624218750001 0.625945040625 0.0587248328125 0.6234256453125 0.0503355703125 0.6020149828125 0.031879195312500004 0.5919395 0.015939596875 0.59576898125 0 0.5305704625 0
1 0.46347552500000005 0.026845637500000002 0.45717913593750004 0.0117449671875 0.447103653125 0.0058724828125000005 0.43072968281249996 0.0008389265625 0.4143578109375 0.001677853125 0.4068017234375 0.00419463125 0.394206846875 0.013422818750000001 0.3879083578125 0.024328859375 0.3879083578125 0.0394295296875 0.3916874515625 0.046140939062500004 0.4105787171875 0.0587248328125 0.41939450312500004 0.060402684375 0.447103653125 0.057885906249999994 0.458438834375 0.0503355703125 0.46347552500000005 0.04026845625 0.46347552500000005 0.026845637500000002
1 0.257870809375 0 0.24559190625 0.0075503359374999995 0.22418124375 0.010906040625 0.1914354015625 0.010906040625 0.1851390125 0.013422818750000001 0.16750534374999998 0.0444630875 0.1662477453125 0.051174496874999996 0.1788405234375 0.08389261718749999 0.1863987109375 0.0897651 0.19521449531249999 0.09395973125 0.22418124375 0.1015100671875 0.2556673890625 0.1015100671875 0.28841323124999996 0.1082214765625 0.301008109375 0.1082214765625 0.31234328906250003 0.10402684531249999 0.3274554640625 0.1015100671875 0.33123455625 0.09647650937499999 0.33123455625 0.0906040265625 0.322418771875 0.0721476515625 0.3236784703125 0.056208053125000004 0.34256973749999997 0.031879195312500004 0.3501258234375 0.015939596875 0.3488661265625 0.0033557046875000002 0.345684615625 0 0.257870809375 0
1 0.6624678765625001 0.10234899374999999 0.6851382375 0.0989932890625 0.691436725 0.09479865781249999 0.6889173296875 0.0788590609375 0.6750627546875 0.07130872499999999 0.661208178125 0.0704697984375 0.6536520921875 0.08389261718749999 0.6423169125 0.091442953125 0.6272047374999999 0.0973154359375 0.5944588953125 0.09983221406250001 0.5906798015625 0.1015100671875 0.5856431109375 0.10738255000000001 0.58816040625 0.11744966406249999 0.6108307671875 0.1283557046875 0.63098173125 0.12919463125 0.6435766093749999 0.127516778125 0.6486154 0.12332214687500001 0.65239239375 0.10906040312500001 0.6624678765625001 0.10234899374999999
2 0.9785890234375 0.09395973125 0.977329325 0.08557047031250001 0.968513540625 0.0721476515625 0.9571783609375 0.0612416109375 0.947102878125 0.056208053125000004 0.9319907046875 0.05956375781249999 0.8677587171875001 0.08473154375 0.85894293125 0.0864093953125 0.772040584375 0.122483221875 0.7695211890625 0.126677853125 0.7707808859374999 0.1367449671875 0.793451246875 0.1619127515625 0.8035267296875 0.1644295296875 0.8224179968750001 0.1568791953125 0.8312337812499999 0.1568791953125 0.882870890625 0.1342281875 0.8967254656250001 0.131711409375 0.9130973375 0.12164429531250001 0.925692215625 0.1191275171875 0.9332504015625 0.11157718125 0.943325884375 0.11073825468750001 0.9697732374999999 0.1015100671875 0.9785890234375 0.09395973125
1 1 0.790361625 0.9798487203124999 0.7843959734375 0.9269519125000001 0.7776845640625 0.918136128125 0.7802013421875 0.9093203437499999 0.7869127515625001 0.8992448609375 0.8129194625 0.900504559375 0.8229865765625 0.9244325171875 0.8422818796874999 0.9634768484375 0.8582214765625 0.982368115625 0.8598993281249999 1 0.8580049890625 1 0.790361625
1 0.5982358890625 0.85318791875 0.604534378125 0.8523489937500001 0.6108307671875 0.84395973125 0.6120904640625 0.8355704703125 0.604534378125 0.8271812078125 0.5919395 0.823825503125 0.5806043203125 0.823825503125 0.554156965625 0.8288590609375 0.5377829953125 0.837248321875 0.5415620875 0.84395973125 0.554156965625 0.850671140625 0.5705288375 0.8557046984375001 0.5894201046875 0.8582214765625 0.5982358890625 0.85318791875
1 0.40176293281250003 0.7978187921875 0.42191389843750005 0.77181208125 0.4282123859375 0.756711409375 0.4282123859375 0.7491610734374999 0.41309811406249997 0.748322146875 0.40176293281250003 0.7533557046875 0.34634673125000004 0.751677853125 0.2984887140625 0.7541946312500001 0.2821168421875 0.7491610734374999 0.2682622671875 0.7541946312500001 0.2644831734375 0.7525167781250001 0.24559190625 0.751677853125 0.24055311562499998 0.7575503359375 0.249371 0.765939596875 0.25314799374999997 0.778523490625 0.2707816625 0.801174496875 0.2821168421875 0.805369128125 0.29093262656249996 0.803691275 0.29722901562500004 0.8078859062499999 0.3362712484375 0.8070469796875 0.34256973749999997 0.8087248328125 0.34760642812500003 0.806208053125 0.36020130625 0.805369128125 0.38539106093750003 0.806208053125 0.40176293281250003 0.7978187921875
4 0.8048997999999999 0.78425335625 0.8374314937499999 0.7616610734375 0.8489682249999999 0.7514177859375 0.06637261093749999 0.7514177859375 0.097946934375 0.7779362421875 0.165227390625 0.8154362421875 0.2050380375 0.8373825500000001 0.2572168171875 0.856593959375 0.30526378906249996 0.8757969796875 0.346460103125 0.8849412750000001 0.43433241875000006 0.8959144296874999 0.44943409375 0.8977432890625 0.5276949156249999 0.89134228125 0.607318309375 0.8796392624999999 0.7160575171875 0.8342785234375001 0.7834765406249999 0.7959563765625 0.8048997999999999 0.78425335625
1 0.5818640171875 0.92365771875 0.583123715625 0.9135906046875 0.5806043203125 0.9093959734375 0.5554166640625 0.8984899328125 0.540302390625 0.9010067109375001 0.5340060015625 0.90604026875 0.5277075124999999 0.9161073828124999 0.5289672109375 0.9328859062499999 0.5377829953125 0.9379194625 0.5554166640625 0.9370805375 0.5654921468749999 0.9337248328125 0.5818640171875 0.92365771875
4 0.2054243140625 1 0.20486167968750002 0.9936241609375 0.19056621093749998 0.9523573828125 0.1397227109375 0.9100251671875 0.07618355624999999 0.8867533562500001 0.025352653125000003 0.8772231546875 0 0.8772231546875 0 1 0.2054243140625 1
1 0.700252509375 0.127516778125 0.690177028125 0.1241610734375 0.682618840625 0.1241610734375 0.672543359375 0.12919463125 0.6712836609374999 0.140100671875 0.6788418468749999 0.1459731546875 0.69521371875 0.1501677859375 0.720403475 0.161073825 0.7569263109375 0.16778523437499998 0.7657420953125 0.166946309375 0.7632247999999999 0.15771812031250002 0.700252509375 0.127516778125
2 0.583123715625 0.12332214687500001 0.51007594375 0.0989932890625 0.4874055828125 0.09479865781249999 0.479849496875 0.09983221406250001 0.46347552500000005 0.122483221875 0.46095612968750005 0.1308724828125 0.46599492031249995 0.1350671140625 0.48110919374999994 0.140100671875 0.4924443734375 0.14681208125 0.501260159375 0.14765100625 0.522670821875 0.15604026875000002 0.53148660625 0.1568791953125 0.5566742625 0.16778523437499998 0.5768252265625 0.17281879218750001 0.6246853421874999 0.1904362421875 0.6435766093749999 0.19127516718749998 0.6561714875 0.18540268437500002 0.672543359375 0.161073825 0.668766365625 0.1510067109375 0.618388953125 0.1342281875 0.605794075 0.1333892625 0.583123715625 0.12332214687500001
2 0 0.22444504375 0.0062976265625 0.22734899375 0.026448590625 0.22986577187499999 0.051636246875 0.22818791875 0.098236665625 0.21392617500000002 0.115868234375 0.21057047031249998 0.162468653125 0.21392617500000002 0.1989914890625 0.21979865781250002 0.21032666875 0.21979865781250002 0.2481113015625 0.21308724843750002 0.2695219640625 0.1795302015625 0.2732989578125 0.1694630875 0.27581835312499997 0.1510067109375 0.2707816625 0.1350671140625 0.2644831734375 0.126677853125 0.24055311562499998 0.11073825468750001 0.2292200359375 0.10570469843750001 0.21410576250000002 0.10234899374999999 0.18135991875 0.0897651 0.16372835 0.07802013437500001 0.1561722625 0.0629194625 0.14609468125 0.056208053125000004 0.09571726875 0.0503355703125 0.0705296140625 0.0503355703125 0.0428204625 0.055369128125 0.0314852828125 0.060402684375 0.012594015625 0.073825503125 0.001258834375 0.087248321875 0 0.0902431484375 0 0.22444504375
2 0.9294713078125 0.42617449687500003 0.943325884375 0.3875838921875 0.943325884375 0.377516778125 0.9332504015625 0.37080536875000003 0.925692215625 0.37080536875000003 0.918136128125 0.3758389265625 0.9030218546875 0.375 0.88035359375 0.390100671875 0.8727954078125 0.3892617453125 0.865239321875 0.39261745000000003 0.85894293125 0.39261745000000003 0.85264444375 0.39681208125 0.8198985999999999 0.40436241562499997 0.7909318515625 0.40436241562499997 0.7745599796875 0.40855704687500005 0.750629921875 0.4253355703125 0.743073834375 0.42785234843750003 0.7355156484375 0.42785234843750003 0.7266998640625 0.43540268437499996 0.7279595609375 0.446308725 0.73803504375 0.457214765625 0.7632247999999999 0.506711409375 0.7695211890625 0.524328859375 0.775819678125 0.53104026875 0.7783369734375001 0.546979865625 0.78841245625 0.5746644296875 0.7921915484375 0.61157718125 0.8010073343749999 0.6283557046875 0.8073058218750001 0.631711409375 0.8513847453125001 0.626677853125 0.8564235359374999 0.6291946312500001 0.8727954078125 0.6308724828125001 0.8816111921875001 0.6375838921875 0.8891693796875 0.631711409375 0.8942060703125 0.6308724828125001 0.8967254656250001 0.626677853125 0.9093203437499999 0.6308724828125001 0.918136128125 0.6275167781250001 0.925692215625 0.6275167781250001 0.9332504015625 0.623322146875 0.9357676984375001 0.618288590625 0.9319907046875 0.588926175 0.9269519125000001 0.5813758390625 0.9269519125000001 0.5746644296875 0.9206555234374999 0.5612416109375 0.9193958265625 0.479865771875 0.9244325171875 0.458053690625 0.9206555234374999 0.45050335625000004 0.925692215625 0.44714765156249997 0.9294713078125 0.42617449687500003
1 0.37405588125 0.07550335625 0.365240096875 0.07130872499999999 0.33879064375 0.069630871875 0.329974859375 0.0721476515625 0.3287151609375 0.07969798593750001 0.3375309453125 0.0931208046875 0.3413100390625 0.1082214765625 0.34760642812500003 0.11493288593749999 0.3639804 0.125 0.411838415625 0.14261744999999998 0.43072968281249996 0.14261744999999998 0.45340004218749996 0.1308724828125 0.4823667921875 0.091442953125 0.4823667921875 0.07802013437500001 0.47355100781250004 0.07130872499999999 0.46599492031249995 0.0721476515625 0.43324907812499996 0.08473154375 0.41939450312500004 0.08473154375 0.4055420265625 0.087248321875 0.38413136406250004 0.08473154375 0.37405588125 0.07550335625
1 0.7833757640625 0.11577181249999999 0.7947109453125 0.1082214765625 0.7947109453125 0.09395973125 0.7871527578124999 0.0864093953125 0.76700179375 0.0788590609375 0.7531493171875 0.07802013437500001 0.7443335328125 0.08389261718749999 0.729219259375 0.088926175 0.720403475 0.09479865781249999 0.7128473875 0.10402684531249999 0.7090682953125 0.11493288593749999 0.7090682953125 0.1258389265625 0.7115876906249999 0.12919463125 0.729219259375 0.1333892625 0.7657420953125 0.1258389265625 0.7733002828125 0.118288590625 0.7833757640625 0.11577181249999999
1 0.3488661265625 0.1417785234375 0.3274554640625 0.140100671875 0.3060448015625 0.12332214687500001 0.29722901562500004 0.12332214687500001 0.2770780515625 0.1367449671875 0.27833775 0.1459731546875 0.292192325 0.15520134218749998 0.304785103125 0.1795302015625 0.31234328906250003 0.18288590625 0.3337539515625 0.181208053125 0.34760642812500003 0.176174496875 0.3576819109375 0.16778523437499998 0.36146100312499996 0.1593959734375 0.36020130625 0.14765100625 0.3488661265625 0.1417785234375
1 0 0.9724352296875001 0.001258834375 0.9723154359375 0.012594015625 0.9681208046875 0.018892503124999998 0.9614093953125 0.016373107812500003 0.9530201343750001 0.010074620312500001 0.9505033562499999 0 0.94994410625 0 0.9724352296875001
1 0 0.9144293687499999 0.0201501015625 0.9278523484375001 0.028967985937500003 0.9295302015625 0.0428204625 0.917785234375 0.0428204625 0.9018456374999999 0.034004678125 0.8976510062499999 0.023929195312500002 0.8959731546875 0.001258834375 0.8976510062499999 0 0.898909059375 0 0.9144293687499999
1 0.1914354015625 0.917785234375 0.1926951 0.9135906046875 0.18891600625 0.899328859375 0.1750635296875 0.8942953015624999 0.16498804843749998 0.8984899328125 0.158689559375 0.9077181203125001 0.16120895468750002 0.9194630874999999 0.1738038328125 0.926174496875 0.1914354015625 0.917785234375
1 0.24055461562499997 1 0.2380358203125 0.9983221468749999 0.22796033750000003 0.98238255 0.22796033750000003 0.9656040265625 0.235516425 0.9395973156249999 0.23425672656250002 0.931208053125 0.2304776328125 0.9295302015625 0.22418124375 0.931208053125 0.21914455312499997 0.9370805375 0.20906697031250002 0.9555369125000001 0.206549675 0.9656040265625 0.206549675 0.98657718125 0.2111288671875 1 0.24055461562499997 1
1 0.3161202828125 0.9328859062499999 0.30982389375 0.8934563765625001 0.3060448015625 0.8867449671875001 0.30226780781249996 0.8850671140624999 0.2821168421875 0.8842281875 0.27581835312499997 0.8875838921874999 0.2682622671875 0.9001677859375 0.2607061796875 0.9253355703125001 0.2644831734375 0.9320469796875 0.2732989578125 0.9362416109374999 0.3060448015625 0.9370805375 0.31360298750000004 0.9354026843750001 0.3161202828125 0.9328859062499999
1 0.36146100312499996 0.9228187921875 0.3715364859375 0.917785234375 0.3715364859375 0.9018456374999999 0.3589416078125 0.8959731546875 0.343829434375 0.8976510062499999 0.3362712484375 0.9043624156250001 0.33501155 0.9110738250000001 0.3375309453125 0.916946309375 0.34760642812500003 0.9228187921875 0.36146100312499996 0.9228187921875
1 0.2846341390625 0.957214765625 0.31360298750000004 0.958053690625 0.343829434375 0.9479865765625 0.3501258234375 0.9387583890625001 0.34256973749999997 0.9362416109374999 0.31108359218750004 0.9362416109374999 0.27455865625000003 0.9421140937500001 0.2707816625 0.944630871875 0.2707816625 0.9505033562499999 0.2732989578125 0.9538590609375 0.2846341390625 0.957214765625
1 0.29596931875 1 0.30226780781249996 0.9907718125 0.304785103125 0.9697986578125001 0.2984887140625 0.9614093953125 0.2682622671875 0.9546979859375 0.2569270875 0.95973154375 0.2506306984375 0.9664429531250001 0.2468516046875 0.9748322140625 0.2468516046875 0.9899328859375001 0.2518882953125 1 0.29596931875 1
2 0.649412378125 1 0.6448992921875 0.9735151 0.576585884375 0.97140100625 0.4494970796875 0.9036828859374999 0.436788828125 0.90050335625 0.3684880171875 0.9333053687499999 0.33988658125 0.9819798656250001 0.3714510296875 1 0.649412378125 1
1 0.6120904640625 0.9404362421875 0.604534378125 0.9370805375 0.5931991984375 0.9370805375 0.5818640171875 0.943791946875 0.5818640171875 0.9555369125000001 0.5856431109375 0.9605704703125 0.60957106875 0.9706375843749999 0.6196465515625 0.9706375843749999 0.6448363078125 0.9614093953125 0.6486154 0.9555369125000001 0.6486154 0.944630871875 0.6423169125 0.9395973156249999 0.6120904640625 0.9404362421875
1 0.6989928125 0.9421140937500001 0.691436725 0.9429530203125 0.67758215 0.9379194625 0.6549117890625 0.9354026843750001 0.6498750984375 0.9421140937500001 0.651132696875 0.962248321875 0.657431184375 0.9790268453125 0.663727575 0.9832214765625 0.6712836609374999 0.9815436234374999 0.7065489 0.9614093953125 0.707808596875 0.9505033562499999 0.6989928125 0.9421140937500001
1 0.7261043796875 1 0.7304789578124999 0.9907718125 0.732998353125 0.9664429531250001 0.729219259375 0.9479865765625 0.7141049859375 0.931208053125 0.707808596875 0.9362416109374999 0.7090682953125 0.9748322140625 0.7015122078125 0.9991610734374999 0.700961090625 1 0.7261043796875 1
1 0.8974514765625001 1 0.9216002968750001 0.9712751671875001 0.9270904796874999 0.9603020140625 0.9243443390625 0.9529865765625001 0.730756090625 0.9502432890625 0.7389924140625 0.9621308718750001 0.7637300953125 1 0.8974514765625001 1
2 1 0.948825503125 0.989924203125 0.948825503125 0.9836278140625 0.9521812078125 0.943325884375 0.9496644296874999 0.9345079999999999 0.9521812078125 0.9307310062499999 0.9555369125000001 0.9282116109375 0.9647650999999999 0.9282116109375 0.9882550328124999 0.93828709375 0.9983221468749999 0.9458431796875001 1 0.968513540625 0.9983221468749999 0.976070328125 1 0.9999996875000001 1 1 0.9999999875000001 1 0.948825503125
1 0.1914354015625 0.8364093953125 0.1826196171875 0.833053690625 0.1738038328125 0.8255033562499999 0.16372835 0.8221476515624999 0.158689559375 0.8221476515624999 0.154912565625 0.8280201343750001 0.129722809375 0.837248321875 0.1234264203125 0.8422818796874999 0.1234264203125 0.8523489937500001 0.1284631125 0.8598993281249999 0.14483708281250002 0.8674496640625 0.16750534374999998 0.8674496640625 0.1788405234375 0.8590604031250001 0.1914354015625 0.8447986578125001 0.1914354015625 0.8364093953125
1 0.2556673890625 0.885906040625 0.2607061796875 0.864093959375 0.2556673890625 0.8598993281249999 0.2481113015625 0.8582214765625 0.2329970296875 0.8657718125 0.21032666875 0.8632550328124999 0.20403027968749998 0.8666107375 0.176323228125 0.8699664421875 0.172544134375 0.8733221468749999 0.1738038328125 0.8825503359375 0.2304776328125 0.9219798656249999 0.24055311562499998 0.9211409390625 0.2468516046875 0.9018456374999999 0.2556673890625 0.885906040625
1 0.4773301 0.903523490625 0.49874076250000005 0.903523490625 0.5188917281250001 0.895134228125 0.5214111234375001 0.8867449671875001 0.511335640625 0.8808724828125 0.4924443734375 0.8800335578125 0.479849496875 0.8842281875 0.45340004218749996 0.8875838921874999 0.45088064687499996 0.8959731546875 0.45717913593750004 0.9001677859375 0.4773301 0.903523490625
1 0.47229130937499997 0.8355704703125 0.49874076250000005 0.8271812078125 0.505037153125 0.8221476515624999 0.5075565484375 0.8145973156249999 0.501260159375 0.8095637578125 0.483626490625 0.8078859062499999 0.4697740140625 0.803691275 0.46599492031249995 0.8003355703125001 0.45088064687499996 0.801174496875 0.42695268906250006 0.8120805375 0.4231735953125 0.8179530203125 0.4231735953125 0.823825503125 0.4282123859375 0.8280201343750001 0.45088064687499996 0.8355704703125 0.47229130937499997 0.8355704703125
1 0.425692990625 0.8766778531250001 0.4521403453125 0.85738255 0.45465974062500003 0.8431208046875 0.44836335156249996 0.8380872484375 0.42443329375000005 0.832214765625 0.408061421875 0.8338926171875001 0.40176293281250003 0.8389261749999999 0.39924353749999997 0.85738255 0.39546654375 0.8632550328124999 0.390427753125 0.8666107375 0.3790925734375 0.868288590625 0.369017090625 0.872483221875 0.369017090625 0.8833892625 0.3891680546875 0.8917785234375 0.4093190203125 0.89261745 0.4143578109375 0.8909395968749999 0.425692990625 0.8766778531250001
1 0.32619576562499997 0.8515100671875 0.351385521875 0.85318791875 0.3790925734375 0.837248321875 0.3803522703125 0.8296979859375 0.372796184375 0.8255033562499999 0.36146100312499996 0.8255033562499999 0.3413100390625 0.8338926171875001 0.32493606875 0.8364093953125 0.3161202828125 0.84395973125 0.32619576562499997 0.8515100671875
1 0.292192325 0.8271812078125 0.27581835312499997 0.819630871875 0.23425672656250002 0.8087248328125 0.22670063906250001 0.8112416109374999 0.21410576250000002 0.821308725 0.21662515781249997 0.8288590609375 0.2380358203125 0.8397650999999999 0.25314799374999997 0.8406040265625 0.26700256875 0.8489932890624999 0.2720392609375 0.8565436234374999 0.2858938359375 0.864093959375 0.29722901562500004 0.8741610734374999 0.31360298750000004 0.8766778531250001 0.321159075 0.8691275171875 0.321159075 0.8582214765625 0.3148605859375 0.8456375843749999 0.292192325 0.8271812078125
1 0.21032666875 0.8246644296874999 0.2292200359375 0.8087248328125 0.22796033750000003 0.8003355703125001 0.2178848546875 0.791946309375 0.2078093734375 0.791946309375 0.1876584078125 0.8112416109374999 0.1826196171875 0.823825503125 0.1876584078125 0.8296979859375 0.1989914890625 0.8288590609375 0.21032666875 0.8246644296874999
1 0.15113347187499998 0.7751677859375 0.1309825078125 0.7692953015625 0.1234264203125 0.77181208125 0.10705245000000001 0.7709731546875 0.10327545625000001 0.778523490625 0.12216672343749999 0.791946309375 0.137278896875 0.796979865625 0.14609468125 0.8028523484375001 0.1712844375 0.806208053125 0.1826196171875 0.805369128125 0.18387931562499998 0.79865771875 0.176323228125 0.7894295296875 0.15113347187499998 0.7751677859375
1 0.15113347187499998 0.77181208125 0.1662477453125 0.770134228125 0.1826196171875 0.77181208125 0.18387931562499998 0.7625838921875 0.16372835 0.7541946312500001 0.1523931703125 0.751677853125 0.11712793125000001 0.751677853125 0.1045330546875 0.756711409375 0.1045330546875 0.76761745 0.10831214687499999 0.7709731546875 0.1322422046875 0.7692953015625 0.15113347187499998 0.77181208125
1 0.46725461875 0.7843959734375 0.479849496875 0.7802013421875 0.48110919374999994 0.7709731546875 0.46347552500000005 0.7541946312500001 0.4521403453125 0.7491610734374999 0.43450877656250003 0.7491610734374999 0.4206542 0.7760067109375 0.42191389843750005 0.786073825 0.44080516562499994 0.7869127515625001 0.458438834375 0.783557046875 0.46725461875 0.7843959734375
1 0.536523296875 0.7776845640625 0.5604533546875 0.7709731546875 0.5856431109375 0.7575503359375 0.5856431109375 0.7491610734374999 0.583123715625 0.7474832218749999 0.557933959375 0.748322146875 0.5377829953125 0.7533557046875 0.5088162453125 0.7667785234375 0.49622136718750004 0.770134228125 0.4697740140625 0.7894295296875 0.4697740140625 0.79949664375 0.47229130937499997 0.801174496875 0.4823667921875 0.801174496875 0.5251881171874999 0.786073825 0.536523296875 0.7776845640625
1 0.5604533546875 0.79949664375 0.5944588953125 0.801174496875 0.605794075 0.7944630874999999 0.60957106875 0.7852349000000001 0.596978290625 0.774328859375 0.58816040625 0.7734899328125 0.5843834125 0.770134228125 0.5730482328125001 0.77181208125 0.56674974375 0.770134228125 0.5503778734375 0.7768456375 0.5377829953125 0.779362415625 0.5289672109375 0.786073825 0.5340060015625 0.7936241609375 0.540302390625 0.7961409390624999 0.5604533546875 0.79949664375
1 0.6234256453125 0.760906040625 0.6120904640625 0.7541946312500001 0.59571859375 0.7525167781250001 0.5919395 0.7558724828125001 0.5919395 0.765100671875 0.6070537734375 0.779362415625 0.6120904640625 0.7894295296875 0.6272047374999999 0.79026845625 0.6460960046875 0.79865771875 0.6675066671875001 0.79865771875 0.68136124375 0.7953020140625 0.69521371875 0.786073825 0.6649872718750001 0.7768456375 0.639797515625 0.77181208125 0.6322414296875001 0.7667785234375 0.6272047374999999 0.765939596875 0.6234256453125 0.760906040625
1 0.720403475 0.7508389265625001 0.68136124375 0.748322146875 0.663727575 0.7508389265625001 0.6599505812500001 0.7558724828125001 0.661208178125 0.765100671875 0.6675066671875001 0.7734899328125 0.6763224515624999 0.7802013421875 0.6851382375 0.7776845640625 0.6876576328125 0.786073825 0.690177028125 0.7869127515625001 0.7191437765625001 0.7827181203125 0.736775346875 0.7827181203125 0.7531493171875 0.7734899328125 0.7569263109375 0.7667785234375 0.7531493171875 0.7558724828125001 0.7355156484375 0.75 0.720403475 0.7508389265625001
1 0.7607054046874999 0.8112416109374999 0.7733002828125 0.8020134234375 0.7770772765625 0.7894295296875 0.7733002828125 0.7776845640625 0.7632247999999999 0.7768456375 0.7418141375 0.7818791953125 0.7317386546875 0.79026845625 0.732998353125 0.8028523484375001 0.743073834375 0.8104026843750001 0.7481105265625 0.8120805375 0.7607054046874999 0.8112416109374999
1 0.5289672109375 0.837248321875 0.522670821875 0.832214765625 0.505037153125 0.8305369125000001 0.479849496875 0.8364093953125 0.4748107046875 0.8422818796874999 0.47858979843749994 0.8540268453125 0.49370197187500003 0.8657718125 0.4949616703125 0.8716442953125 0.5088162453125 0.8758389265625001 0.5239305187500001 0.88842281875 0.540302390625 0.8892617453125 0.5654921468749999 0.8808724828125 0.5642324484375 0.8716442953125 0.536523296875 0.8607382546875 0.53148660625 0.8515100671875 0.5289672109375 0.837248321875
1 0.6536520921875 0.8984899328125 0.6435766093749999 0.8867449671875001 0.6347608250000001 0.8825503359375 0.6234256453125 0.885906040625 0.6158695578125 0.8934563765625001 0.6108307671875 0.903523490625 0.605794075 0.928691275 0.60957106875 0.9362416109374999 0.6171292562499999 0.9395973156249999 0.6486154 0.9395973156249999 0.657431184375 0.9320469796875 0.6536520921875 0.8984899328125
1 0.6889173296875 0.832214765625 0.6989928125 0.8229865765625 0.6977331140625 0.8154362421875 0.693954021875 0.8120805375 0.6801015453125 0.8104026843750001 0.6662469703125 0.8129194625 0.6435766093749999 0.8204697984375 0.6158695578125 0.83473154375 0.6032746796875 0.8607382546875 0.604534378125 0.8733221468749999 0.6120904640625 0.8791946312500001 0.62090625 0.8808724828125 0.6372802203125 0.8649328859375001 0.6448363078125 0.8598993281249999 0.6498750984375 0.8590604031250001 0.6536520921875 0.8515100671875 0.663727575 0.84395973125 0.6700260625000001 0.8456375843749999 0.6750627546875 0.8397650999999999 0.6889173296875 0.832214765625
1 0.6750627546875 0.8741610734374999 0.6561714875 0.8716442953125 0.647355703125 0.8741610734374999 0.6435766093749999 0.8800335578125 0.6498750984375 0.8867449671875001 0.6738030562499999 0.89261745 0.6964734171875 0.8942953015624999 0.7304789578124999 0.8917785234375 0.7392947421875 0.8875838921874999 0.7443335328125 0.8808724828125 0.7392947421875 0.8758389265625001 0.7279595609375 0.8741610734374999 0.6750627546875 0.8741610734374999
1 0.7733002828125 0.9135906046875 0.7531493171875 0.9001677859375 0.750629921875 0.895134228125 0.743073834375 0.8942953015624999 0.7355156484375 0.9001677859375 0.7279595609375 0.899328859375 0.7141049859375 0.9085570468749999 0.7090682953125 0.917785234375 0.715364684375 0.9228187921875 0.7191437765625001 0.9320469796875 0.729219259375 0.9395973156249999 0.7418141375 0.943791946875 0.7581860093749999 0.943791946875 0.7745599796875 0.9345637578125 0.7783369734375001 0.9228187921875 0.7733002828125 0.9135906046875
1 0.7997476359375 0.86157718125 0.7984879390625 0.8498322140625 0.7871527578124999 0.8305369125000001 0.772040584375 0.818791946875 0.7581860093749999 0.8145973156249999 0.74559113125 0.8179530203125 0.7178840796875 0.8364093953125 0.7128473875 0.8422818796874999 0.7065489 0.8582214765625 0.7065489 0.8666107375 0.7115876906249999 0.8716442953125 0.736775346875 0.8708053687499999 0.7418141375 0.8691275171875 0.785895159375 0.872483221875 0.7959706421875 0.8708053687499999 0.7997476359375 0.86157718125
1 0.8312337812499999 0.8909395968749999 0.8413092625 0.8850671140624999 0.8413092625 0.872483221875 0.8299740828125 0.864093959375 0.8161216078125 0.8632550328124999 0.8047864265625 0.8708053687499999 0.8035267296875 0.8825503359375 0.814861909375 0.8909395968749999 0.8312337812499999 0.8909395968749999
1 0.9156167328124999 0.8800335578125 0.90554125 0.8649328859375001 0.8967254656250001 0.85738255 0.88790968125 0.8557046984375001 0.857683234375 0.8716442953125 0.85264444375 0.8783557046875 0.853904140625 0.885906040625 0.85894293125 0.8909395968749999 0.8677587171875001 0.8917785234375 0.8904290765624999 0.899328859375 0.9068009484375 0.9093959734375 0.9093203437499999 0.9144295296875 0.918136128125 0.9194630874999999 0.9219152218750001 0.9244966437500001 0.9332504015625 0.9253355703125001 0.9659941453125 0.9093959734375 0.9634768484375 0.9018456374999999 0.9546589640625 0.9026845640625 0.9307310062499999 0.8909395968749999 0.9156167328124999 0.8800335578125
1 0.8765745015625 0.7760067109375 0.8639796234375 0.77265100625 0.8513847453125001 0.7734899328125 0.843828659375 0.7684563765625 0.818638903125 0.7776845640625 0.8123425140625 0.783557046875 0.8123425140625 0.7927852343749999 0.8173813046875 0.803691275 0.8161216078125 0.8221476515624999 0.8085634203125001 0.8296979859375 0.797228240625 0.8338926171875001 0.7959706421875 0.8397650999999999 0.7984879390625 0.8456375843749999 0.8085634203125001 0.8523489937500001 0.8312337812499999 0.8582214765625 0.85264444375 0.8598993281249999 0.8664990187500001 0.8565436234374999 0.875314803125 0.8565436234374999 0.8841305875 0.85318791875 0.8967254656250001 0.8447986578125001 0.900504559375 0.8364093953125 0.8866499843750001 0.8296979859375 0.8765745015625 0.8154362421875 0.875314803125 0.8003355703125001 0.879093896875 0.7802013421875 0.8765745015625 0.7760067109375
1 1 0.8602525406250001 0.9924435984375 0.8590604031250001 0.9811084187500001 0.8607382546875 0.9534013671875 0.8582214765625 0.9496222734374999 0.8632550328124999 0.9508819703125001 0.8691275171875 0.95969775625 0.875 0.9748120296874999 0.8766778531250001 0.9911839 0.881711409375 1 0.8827553890625 1 0.8602525406250001