1 0.565334 0.9302791593749999 0.565334 0.942231303125 0.569334 0.9501993984375 0.574666 0.952191421875 0.578666 0.9382472546875 0.577334 0.9282871359374999 0.570666 0.9223110640625001 0.565334 0.9302791593749999
1 0.12133400000000001 0.792829509375 0.105334 0.792829509375 0.096 0.7749012953125 0.08666599999999999 0.7788853421875 0.08666599999999999 0.8027896296874999 0.102666 0.8366540359375 0.105334 0.8545822515625 0.114666 0.8705184421875 0.12266600000000001 0.8705184421875 0.136 0.826693915625 0.136 0.8087657015625 0.12133400000000001 0.792829509375
1 0.165334 0.8306779640625 0.177334 0.8326699874999999 0.181334 0.8247018921875 0.178666 0.8067736765625 0.165334 0.8067736765625 0.162666 0.8127497484375 0.165334 0.8306779640625
1 0.34133399999999997 0.8306779640625 0.353334 0.828685940625 0.36 0.8167337968749999 0.35866600000000004 0.8067736765625 0.334666 0.8067736765625 0.33599999999999997 0.82270986875 0.34133399999999997 0.8306779640625
1 0.35066600000000003 0.7629491515625 0.34666600000000003 0.7669331984375 0.34666600000000003 0.77689331875 0.35066600000000003 0.792829509375 0.35866600000000004 0.80079760625 0.365334 0.792829509375 0.368 0.7729092703125 0.36266600000000004 0.7649411749999999 0.35066600000000003 0.7629491515625
1 0.508 0.71713060625 0.506666 0.733066796875 0.516 0.7490029875 0.525334 0.7490029875 0.533334 0.7410348921875001 0.534666 0.7290827484375 0.525334 0.71513858125 0.512 0.7131465578125 0.508 0.71713060625
1 0.508 0.908366896875 0.513334 0.9203190390625 0.525334 0.9223110640625001 0.532 0.9123509437499999 0.532 0.89043868125 0.508 0.8984067765624999 0.508 0.908366896875
1 0.3 0.9302791593749999 0.289334 0.9462153499999999 0.289334 0.9561754703125 0.293334 0.9621515421875 0.306666 0.948207375 0.309334 0.942231303125 0.308 0.9322711828125 0.3 0.9302791593749999
1 0.576 0.051792625 0.570666 0.0677288171875 0.572 0.0956171515625 0.578666 0.10956131875 0.589334 0.10956131875 0.597334 0.093625128125 0.596 0.0677288171875 0.588 0.05378465 0.576 0.051792625
1 0.596 0.370518446875 0.596 0.38247058906250003 0.601334 0.392430709375 0.612 0.3944227328125 0.6173339999999999 0.39043868593750003 0.62 0.380478565625 0.6173339999999999 0.364542375 0.604 0.36255035 0.596 0.370518446875
1 0.564586 0.3126699125 0.5676140000000001 0.3281669796875 0.572374 0.3359155140625 0.576694 0.3378476578125 0.580574 0.3313945375 0.578854 0.32237055 0.573666 0.31462201562500003 0.564586 0.3126699125
1 0.6026659999999999 0.55577666875 0.604 0.5657367890625 0.6066659999999999 0.5697208359375 0.616 0.5697208359375 0.6186659999999999 0.563744765625 0.6173339999999999 0.549800596875 0.6066659999999999 0.5438245265625 0.6026659999999999 0.55577666875
1 0.574666 0.681274175 0.576 0.699202390625 0.578666 0.7031864375 0.586666 0.7011944140625 0.589334 0.6932263187500001 0.588 0.681274175 0.577334 0.677290128125 0.574666 0.681274175
1 0.630666 0.7250987015625 0.6226659999999999 0.711154534375 0.605334 0.6972103671875 0.596 0.7071704859375 0.592 0.7191226296875 0.592 0.73904286875 0.597334 0.7509970078125 0.6146659999999999 0.7569730796874999 0.625334 0.7490029875 0.630666 0.7370508453125 0.630666 0.7250987015625
1 0.7 0.1752981078125 0.697334 0.189242275 0.7 0.20916251406250003 0.709334 0.2191226328125 0.7173339999999999 0.2191226328125 0.718666 0.20916251406250003 0.7133339999999999 0.1872502515625 0.705334 0.173306084375 0.7 0.1752981078125
1 0.68428 0.2662545578125 0.688174 0.2572305703125 0.680386 0.2559371515625 0.674774 0.265617828125 0.67736 0.2733663625 0.68428 0.2662545578125
1 0.6599999999999999 0.38645463750000003 0.662666 0.4701196421875 0.6719999999999999 0.4701196421875 0.698666 0.44422333125 0.701334 0.4302791640625 0.686666 0.3844626140625 0.666666 0.3764945171875 0.6599999999999999 0.38645463750000003
1 0.7173339999999999 0.3884466609375 0.726666 0.39641475625 0.736 0.39043868593750003 0.7373339999999999 0.3844626140625 0.7333339999999999 0.3725104703125 0.726666 0.368526421875 0.7173339999999999 0.370518446875 0.7173339999999999 0.3884466609375
1 0.7453339999999999 0.4302791640625 0.753334 0.43824725937500003 0.7746660000000001 0.4342632109375 0.773334 0.42430309218750006 0.76 0.42031904375 0.746666 0.40836690000000003 0.738666 0.4123509484375 0.7453339999999999 0.4302791640625
1 0.7253339999999999 0.517928215625 0.718666 0.5019920234375 0.708 0.5019920234375 0.708 0.50996011875 0.7133339999999999 0.517928215625 0.7253339999999999 0.517928215625
1 0.7133339999999999 0.595617146875 0.708 0.585657028125 0.696 0.5816729796875 0.688 0.5876490515625 0.686666 0.6055772671875 0.690666 0.6155373859375 0.690666 0.629481553125 0.705334 0.62549750625 0.712 0.6135453625 0.7133339999999999 0.595617146875
1 0.628 0.758965103125 0.6226659999999999 0.7908374859375 0.628 0.7968135578125 0.657334 0.7968135578125 0.665334 0.7888454625 0.666666 0.7729092703125 0.662666 0.7629491515625 0.6519999999999999 0.75298903125 0.633334 0.7509970078125 0.628 0.758965103125
1 0.697334 0.8525902265624999 0.705334 0.856574275 0.7133339999999999 0.8486061796875 0.7173339999999999 0.8366540359375 0.718666 0.8087657015625 0.706666 0.7788853421875 0.682666 0.7709172468750001 0.674666 0.7788853421875 0.669334 0.794821534375 0.661334 0.79880558125 0.662666 0.8127497484375 0.6759999999999999 0.8346620124999999 0.685334 0.8585662984375 0.693334 0.8605583234375 0.697334 0.8525902265624999
1 0.7182219953125 1 0.722666 0.9960159484375 0.722666 0.9820717812499999 0.716 0.9701196375000001 0.702666 0.9681276140625 0.696 0.9760957093749999 0.696 0.9880478531250001 0.702666 0.9999999953125001 0.7026660265625 1 0.7182219953125 1
1 0.796 0.952191421875 0.788 0.9462153499999999 0.7746660000000001 0.952191421875 0.768 0.9641435656249999 0.7706660000000001 0.98007975625 0.7826660000000001 0.9999999953125001 0.790666 0.9999999953125001 0.805334 0.9820717812499999 0.8039999999999999 0.9661355890625 0.796 0.952191421875
1 0.9 0.902390825 0.894666 0.8984067765624999 0.884 0.9003988015625 0.885334 0.9123509437499999 0.9 0.9123509437499999 0.9 0.902390825
1 0.861334 0.840638084375 0.861334 0.826693915625 0.858666 0.82270986875 0.849334 0.828685940625 0.850666 0.856574275 0.861334 0.872510465625 0.8720000000000001 0.872510465625 0.8893340000000001 0.856574275 0.8880000000000001 0.8486061796875 0.877334 0.8505982031249999 0.865334 0.8466141546875001 0.861334 0.840638084375
1 0.810014 0.694461853125 0.82168 0.70543794375 0.8286 0.7105976453125 0.83292 0.7028491109375 0.83292 0.6880087328125 0.8286 0.6731663578125 0.8147740000000001 0.665417825 0.8087199999999999 0.678326059375 0.810014 0.694461853125
1 0.844 0.6792821515624999 0.8626659999999999 0.681274175 0.8626659999999999 0.6733060796875 0.858666 0.6673300078125 0.850666 0.6633459609375 0.841334 0.6633459609375 0.8400000000000001 0.6673300078125 0.844 0.6792821515624999
1 0.886666 0.7649411749999999 0.8800000000000001 0.75498105625 0.877334 0.7569730796874999 0.874666 0.77689331875 0.866666 0.80079760625 0.866666 0.810757725 0.8706659999999999 0.8127497484375 0.886666 0.8087657015625 0.8906660000000001 0.8027896296874999 0.886666 0.7649411749999999
1 0.8107200000000001 0.3279873390625 0.813706 0.32185358124999996 0.8144539999999999 0.312370509375 0.81408 0.299542115625 0.811466 0.2889432703125 0.80212 0.2733264421875 0.795774 0.26382540625 0.78532 0.2599211984375 0.771506 0.26159386093750003 0.7584259999999999 0.2649411796875 0.751706 0.2755579875 0.7487199999999999 0.290617928125 0.74648 0.3106978484375 0.7479739999999999 0.3279873390625 0.75432 0.33523886406250003 0.765906 0.3464145578125 0.772626 0.3492029921875 0.78084 0.3531071984375 0.78532 0.3514345375 0.7924140000000001 0.3497618765625 0.796894 0.345298784375 0.7995059999999999 0.33916303124999997 0.8032400000000001 0.33412309218749997 0.8107200000000001 0.3279873390625
1 0.83872 0.2041225734375 0.8357340000000001 0.1929688359375 0.8320000000000001 0.18627419843749998 0.817066 0.18069733125 0.8036139999999999 0.1846015375 0.796146 0.18794885625 0.7883060000000001 0.1951983859375 0.784574 0.20691300468749999 0.78308 0.22143402031249998 0.7842 0.2331466421875 0.78868 0.24653392031250002 0.79764 0.26159386093750003 0.811094 0.26382540625 0.820426 0.26159386093750003 0.826026 0.2560149953125 0.8320000000000001 0.245418146875 0.836106 0.23426241406249998 0.839466 0.2197613578125 0.83872 0.2041225734375
1 0.8320000000000001 0.0039840515625 0.821334 0.0298803625 0.821334 0.0398404828125 0.8320000000000001 0.04183250625 0.844 0.0338644109375 0.849334 0.0258963140625 0.845334 0.0039840515625 0.8320000000000001 0.0039840515625
1 0.866666 0.0019920281250000002 0.858666 0.0039840515625 0.86 0.023904290624999998 0.865334 0.0338644109375 0.8706659999999999 0.0378484578125 0.8800000000000001 0.035856434375 0.8880000000000001 0.0278883390625 0.886666 0.01992024375 0.878666 0.0099601234375 0.866666 0.0019920281250000002
1 0.874666 0.0378484578125 0.8720000000000001 0.047808578125 0.8800000000000001 0.06374476875 0.886666 0.069720840625 0.901334 0.0657367921875 0.902666 0.049800601562500005 0.8973340000000001 0.0338644109375 0.884 0.0318723859375 0.874666 0.0378484578125
1 0.992 0.01792821875 0.9773339999999999 0.015936195312500002 0.9480000000000001 0.0278883390625 0.942666 0.0398404828125 0.949334 0.05378465 0.9640000000000001 0.0677288171875 0.9773339999999999 0.069720840625 0.992 0.035856434375 0.992 0.01792821875
1 1 0.1713130640625 0.997334 0.16733001249999999 0.9933339999999999 0.1693220359375 0.989334 0.17729013124999998 0.990666 0.1972103703125 1 0.20592500781249998 1 0.1713130640625
1 0.96 0.55577666875 0.949334 0.563744765625 0.9480000000000001 0.573704884375 0.9533340000000001 0.5936251234375 0.957334 0.5936251234375 0.9693339999999999 0.5756969078124999 0.9693339999999999 0.55776869375 0.96 0.55577666875
3 0.842666 0.370518446875 0.841334 0.380478565625 0.844 0.38645463750000003 0.852 0.39043868593750003 0.861334 0.39043868593750003 0.8640000000000001 0.38645463750000003 0.8626659999999999 0.370518446875 0.858666 0.364542375 0.842666 0.370518446875
1 0.35866600000000004 0.3505982078125 0.321334 0.3505982078125 0.316 0.35856630312500004 0.316 0.368526421875 0.329334 0.40637487656250004 0.342666 0.4302791640625 0.353334 0.4282871390625 0.35866600000000004 0.414342971875 0.36266600000000004 0.37450249375 0.35866600000000004 0.3505982078125
1 0.461334 0 0.461334 0.0019920281250000002 0.450666 0.0338644109375 0.43200000000000005 0.0677288171875 0.429334 0.0836650078125 0.43200000000000005 0.093625128125 0.446666 0.093625128125 0.46399999999999997 0.0836650078125 0.492 0.04183250625 0.496 0.013944171875 0.4926056359375 0 0.461334 0
1 0.5192140000000001 0.052549115625 0.516706 0.021295498437499998 0.5125200000000001 0.0042036140625000004 0.509174 0.0029680796875 0.506386 0.013387282812500002 0.505546 0.06880466874999999 0.507226 0.0942438921875 0.51112 0.11131382031249999 0.516706 0.11840566562499999 0.518374 0.1109166140625 0.519494 0.07882466875000001 0.5192140000000001 0.052549115625
1 0.517266 0 0.517266 0.00338724375 0.517826 0.010876295312500001 0.518374 0.0246408203125 0.519494 0.04006004375 0.520614 0.062569115625 0.519494 0.087569215625 0.519774 0.10673296406249999 0.5175460000000001 0.11382480937499999 0.5248 0.1192439921875 0.530934 0.11508030312499999 0.5354 0.0963137609375 0.537346 0.0725691546875 0.539026 0.0450600640625 0.5365059999999999 0.0179681390625 0.528426 0.000039924999999999995 0.52827279375 0 0.517266 0
1 0 0.137449653125 0.012 0.137449653125 0.02 0.12350548593749999 0.02 0.10956131875 0.016 0.103585246875 0 0.10059730468750001 0 0.137449653125
1 0.177926 0 0.177334 0.0079681 0.181334 0.0278883390625 0.196 0.04183250625 0.20800000000000002 0.04183250625 0.217334 0.035856434375 0.22799999999999998 0.0099601234375 0.22799999999999998 0 0.177926 0
1 0.248 0.069720840625 0.242666 0.051792625 0.233334 0.0378484578125 0.217334 0.0338644109375 0.20666600000000002 0.0438245296875 0.202666 0.05378465 0.202666 0.0836650078125 0.21200000000000002 0.10159322343749999 0.225334 0.10956131875 0.233334 0.1075692953125 0.245334 0.0896410796875 0.248 0.069720840625
1 0.526666 0.235058825 0.52 0.235058825 0.506666 0.24701096875 0.506666 0.28685344218750003 0.5093340000000001 0.2968135625 0.517334 0.30278963281250004 0.532 0.30278963281250004 0.542666 0.29083749062500003 0.545334 0.24701096875 0.526666 0.235058825
1 0.368 0.2330668015625 0.366666 0.24501894375000002 0.369334 0.2529890359375 0.376 0.26095713125 0.384 0.26095713125 0.386666 0.256973084375 0.386666 0.239042871875 0.381334 0.2310747765625 0.368 0.2330668015625
3 0.078666 0.30677368125000004 0.08666599999999999 0.3087657046875 0.088 0.28685344218750003 0.085334 0.28286939375000003 0.073334 0.28486141875 0.073334 0.2988055859375 0.078666 0.30677368125000004
1 0 0.436255234375 0.001334 0.436255234375 0.010666 0.4302791640625 0.021334 0.4123509484375 0.028000000000000004 0.38247058906250003 0.025334000000000002 0.346614159375 0.017334 0.3366540390625 0.009334 0.33466201562500003 0 0.3393104046875 0 0.436255234375
1 0.1 0.392430709375 0.113334 0.39641475625 0.12266600000000001 0.38247058906250003 0.124 0.370518446875 0.105334 0.3665343984375 0.1 0.37450249375 0.1 0.392430709375
1 0.48666600000000004 0.49601595156249995 0.47466600000000003 0.49601595156249995 0.476 0.5079680953125 0.48266600000000004 0.5239042875 0.49066599999999994 0.5278883343749999 0.5 0.5199202390625 0.502666 0.5079680953125 0.5 0.49601595156249995 0.48933400000000005 0.5 0.48666600000000004 0.49601595156249995
1 0.398666 0.71713060625 0.414666 0.71713060625 0.43200000000000005 0.7071704859375 0.441334 0.6912342953125 0.446666 0.66932203125 0.446666 0.641433696875 0.441334 0.6155373859375 0.434666 0.60358524375 0.42400000000000004 0.6055772671875 0.40266599999999997 0.619521434375 0.385334 0.643425721875 0.377334 0.665337984375 0.376 0.6852582234375 0.377334 0.6932263187500001 0.388 0.709162509375 0.398666 0.71713060625
1 0.33999999999999997 0.6573698890624999 0.356 0.643425721875 0.36 0.635457625 0.35866600000000004 0.629481553125 0.342666 0.6334656015625 0.305334 0.665337984375 0.296 0.6673300078125 0.292 0.6733060796875 0.292 0.6852582234375 0.302666 0.6872502468749999 0.32799999999999996 0.6633459609375 0.33999999999999997 0.6573698890624999
1 0.306666 0.63744965 0.306666 0.62549750625 0.296 0.5976091718750001 0.26666599999999996 0.60358524375 0.27066599999999996 0.629481553125 0.26 0.66932203125 0.26 0.6952183421875 0.264 0.699202390625 0.27466599999999997 0.6952183421875 0.292 0.66932203125 0.306666 0.63744965
1 0.185334 0.6494017921874999 0.17333400000000002 0.6454177453125001 0.166666 0.6593619125 0.161334 0.7071704859375 0.17333400000000002 0.7290827484375 0.188 0.7350588203124999 0.192 0.733066796875 0.198666 0.709162509375 0.2 0.6852582234375 0.185334 0.6494017921874999
3 0.10400000000000001 0.71513858125 0.11599999999999999 0.6235054828125 0.114666 0.6115533390625 0.105334 0.6175294109375 0.097334 0.63744965 0.072 0.6792821515624999 0.068 0.6912342953125 0.068 0.7051784624999999 0.073334 0.7131465578125 0.08133399999999999 0.71713060625 0.10400000000000001 0.71513858125
1 0.094666 0.573704884375 0.1 0.585657028125 0.11599999999999999 0.5996011953125 0.12 0.5896410750000001 0.11866600000000001 0.55776869375 0.11599999999999999 0.5537846453124999 0.1 0.55776869375 0.094666 0.573704884375
1 0.094666 0.4780877375 0.096 0.4621515453125 0.08399999999999999 0.460159521875 0.08133399999999999 0.4681276171875 0.08266599999999999 0.4760957125 0.094666 0.4780877375
1 0.017334 0.5756969078124999 0.014666000000000002 0.5836650046875 0.016 0.607569290625 0.030666 0.6135453625 0.038666 0.6095613140625 0.042665999999999996 0.5976091718750001 0.041333999999999996 0.585657028125 0.032 0.5756969078124999 0.017334 0.5756969078124999
1 0.057333999999999996 0.918327015625 0.065334 0.91434296875 0.06933399999999999 0.906374871875 0.068 0.896414753125 0.050666 0.8864546328125 0.050666 0.9103589203125001 0.057333999999999996 0.918327015625
1 0.028000000000000004 0.11553739062499999 0.016 0.14143370156249999 0.014666000000000002 0.159361915625 0.022666 0.1653379875 0.036 0.1653379875 0.038666 0.1573698921875 0.04 0.12151346249999999 0.038666 0.11553739062499999 0.028000000000000004 0.11553739062499999
1 0.849334 0.12151346249999999 0.842666 0.10159322343749999 0.8320000000000001 0.08565703125 0.813334 0.0796809609375 0.801334 0.08167298437500001 0.784 0.10159322343749999 0.78 0.11752941406249999 0.781334 0.13147358125 0.792 0.15139382031249998 0.805334 0.1653379875 0.8320000000000001 0.1693220359375 0.8480000000000001 0.15537786874999998 0.852 0.14143370156249999 0.849334 0.12151346249999999
2 0.31962728125 0 0.3 0.045816553125 0.297334 0.06374476875 0.3 0.07768893593750001 0.344 0.0896410796875 0.36 0.0896410796875 0.365334 0.08565703125 0.38 0.035856434375 0.3849655171875 0 0.31962728125 0
0 0.095000503125 0 0.093334 0.0019920281250000002 0.093334 0.0278883390625 0.110666 0.069720840625 0.11733400000000001 0.0737048890625 0.12266600000000001 0.069720840625 0.133334 0.045816553125 0.136 0.015936195312500002 0.133334 0.005976075 0.1283329953125 0 0.095000503125 0
0 0.6719999999999999 0.0099601234375 0.654666 0.0099601234375 0.641334 0.023904290624999998 0.64 0.045816553125 0.654666 0.0796809609375 0.6639999999999999 0.08565703125 0.6799999999999999 0.051792625 0.681334 0.0258963140625 0.678666 0.015936195312500002 0.6719999999999999 0.0099601234375
1 0.506666 0.5219122625 0.49866599999999994 0.5239042875 0.49866599999999994 0.551792621875 0.506666 0.5756969078124999 0.516 0.57968095625 0.525334 0.5776889328125 0.536 0.5657367890625 0.54 0.5537846453124999 0.537334 0.5418325015625001 0.506666 0.5219122625
1 0.450666 0.41633499531249996 0.44800000000000006 0.39840678125 0.430666 0.3944227328125 0.42000000000000004 0.40039880468750005 0.41200000000000003 0.410358925 0.41200000000000003 0.4282871390625 0.422666 0.44223130624999996 0.438666 0.44223130624999996 0.446666 0.436255234375 0.450666 0.41633499531249996
1 0.48133400000000004 0.26095713125 0.442666 0.256973084375 0.44000000000000006 0.26095713125 0.44000000000000006 0.2749012984375 0.454666 0.3147417765625 0.46799999999999997 0.312749753125 0.47866600000000004 0.2988055859375 0.48666600000000004 0.278885346875 0.48533400000000004 0.2649411796875 0.48133400000000004 0.26095713125
1 0.437334 0.12151346249999999 0.429334 0.12151346249999999 0.413334 0.13147358125 0.40800000000000003 0.143425725 0.40933400000000003 0.15139382031249998 0.417334 0.1653379875 0.433334 0.18127417968749998 0.44400000000000006 0.1752981078125 0.45599999999999996 0.143425725 0.450666 0.13147358125 0.437334 0.12151346249999999
4 1 0.5098430671874999 0.9665739999999999 0.5110559328125001 0.92552 0.567868534375 1 0.6257007890625 1 0.5098430671874999
4 0.7524 0.36519906406249997 0.699666 0.161992665625 0.608066 0.313366521875 0.7524 0.36519906406249997
4 0.8746529593749999 1 0.8842399999999999 0.989303346875 0.7093740000000001 0.858686059375 0.745813803125 1 0.8746529593749999 1
1 0.8973340000000001 0 0.8973340000000001 0.0099601234375 0.901334 0.0258963140625 0.9213340000000001 0.04183250625 0.9373340000000001 0.0398404828125 0.942666 0.013944171875 0.9397949234375 0 0.8973340000000001 0
1 0.454666 0.7031864375 0.433334 0.7191226296875 0.43200000000000005 0.7310747734375 0.43600000000000005 0.73904286875 0.449334 0.7509970078125 0.45999999999999996 0.75298903125 0.47333400000000003 0.7370508453125 0.47733400000000004 0.71513858125 0.47333400000000003 0.7071704859375 0.454666 0.7031864375
1 0.27866599999999997 0.8605583234375 0.26666599999999996 0.826693915625 0.253334 0.826693915625 0.24 0.8486061796875 0.23466599999999999 0.8685264187499999 0.236 0.8784865375 0.256 0.8864546328125 0.268 0.896414753125 0.27599999999999997 0.896414753125 0.28133400000000003 0.884462609375 0.27866599999999997 0.8605583234375