4 1 0.3521417421875 0.5599173265624999 0.129000325 0.5227108015625 0.5616284703125001 1 0.38988817343750004 1 0.3521417421875
4 0.557254025 0.33634204375 0.533343034375 0.34431793593750004 0.5280227234375 0.35228963125 0.5971154624999999 0.45795446406250007 0.6794932484375 0.368241415625 0.626344665625 0.324380303125 0.557254025 0.33634204375
4 0.732121753125 0.3386055859375 0.7675583359375 0.34608639375 0.7376559671875 0.33777904687500004 0.7753112671875 0.3444228265625 0.8185091703125 0.33029614218750003 0.8528426859374999 0.3369462140625 0.8738911515625001 0.349407234375 0.8849658703125 0.349407234375 0.7897161609375 0.233901553125 0.76423655 0.2430438296875 0.7454088984375 0.2513532734375 0.7354435390625 0.272960765625 0.7332248203125 0.307029278125 0.732121753125 0.3386055859375
0 0.126214490625 0.6945879703125 0.1324554234375 0.708116778125 0.1386963546875 0.711758584375 0.1470175984375 0.714359875 0.1622739078125 0.7154003906249999 0.17683817968749999 0.7122788421874999 0.192094490625 0.6977116171875 0.1962551125 0.6888651328125001 0.1962551125 0.6836625515625 0.1941748015625 0.6795004875 0.1733695984375 0.6685750671874999 0.16296804375 0.6649332609374999 0.1546468015625 0.6664940359375 0.1331474625 0.67585868125 0.126214490625 0.685743584375 0.126214490625 0.6945879703125
0 0.16296804375 0.9183136234375 0.16435421875 0.9271601078125 0.1692089765625 0.9354842375000001 0.17683817968749999 0.9401665593749999 0.1886259078125 0.9422475921875 0.2059646265625 0.9422475921875 0.2115114234375 0.9412070765625 0.2212209375 0.9349639796875 0.22815600625000002 0.9271601078125 0.23509107343750002 0.9136312999999999 0.23509107343750002 0.9105097515624999 0.2295421796875 0.9042666562499999 0.2059646265625 0.8907378484375 0.1983354234375 0.8902175906249999 0.1914003546875 0.8917783640625 0.17614404374999998 0.8985438171875 0.167128665625 0.9053071718749999 0.16435421875 0.9105097515624999 0.16296804375 0.9183136234375
5 0 0.049532134374999995 0.0013874625 0.05098888593749999 0.00901456875 0.05098888593749999 0.013869326562500001 0.0473470796875 0.013175190625 0.042664757812499995 0.00901456875 0.039020853125 0.0013874625 0.0400634671875 0 0.041728328125000005 0 0.049532134374999995
5 0.1470175984375 0.08532801718750001 0.14493728749999998 0.088449565625 0.14355111250000002 0.09677369375 0.1470175984375 0.10041549999999999 0.155338840625 0.0978142109375 0.1622739078125 0.0978142109375 0.167128665625 0.0952129203125 0.16851693750000002 0.0889698234375 0.16435421875 0.0848077578125 0.1518723546875 0.0842875 0.1470175984375 0.08532801718750001
5 0.3883504140625 0.025494143749999996 0.3814153453125 0.030176465625 0.38210738437499997 0.036939820312499996 0.38418769531249997 0.039020853125 0.3904307234375 0.0400634671875 0.39667165625 0.038500595312500004 0.40221845156249997 0.0312169828125 0.40221845156249997 0.027575176562499998 0.4001381421875 0.02393336875 0.3945913453125 0.023413110937500002 0.3883504140625 0.025494143749999996
5 0.9229021453125 0 0.9271844328125001 0.0036412078124999996 0.9341195000000001 0.006242496875 0.9368939468749999 0.001560175 0.9371537546875001 0 0.9229021453125 0
4 1 0.7232664078125 0.7013931312499999 0.556148978125 0.6438280828125 0.8897392875 1 0.782352334375 1 0.7232664078125
2 0.8460481546875 1 0.8474342968749999 0.9812690453125 0.8425795390624999 0.9609789796875001 0.834258296875 0.9469299140625 0.815533403125 0.9323626890625001 0.796116471875 0.9229959453125 0.7739250921874999 0.9172731078125 0.756588471875 0.9162325906250001 0.73508913125 0.9167528484374999 0.723301403125 0.9193541390625001 0.7177525109375 0.9177933656249999 0.6934808203125 0.91883388125 0.665742646875 0.9110300109375 0.6567272671875 0.9068679453125 0.651178375 0.9063476874999999 0.6435512671875 0.9032261390625 0.62621255 0.9011451078125001 0.6151168593749999 0.9011451078125001 0.598474375 0.9032261390625 0.5728165109375001 0.9110300109375 0.562412859375 0.9167528484374999 0.5402214812499999 0.9339234624999999 0.5332864140625 0.9422475921875 0.5249651703125 0.9609789796875001 0.5228848593750001 0.9719044 0.524271034375 0.9927168203125 0.52728473125 1 0.8460481546875 1
2 1 0.5169354671875 0.99375856875 0.5218518046875 0.9840490546874999 0.52601386875 0.9563108796875 0.5353806125 0.9486816749999999 0.5359008703125 0.9403604328125 0.534860353125 0.9348136359374999 0.53746164375 0.919555228125 0.53902241875 0.8980579859375 0.547346546875 0.8814154999999999 0.5613935156250001 0.8758666078124999 0.5681589671875 0.872400121875 0.576483096875 0.8703198109375 0.5884490328124999 0.87101185 0.6056196468749999 0.8730921609375001 0.6134235171875 0.8821075390625 0.6285110015625001 0.8883484718749999 0.635276453125 0.9015265687499999 0.6446410984375001 0.918863190625 0.6524449703124999 0.9431348796875 0.65764755 0.9694868796874999 0.656607034375 0.9771160828125 0.6550462593749999 0.9861293640625 0.651404453125 0.9951447437500001 0.64516135625 1 0.6387043484375 1 0.5169354671875
2 0.61303655 0.446930446875 0.611650375 0.4552545765625 0.6144248203125 0.4682631265625 0.6185854421875 0.47502648125 0.6248263749999999 0.479708803125 0.6269066859375 0.48335060937499996 0.6352279281250001 0.48855319062499997 0.664354375 0.4979178359375 0.6761442 0.500000965625 0.7018020640625 0.4994807078125 0.7135918890624999 0.49687731875 0.723301403125 0.4916747390625 0.7323167828125 0.48387086718749994 0.74687895625 0.4765872546875 0.75242785 0.47502648125 0.7552002 0.47138467500000003 0.7593629187500001 0.4698239 0.7621352671875 0.46461922187500004 0.7697644718750001 0.4599368984375 0.787795228125 0.455774834375 0.796116471875 0.458376125 0.8044377140625001 0.457335609375 0.810678646875 0.45473431875000003 0.8190019859375001 0.45473431875000003 0.8266290921874999 0.45317354375 0.8377247828125001 0.448491221875 0.8495146078125 0.44588993125 0.87656074375 0.434444253125 0.8918170546875 0.424557253125 0.900138296875 0.40946976875 0.9015265687499999 0.4037469296875 0.9008324328124999 0.387096575 0.8925111906250001 0.37252934843749996 0.882801675 0.362642346875 0.8751724718749999 0.360561315625 0.8682394999999999 0.35431821874999997 0.8578358500000001 0.3491156375 0.848820471875 0.3413117671875 0.8349524328125 0.33662944375000003 0.8203881609374999 0.335588928125 0.8099866078125 0.33662944375000003 0.803745675 0.339230734375 0.7940361609375 0.3397509921875 0.7794739859375001 0.34703460625 0.7690703359375 0.35431821874999997 0.7517337140625 0.3621220890625 0.7413321609375 0.36992805781250004 0.7288482000000001 0.3751306390625 0.7135918890624999 0.379292703125 0.7080450921875 0.38241425156250003 0.677530375 0.38449528437499997 0.665742646875 0.387096575 0.6532586859375 0.391778896875 0.6366162 0.40114564062499997 0.6185854421875 0.41727364062500005 0.6123445109375 0.43652528593750006 0.61303655 0.446930446875
2 0 0.847294309375 0.0006933265625 0.8475543312499999 0.01941821875 0.8480745890625 0.031205946875 0.8459935562500001 0.039529287499999996 0.8392302015625001 0.0436899078125 0.8329871046875 0.0540914625 0.804891071875 0.0755887046875 0.7601446828125 0.0804434625 0.7450571984375001 0.0887647046875 0.729969715625 0.0901529765625 0.7211232296875 0.08945884062500001 0.714359875 0.08668439375 0.7075965203125001 0.077669015625 0.695630584375 0.061720665625000004 0.6659737765625 0.0520111515625 0.6550462593749999 0.046462257812500005 0.6446410984375001 0.03536656875 0.6300738734375 0.031205946875 0.620186871875 0.024965015625 0.6108222265625 0.0159496359375 0.6024980984375 0.0006933265625 0.598856290625 0 0.5989737468749999 0 0.847294309375
2 0.22884804375 0.6144640328125 0.24133200625 0.6207071296875 0.2510394234375 0.6212273875000001 0.25728245156249996 0.620186871875 0.2669898703125 0.616545065625 0.27253876250000003 0.6108222265625 0.2787796953125 0.607700678125 0.2864068015625 0.6087411953124999 0.29473014218750004 0.6071804203125 0.3009710734375 0.6004170656250001 0.3009710734375 0.5889692906249999 0.297502490625 0.5785641296875 0.29473014218750004 0.5509883531249999 0.289875384375 0.5353806125 0.2871009375 0.516128965625 0.282940315625 0.50260225625 0.27669938437499997 0.4677428671875 0.2732308015625 0.45629509218750003 0.27184462656249997 0.4438088984375 0.26629783125 0.424557253125 0.2510394234375 0.40062538124999997 0.2406378703125 0.3902181234375 0.225381559375 0.36992805781250004 0.2059646265625 0.35067641250000003 0.18723973437500002 0.32622218593749996 0.1747578703125 0.315296765625 0.155338840625 0.29240331249999996 0.14493728749999998 0.28303866875 0.1414708015625 0.2773158296875 0.1331474625 0.2700322171875 0.1255203546875 0.267428828125 0.1178911515625 0.2663883125 0.11026404375000001 0.2679490859375 0.0811375984375 0.2778360875 0.0714280828125 0.284079184375 0.06934777187499999 0.28876150625 0.0679615984375 0.3007274421875 0.06934777187499999 0.311654959375 0.06657332656250001 0.332985540625 0.06449301562500001 0.42403699531249994 0.061720665625000004 0.45317354375 0.0624127046875 0.4755467390625 0.0672674625 0.48387086718749994 0.0797493265625 0.4916747390625 0.08599235468750001 0.5046832875 0.08945884062500001 0.5072845781249999 0.0929274234375 0.5078048359375 0.0963939078125 0.51144664375 0.1033289765625 0.5145681921875 0.10610342343750001 0.5145681921875 0.10818373437499999 0.5192505140625 0.1178911515625 0.5228923203125 0.1192794234375 0.52601386875 0.12482621875 0.5291354171875 0.127600665625 0.5332995796875 0.14355111250000002 0.5447452562499999 0.146325559375 0.5494275796875 0.1532585296875 0.55515041875 0.1588074234375 0.55723145 0.18099880156249998 0.5718007734375 0.1830791125 0.5775236125000001 0.1969492484375 0.587408515625 0.2059646265625 0.5957326453125 0.21775235468749998 0.60301835625 0.21983266562499998 0.6066601625 0.225381559375 0.61030196875 0.22884804375 0.6144640328125
1 0 0.1190857296875 0.0110948796875 0.11810637187499999 0.0173379078125 0.1139443078125 0.02080439375 0.1056201796875 0.0263532875 0.0728418234375 0.0263532875 0.0598332734375 0.0242708796875 0.056711725000000004 0.016643771874999998 0.0535901765625 0.0097087046875 0.0525496609375 0 0.053724470312499994 0 0.1190857296875
1 0.3504371703125 0.1815191171875 0.34549223906250004 0.185691671875 0.3448756953125 0.1958954421875 0.36341185 0.20145675000000002 0.37824455 0.2093382390625 0.38875095625 0.21583307343749997 0.3986408203125 0.2037769328125 0.40110909218749996 0.19311164218750002 0.38936959843749996 0.18059398124999998 0.380721209375 0.1773465640625 0.36402839375 0.176882946875 0.3504371703125 0.1815191171875
1 1 0.8960362703125 0.9916782578125 0.888656815625 0.9743416359375001 0.8829339765625001 0.951456121875 0.88241371875 0.94105456875 0.8834542359374999 0.9264902968750001 0.8881365578124999 0.9230238109375 0.8907378484375 0.9202493640625 0.8980235593750001 0.9216376359374999 0.9047869140625 0.925104121875 0.90998949375 0.9334253640625001 0.9172731078125 0.9486816749999999 0.9271601078125 0.963245946875 0.9339234624999999 0.99237239375 0.944328625 0.9986133265625 0.945369140625 1 0.94528244375 1 0.8960362703125
1 0.8932032281250001 0.49896045000000006 0.88973674375 0.503642771875 0.8890426078125 0.5130074171875 0.8904308796875 0.51873025625 0.89736385 0.5239328359375001 0.9036068796875 0.524973353125 0.93065091875 0.5234125781250001 0.950069946875 0.519770771875 0.9625518109375 0.5140479328125 0.9708730546875 0.5062440625 0.9854373265625 0.497397578125 0.9882117718749999 0.49063422343749996 0.9875176359375001 0.48751267499999995 0.9785022578125 0.48074931875000004 0.9563108796875 0.47606699687500004 0.9348136359374999 0.47762777031250003 0.919555228125 0.48126957812500004 0.9140084328125001 0.48543164218749996 0.9049930546875 0.4890734484375 0.8932032281250001 0.49896045000000006
1 1 0.26456722187500004 0.99375856875 0.2669085703125 0.9895979468749999 0.270552475 0.9854373265625 0.2793968609375 0.9868235000000001 0.2861602171875 0.99237239375 0.29240331249999996 0.9999995 0.295004603125 1 0.295004603125 1 0.26456722187500004
1 1 0.24018000625 0.9951447437500001 0.23152892343749998 0.9895979468749999 0.22788711718750002 0.9819687437500001 0.2252858265625 0.9681007046874999 0.21488066562500002 0.9590853265625 0.20447550468750003 0.9493758109374999 0.19875056875 0.943829015625 0.19771005156250002 0.9271844328125001 0.198230309375 0.9112339859375 0.20239237499999999 0.90429891875 0.2055160203125 0.8987521218750001 0.212799634375 0.8987521218750001 0.22060350468749998 0.9049930546875 0.23413021406249998 0.911928121875 0.23933489218749998 0.9264902968750001 0.24505773125000002 0.9313450546875 0.2497400546875 0.9361998109374999 0.25182108593749997 0.945215190625 0.258584440625 0.950069946875 0.271592990625 0.9556167437499999 0.27835634531250003 0.9639379859374999 0.28043737812499997 0.9722613265625 0.28043737812499997 0.9785022578125 0.278876603125 0.9882117718749999 0.271592990625 0.9958388796875 0.2632667640625 0.997919190625 0.25390211875 0.9999995 0.2507805703125 1 0.250773834375 1 0.24018000625
1 0.877483928125 0 0.8758666078124999 0.0010399171875 0.8717059859375 0.008325628125 0.872400121875 0.0171700140625 0.8904308796875 0.0322574984375 0.89736385 0.0411039828125 0.9036068796875 0.04578630625 0.9147025687499999 0.04578630625 0.9299588796875 0.039020853125 0.9348136359374999 0.03277775625 0.9361998109374999 0.0223725953125 0.9313450546875 0.00936614375 0.923717946875 0.0010399171875 0.9219159109374999 0 0.877483928125 0
1 0.8070800437500001 0.3187455734375 0.8013591906249999 0.31821063125000004 0.7920669953125 0.3241096859375 0.8042238109375001 0.333230984375 0.8128008984375 0.3294737984375 0.8142311125000001 0.32357474375 0.8070800437500001 0.3187455734375
1 0.18654559843750002 0.5369413859375001 0.20319017968750003 0.5395426765625 0.2115114234375 0.53902241875 0.21567204375000001 0.5369413859375001 0.22330124843750002 0.5192505140625 0.2212209375 0.5130074171875 0.2205268015625 0.5031225140625 0.21498000625000002 0.49687731875 0.212205559375 0.49011396406249996 0.206656665625 0.48439112656249994 0.2011098703125 0.47450622343750004 0.193480665625 0.46618209374999997 0.1830791125 0.458376125 0.17683817968749999 0.4552545765625 0.16366217968750002 0.452133028125 0.13384159843750001 0.452133028125 0.10818373437499999 0.45941664062500004 0.0936194625 0.467222609375 0.0811375984375 0.48335060937499996 0.077669015625 0.49063422343749996 0.08391204375 0.5041630296874999 0.0936194625 0.5119669015625 0.1137305296875 0.5202910296875001 0.1178911515625 0.5234125781250001 0.1255203546875 0.524973353125 0.1331474625 0.529655675 0.14008252968749998 0.5291354171875 0.16088773437499998 0.5359008703125 0.1733695984375 0.53746164375 0.18654559843750002 0.5369413859375001
1 0.2323166265625 0.37044831562499997 0.23786342343750003 0.38085347812500003 0.24757293749999998 0.3922991546875 0.256588315625 0.3985422515625 0.2690701796875 0.40270641406249996 0.278085559375 0.4042671890625 0.2857147625 0.4042671890625 0.2988907625 0.4063482203125 0.328017209375 0.4058279625 0.348820315625 0.40270641406249996 0.361996315625 0.39802199374999997 0.367545209375 0.3949004453125 0.3737861421875 0.3886573484375 0.3786408984375 0.3798129609375 0.379335034375 0.3714888328125 0.3765605875 0.351716928125 0.3710116953125 0.3361091859375 0.3765605875 0.32674244375 0.3883504140625 0.313215734375 0.395283384375 0.29760589375 0.39805783125 0.2851197 0.3959775203125 0.26378702187499997 0.3918168984375 0.2559831515625 0.38765627812500003 0.252861603125 0.38002707343750003 0.2492197953125 0.368931384375 0.24765902187500002 0.3502085875 0.24713876406250002 0.3377246265625 0.2492197953125 0.309292315625 0.2580641828125 0.278085559375 0.2643072796875 0.25728245156249996 0.270552475 0.2524276953125 0.2736740234375 0.2406378703125 0.2778360875 0.2337028015625 0.28303866875 0.22746187031249998 0.2856399578125 0.225381559375 0.2892817640625 0.2191406265625 0.2934438296875 0.21289969531250003 0.3054118625 0.2115114234375 0.3111347015625 0.21289969531250003 0.33038425 0.2191406265625 0.344433315625 0.2309283546875 0.36420312187500004 0.2323166265625 0.37044831562499997
1 0.2628292484375 0.251300828125 0.2669898703125 0.26170598906250003 0.27045845156250004 0.26378702187499997 0.27947383124999997 0.2632667640625 0.2822461796875 0.26170598906250003 0.2850206265625 0.257543925 0.28086000625 0.24869953749999998 0.27184462656249997 0.2455779890625 0.264909559375 0.24713876406250002 0.2628292484375 0.24869953749999998 0.2628292484375 0.251300828125
1 0.3391128984375 0.170654534375 0.3183076953125 0.176379471875 0.31345293750000003 0.1815820515625 0.31484120937500004 0.1867846328125 0.3210821421875 0.1919872140625 0.3273230734375 0.1935479875 0.35852983125 0.20967808593749998 0.3772547234375 0.216441440625 0.3987519671875 0.2268466015625 0.4077673453125 0.22892763437500002 0.4160885875 0.22788711718750002 0.420249209375 0.2195629890625 0.42302365625 0.1753389546875 0.42163748125 0.1659722125 0.42440983125000004 0.14620240625 0.42163748125 0.14047956718750002 0.41747476250000004 0.138398534375 0.40984765625 0.139959309375 0.38765627812500003 0.14932395468749998 0.38349565625 0.1498442125 0.379335034375 0.1529657609375 0.37309200625 0.15348601875 0.3654648984375 0.15816834062500001 0.3515947625 0.1618101484375 0.34535383125 0.1675329859375 0.3391128984375 0.170654534375
1 0.122051771875 0.14047956718750002 0.121359734375 0.1566075671875 0.12482621875 0.164931696875 0.1317612875 0.16805324531250002 0.139390490625 0.1675329859375 0.1546468015625 0.1592088578125 0.16296804375 0.1576480828125 0.167128665625 0.1550467921875 0.1699031125 0.150884728125 0.17683817968749999 0.12591024374999998 0.1837732484375 0.111863275 0.1830791125 0.103016790625 0.17683817968749999 0.09729395156250001 0.1692089765625 0.0952129203125 0.1532585296875 0.095733178125 0.14008252968749998 0.10197627499999999 0.1331474625 0.1024965328125 0.1241341796875 0.110822759375 0.1241341796875 0.13319385625 0.122051771875 0.14047956718750002
1 0.42371578125 0 0.414008278125 0.0072851109375 0.40846148125 0.015088982812499999 0.40846148125 0.02393336875 0.41054179218750003 0.030696725 0.42163748125 0.04578630625 0.4424405875 0.0613940484375 0.457004859375 0.0660763703125 0.4674064140625 0.0660763703125 0.48266272343749994 0.0608737890625 0.4868233453125 0.0535901765625 0.4868233453125 0.0437052734375 0.48266272343749994 0.03433853125 0.4778079671875 0.02913595 0.47642179218749997 0.021332079687499998 0.47711592812500003 0.0171700140625 0.4868233453125 0.0036412078124999996 0.4868233453125 0 0.42371578125 0
1 0.2614430734375 0.7232042625 0.263523384375 0.7330912625 0.2690701796875 0.7450571984375001 0.27739352031250003 0.7528610703124999 0.2850206265625 0.75598261875 0.2988907625 0.7591041671875 0.30998645156250004 0.75806365 0.3300975203125 0.7533813281249999 0.37031965625 0.7263258109375 0.3758664515625 0.724244778125 0.3945913453125 0.711758584375 0.41747476250000004 0.6987521328125 0.4313448984375 0.6867841 0.44382885937500005 0.6638927453125001 0.44937565625 0.6446410984375001 0.44937565625 0.625389453125 0.44729534531250004 0.61758558125 0.43897410312499996 0.60301835625 0.43203903437499996 0.5957326453125 0.41123383125 0.5868882578125 0.3932030734375 0.5868882578125 0.3737861421875 0.59157058125 0.3654648984375 0.5957326453125 0.3509006265625 0.6082209359374999 0.34396765625 0.6113424843749999 0.330789559375 0.613943775 0.30166520937499997 0.6118627437499999 0.291261559375 0.612903259375 0.2669898703125 0.6207071296875 0.2558941796875 0.62642996875 0.2468788015625 0.6425600671875 0.2468788015625 0.65764755 0.253119734375 0.6722168734375 0.2621351125 0.685223325 0.2614430734375 0.7232042625
1 0.330789559375 0.928200625 0.35714365625 0.9334032046875 0.3765605875 0.9349639796875 0.3959775203125 0.9339234624999999 0.40915352031249996 0.93028165625 0.4153944515625 0.9271601078125 0.420249209375 0.9224756875000001 0.4251039671875 0.912590784375 0.42440983125000004 0.9021856234375001 0.418863034375 0.8896973312500001 0.42163748125 0.8834542359374999 0.4341193453125 0.8683667515625 0.43550552031249995 0.8522366531250001 0.4327331703125 0.84027071875 0.425798103125 0.8293452984374999 0.41470241406249997 0.8194582968749999 0.41123383125 0.813735459375 0.39667165625 0.7991682328125 0.37794676250000003 0.7840786515625 0.35991600625000003 0.777315296875 0.3432735203125 0.777315296875 0.31969387031249996 0.7861596843750001 0.297502490625 0.8022897812500001 0.278085559375 0.8215393296875 0.271150490625 0.83870994375 0.27045845156250004 0.8537974281249999 0.2753111125 0.8709680421874999 0.2857147625 0.8907378484375 0.29681045156249997 0.9053071718749999 0.31484120937500004 0.921435171875 0.330789559375 0.928200625
1 0.6608878890625001 0.720602971875 0.661582025 0.7330912625 0.664354375 0.7377735859375 0.6712894421875 0.7403748765625 0.6844654421875 0.739334359375 0.6934808203125 0.7351722953125 0.6976414421875 0.7315304890625 0.7024962 0.722163746875 0.7024962 0.7091572937499999 0.696949403125 0.7003129078125 0.686545753125 0.6945879703125 0.6796106859375 0.6925069390624999 0.6712894421875 0.6935474546875 0.6671288203125 0.69979265 0.6608878890625001 0.720602971875
1 0.6147372875 0.3799010703125 0.61044455 0.3799010703125 0.6047215984375 0.3895573109375 0.61973674375 0.3959997 0.6226013640625 0.38741334374999997 0.6147372875 0.3799010703125