1 1 0.2140176140625 0.962790828125 0.2617445640625 0.9093013578125 0.3053688921875 0.8976733953125 0.3255035234375 0.9000006703125001 0.3590605375 0.9186041484375 0.3657727859375 0.955813209375 0.348993221875 1 0.368121353125 1 0.2140176140625
1 0.8674412531250001 0 0.860464334375 0.003355771875 0.844186028125 7.046875e-7 0.8139524843749999 0.050335167187499995 0.8069769671874999 0.077182046875 0.8186049296875 0.08724936250000001 0.874419571875 0.10402681250000001 0.9000006703125001 0.1006717453125 0.9023258421874999 0.08389218125 0.8837202609375 0.057047415625 0.8976733953125 0.023490403125 0.8976733953125 0.003355771875 0.89224729375 0 0.8674412531250001 0
1 0.6791916671875 0 0.6813945484375 0.0067108390625 0.704650475 0.03355771875 0.737209190625 0.0369127859375 0.7534874984375 0.016778154687499998 0.7953490046875 0.023490403125 0.8186049296875 0.003355771875 0.818272753125 0 0.6791916671875 0
1 0.499999590625 0.127516509375 0.499999590625 0.16442859062499998 0.52093034375 0.187920403125 0.539535925 0.187920403125 0.586045675 0.13422875781250002 0.595348465625 0.10738187968749999 0.5837205015625 0.077182046875 0.5720925390625 0.06711473125 0.5534890609375 0.06711473125 0.506977209375 0.093959496875 0.499999590625 0.127516509375
1 0.61627921875 0.8288587250000001 0.5906981203125 0.79194664375 0.5651170234375 0.7718120140625 0.539535925 0.7617446984375 0.48372128437499995 0.768456946875 0.4465122234375 0.8020139593750001 0.411628334375 0.8624157374999999 0.40000037187500004 0.902685 0.40232554374999996 0.95637664375 0.41627867968750004 0.9597317109375 0.4558129109375 0.9194624499999999 0.5558142328125 0.8590606718749999 0.6093016 0.8489933562499999 0.61627921875 0.8288587250000001
0 0.8348832375 0.8020139593750001 0.8488363718749999 0.812081275 0.8906978796875 0.8053690265625001 0.8976733953125 0.7953017109375 0.9000006703125001 0.7718120140625 0.88837270625 0.738255 0.8697671250000001 0.7147653015625 0.85348881875 0.7147653015625 0.8348832375 0.7516773828125001 0.8302328937500001 0.77516708125 0.8348832375 0.8020139593750001
1 0.9279069390625001 0.278524128125 0.9186041484375 0.2449671140625 0.9046510140624999 0.2315426171875 0.874419571875 0.238254865625 0.86511678125 0.2516772484375 0.8790699156249999 0.273824496875 0.8897665484375 0.284227953125 0.9023258421874999 0.291946509375 0.9116286328125 0.2986587578125 0.9279069390625001 0.278524128125
1 0.976227190625 1 0.9767439625 0.9966437921875 0.9674411718749999 0.966443959375 0.9372097296874999 0.946309328125 0.8930230515625001 0.946309328125 0.8488363718749999 0.9731540937500001 0.8268492484375001 1 0.976227190625 1
1 0.1604656 0.15771845625 0.137209675 0.13422875781250002 0.0906978234375 0.127516509375 0.053488762499999995 0.15100620781250002 0.04651114375 0.167785771875 0.053488762499999995 0.22483248281249998 0.0697670703125 0.26845681250000003 0.0930229953125 0.308723959375 0.1093013015625 0.31879127500000004 0.12558171093749998 0.26845681250000003 0.146512465625 0.22818755 0.174418734375 0.19463053749999998 0.174418734375 0.18456322187500002 0.1604656 0.15771845625
1 0.4172765796875 0 0.39069758125 0.0134230875 0.38604723750000003 0.023490403125 0.388372409375 0.060402482812500005 0.4069758890625 0.0906044296875 0.43255908906249996 0.1006717453125 0.4906968 0.1006717453125 0.5023247625 0.093959496875 0.5023247625 0.0805371140625 0.48139611093749995 0.050335167187499995 0.47441849375 0.0134230875 0.46644503437499996 0 0.4172765796875 0
1 0.137209675 0.711410234375 0.1046509578125 0.68456335625 0.0604642796875 0.6812082890625 0.055813934375 0.68456335625 0.055813934375 0.70134291875 0.074419515625 0.7449672484375001 0.0860474796875 0.8053690265625001 0.0860474796875 0.892617684375 0.1046509578125 0.8959727515625 0.13023205625 0.872483053125 0.1488376375 0.8288587250000001 0.15348798125000002 0.8053690265625001 0.15348798125000002 0.7449672484375001 0.137209675 0.711410234375
1 0.6581386234375 0.55704755 0.6465106609375 0.563757684375 0.61627921875 0.6073820140625 0.602326084375 0.6510063421875001 0.602326084375 0.711410234375 0.61627921875 0.711410234375 0.6465106609375 0.6711409734375 0.6883721671874999 0.637583959375 0.7325588468750001 0.6241615765625 0.7325588468750001 0.6073820140625 0.6906973390625 0.5604026171875 0.6581386234375 0.55704755
1 0.48604645625 0.308723959375 0.48372128437499995 0.3255035234375 0.50930238125 0.34228097343749997 0.5488366140625 0.38926248281250003 0.5674421953125 0.41946231562499997 0.5790701578124999 0.466443825 0.5906981203125 0.466443825 0.611628875 0.40939500000000006 0.6093016 0.3456381546875 0.6000009109375 0.31208114062500003 0.5767449859375 0.2885914421875 0.5279079624999999 0.2885914421875 0.48604645625 0.308723959375
1 0.713953265625 0.0436250328125 0.6906973390625 0.0268454703125 0.6604658984375 0.016778154687499998 0.6093016 0.030200537500000003 0.60465125625 0.040267853125 0.6093016 0.060402482812500005 0.632557525 0.08389218125 0.6930225109375 0.1241614421875 0.7162784375 0.13087157656249998 0.7534874984375 0.13087157656249998 0.760465115625 0.1241614421875 0.75813994375 0.1006717453125 0.751162325 0.0906044296875 0.73488401875 0.0805371140625 0.713953265625 0.0436250328125
1 0.874419571875 0.4261745640625 0.8372084093750001 0.41946231562499997 0.8139524843749999 0.44295201406249995 0.8139524843749999 0.473153959375 0.8553493765625 0.5194631875 0.8804658609375 0.5261754359374999 0.8976733953125 0.513423221875 0.8976733953125 0.473153959375 0.874419571875 0.4261745640625
1 0.9418600749999999 0.17449590625 0.986046753125 0.137583825 0.9953495437500001 0.1208063765625 0.962790828125 0.08389218125 0.9465125203125 0.073824865625 0.9348845578124999 0.077182046875 0.9069761859375 0.1006717453125 0.8023266234375 0.13422875781250002 0.760465115625 0.1610735234375 0.7465119812500001 0.1812081546875 0.7465119812500001 0.22147741562499998 0.767442734375 0.2416099328125 0.8069769671874999 0.238254865625 0.844186028125 0.2114101 0.9418600749999999 0.17449590625