4 1 0.371271234375 0.53464290625 0.1352308546875 0.4970189171875 0.5728683796875 1 0.39181930781249996 1 0.371271234375
4 0.5023904406249999 0.3611056171875 0.5722584125 0.4679939375 0.65556049375 0.37724210468749997 0.6018155734375 0.33287312812500003 0.531949721875 0.344973371875 0.5077704453125 0.3530416171875 0.5023904406249999 0.3611056171875
4 0.714375809375 0.3464270140625 0.752453609375 0.353147721875 0.7961362015625 0.33885746562499997 0.8308549453125 0.3455845390625 0.8521395796875 0.35818984375 0.8633385578125001 0.35818984375 0.7670201296875 0.241346728125 0.74125463125 0.25059486249999996 0.72221573125 0.259000521875 0.7121385578125 0.28085820625 0.7098949453125 0.3153211953125 0.7087795 0.3472631234375 0.7446136890624999 0.3548305515625 0.714375809375 0.3464270140625
0 0.10869575312499999 0.7247368421875 0.1171103625 0.7273682531250001 0.1325378515625 0.7284208171875 0.1472655375 0.7252631234375 0.1626930265625 0.710527225 0.16690033124999998 0.7015783078125 0.16690033124999998 0.6963154859375 0.164796678125 0.6921052296875 0.1437580359375 0.6810533046875 0.133239775 0.67736933125 0.1248251671875 0.6789481765625001 0.1030846 0.6884212546875 0.09607384062499999 0.6984206140625 0.09607384062499999 0.7073674109375 0.10238479687499999 0.7210528671875001 0.10869575312499999 0.7247368421875
0 0.1395507328125 0.9510530015624999 0.1472655375 0.9557895406249999 0.1591855265625 0.9578946687500001 0.1767187875 0.9578946687500001 0.1823278203125 0.9568421046875001 0.19214627812500001 0.9505267203125 0.1991591578125 0.9426324890625001 0.2061720390625 0.9289470312500001 0.2061720390625 0.9257893390625 0.20056088593750002 0.919473953125 0.1767187875 0.9057884968750001 0.1690039828125 0.9052622140625 0.161991103125 0.9068410609375 0.1465636125 0.9136848499999999 0.1374470796875 0.9205265171875 0.134641503125 0.9257893390625 0.133239775 0.9336835703125 0.134641503125 0.9426324890625001 0.1395507328125 0.9510530015624999
5 0.11360498125 0.1026310734375 0.1171103625 0.10631504843749999 0.1255249703125 0.10368363750000001 0.1325378515625 0.10368363750000001 0.1374470796875 0.101052228125 0.138850928125 0.0947368421875 0.134641503125 0.0905265859375 0.12201959062500001 0.090000303125 0.1171103625 0.0910528671875 0.11500670937499999 0.094210559375 0.11360498125 0.1026310734375
5 0.3548379015625 0.0421043875 0.3569415546875 0.044209515625 0.36325463125 0.0452642015625 0.3695655875 0.043683234375000005 0.37517462031250004 0.036315284375 0.37517462031250004 0.032631309375 0.3730709671875 0.028947334375 0.3674619359375 0.028421053125 0.3611509796875 0.03052618125 0.3541380984375 0.0352627203125 0.3548379015625 0.0421043875
5 0.8961316390625 0 0.9060308218750001 0.0084202109375 0.913043703125 0.0110516203125 0.9158492796875001 0.0063150828125 0.916900525 0 0.8961316390625 0
4 1 0.7477634765625 0.6777060984375 0.567325440625 0.6194951578125 0.904778375 1 0.7900142671875 1 0.7477634765625
2 0.8251911640625 1 0.8253858734374999 0.9973679499999999 0.8204766453125 0.976842946875 0.8120620359374999 0.9626312078125 0.793127046875 0.947895309375 0.7734922531249999 0.9384201093750001 0.7510518828125 0.93263100625 0.7335207406250001 0.9315784421875 0.7117801734375 0.9321047234375 0.6998601843750001 0.934736134375 0.6942490328125 0.9331572890625001 0.669705009375 0.934209853125 0.6416556078125 0.9263156203125 0.6325390750000001 0.9221053640625 0.626927921875 0.9215790828125 0.6192152375 0.9184213890624999 0.601681975 0.9163162609375 0.5904617890625 0.9163162609375 0.5736325718749999 0.9184213890624999 0.547686821875 0.9263156203125 0.537166440625 0.9321047234375 0.5147260703125001 0.94947415625 0.5077131890625 0.9578946687500001 0.49929858125 0.976842946875 0.497194928125 0.9878948718749999 0.49800088281250005 1 0.8251911640625 1
2 1 0.5151619796875 0.9873776937500001 0.5215792171875 0.9733519328125 0.532631140625 0.963533475 0.5368413984375 0.9354840734375 0.5463165984375 0.9277692671875 0.5468428796875 0.9193546593749999 0.545790315625 0.9137456265624999 0.5484217265625 0.8983160171875 0.550000571875 0.8765775703124999 0.5584210859375001 0.8597483531250001 0.572630703125 0.8541372 0.5794744921875 0.8506318203125 0.58789500625 0.84852816875 0.5999994953125001 0.849227971875 0.6173689265625 0.8513316234375001 0.6252631578125001 0.8604481578125001 0.6405253390625 0.8667591140625 0.647369128125 0.8800850718750001 0.65684220625 0.8976162125 0.6647364375 0.9221602359375 0.669999259375 0.9488079109375 0.6689466953125 0.956522715625 0.6673678484375001 0.9656371281249999 0.6636838734375 0.9747536609375 0.6573684890625 0.9901832703125001 0.6368413640624999 0.9964942265625 0.6305259796875 1 0.6282997734375 1 0.5151619796875
2 0.5897619859375001 0.4784219625 0.593969290625 0.4852636296875 0.6002802468749999 0.49000016874999996 0.6023838984375 0.49368414375 0.6107985078125 0.4989469640625 0.640251759375 0.5084200421875 0.65217386875 0.5105272921874999 0.67811961875 0.5100010109374999 0.690041728125 0.507367478125 0.6998601843750001 0.50210465625 0.70897671875 0.494210425 0.7237022828125 0.4868424765625 0.7293134359375 0.4852636296875 0.7321168921875 0.4815796546875 0.7363263171875001 0.4800008078125 0.7391297734375 0.47473586562500003 0.7468445781249999 0.46999932656250004 0.76507764375 0.46578906875000003 0.7734922531249999 0.4684204796875 0.7819068609375 0.467367915625 0.7882178171875001 0.46473650468749994 0.796634546875 0.46473650468749994 0.8043472312500001 0.46315765937500003 0.8155674171875 0.45842112031250004 0.8274895265625 0.455789709375 0.854839125 0.444211503125 0.8702666140625 0.4342100203125 0.8786812234375001 0.418947840625 0.8800850718750001 0.4131587375 0.879383146875 0.3963155875 0.8709685390624999 0.3815796890625 0.8611500812499999 0.37157820625000004 0.8534352765625 0.369473078125 0.846424515625 0.3631576921875 0.835904134375 0.357894871875 0.8267876015625 0.35000064062499997 0.8127639609375 0.3452641015625 0.7980362750000001 0.3442115375 0.7875180140625 0.3452641015625 0.7812070578125 0.34789551093750004 0.7713886 0.34842179375 0.756663034375 0.35578974375 0.7461426531249999 0.3631576921875 0.7286115125 0.3710519234375 0.7180932515625 0.378948278125 0.7054692171875 0.3842110984375 0.690041728125 0.38842135624999996 0.6844326953125 0.3915790484375 0.6535755953125 0.3936841765625 0.6416556078125 0.3963155875 0.6290315734374999 0.4010521265625 0.61220235625 0.41052732656249996 0.593969290625 0.426842071875 0.587658334375 0.44631663125000004 0.5883581375 0.4568422734375 0.586956409375 0.46526278750000005 0.5897619859375001 0.4784219625
2 0 0.8605255296875001 0.0084160109375 0.8536844468749999 0.012623315625000001 0.8473690609375 0.0231415765625 0.8189477046875 0.044880021874999995 0.7736832 0.0497892515625 0.75842101875 0.058203859375 0.7431588375 0.0596077078125 0.7342099203125 0.058905784375000006 0.7273682531250001 0.056100207812500004 0.7205265859375001 0.046983675 0.708422096875 0.03085638125 0.6784218953125001 0.021037925 0.6673678484375001 0.015426771875 0.65684220625 0.0042065859375 0.6421063078125 0 0.6321065328125 0 0.8605255296875001
2 0.22229933281249997 0.6331573890625 0.228612409375 0.632104825 0.238428746875 0.62842085 0.24403989843749999 0.622631746875 0.25035085625 0.6194740546874999 0.258063540625 0.62052661875 0.26648026874999997 0.618947771875 0.2727912265625 0.6121061046875 0.2727912265625 0.6005257765625001 0.26928372500000003 0.590000134375 0.26648026874999997 0.5621050609375 0.261571040625 0.5463165984375 0.2587654640625 0.5268420375 0.25455815937500004 0.513158703125 0.24824720312499998 0.47789567968749996 0.24473970312499999 0.4663153515625 0.24333797499999998 0.45368458125 0.23772894218750001 0.4342100203125 0.22229933281249997 0.41000104375 0.211781071875 0.3994732796875 0.19635358281249998 0.378948278125 0.1767187875 0.3594737171875 0.15778379843749998 0.3347363375 0.145161884375 0.3236844125 0.1255249703125 0.300525878125 0.11500670937499999 0.2910528 0.1115013296875 0.28526369687500003 0.1030846 0.27789574687499996 0.095371915625 0.2752622140625 0.0876571109375 0.27420965 0.0799444265625 0.275788496875 0.050491175 0.2857899796875 0.040672718749999996 0.2921053640625 0.038569065624999996 0.296841903125 0.037167337499999994 0.30894639218750003 0.038569065624999996 0.32000043749999996 0.0357634890625 0.3415780046875 0.0336598375 0.4336837390625 0.03085638125 0.46315765937500003 0.031556184375000004 0.4857899109375 0.0364654140625 0.494210425 0.0490873265625 0.50210465625 0.0554004046875 0.51526383125 0.058905784375000006 0.5178952421874999 0.062413284375 0.5184215234375 0.0659186640625 0.5221054984375 0.0729315453125 0.5252631921875001 0.07573712187500001 0.5252631921875001 0.0778407734375 0.52999973125 0.0876571109375 0.5336837046875 0.089060959375 0.5368413984375 0.0946699921875 0.5399990906250001 0.09747556874999999 0.54421146875 0.11360498125 0.5557896765625 0.11641055781250001 0.5605262140625 0.12342131875 0.5663153171875 0.129032471875 0.568420446875 0.15147284218749998 0.5831584671875001 0.15357649375 0.5889475703125 0.1676022546875 0.59894693125 0.1767187875 0.6073674437500001 0.1886387765625 0.614737515625 0.1907424296875 0.6184214906250001 0.19635358281249998 0.622105465625 0.1998589625 0.626315721875 0.21248299531249998 0.6326311078125 0.22229933281249997 0.6331573890625
1 0.317188465625 0.20290054687499998 0.33593259999999997 0.20852624843749998 0.350931725 0.2164989984375 0.36155601718749997 0.2230690359375 0.371556846875 0.210873296875 0.3740528140625 0.2000845140625 0.3621815984375 0.1874219109375 0.3534361734375 0.1841368921875 0.3365560609375 0.1836679078125 0.3228123421875 0.188357759375 0.3178119265625 0.19257862812499998 0.317188465625 0.20290054687499998
1 0.9866757703125 0.9605260796874999 0.994390575 0.9557895406249999 0.9985978796874999 0.9489478734375 0.9985978796874999 0.9410536421875 0.994390575 0.9294733140625 0.9866757703125 0.9173688249999999 0.97124828125 0.90368336875 0.9537171390625 0.897894265625 0.93057484375 0.8973679828125001 0.9200565828125 0.898420546875 0.905328896875 0.9031570859375 0.9018235171875 0.9057884968750001 0.8990179406250001 0.9131585687499999 0.9004217890625 0.9200002359375 0.9039271703124999 0.92526305625 0.912341778125 0.93263100625 0.9277692671875 0.9426324890625001 0.9424969531249999 0.94947415625 0.9719502046875 0.9599997984374999 0.9782611609374999 0.9610523625 0.9866757703125 0.9605260796874999
1 0.8674610375 0.5236843453125 0.8688648859375 0.5294734484375 0.8758756468750001 0.53473626875 0.8821887234375 0.535788834375 0.9095362015624999 0.5342099874999999 0.9291731171875 0.5305260125 0.9417950296875001 0.524736909375 0.9502096375000001 0.516842678125 0.9649373234375 0.507893759375 0.9677429 0.5010520921875 0.9670409765624999 0.4978944 0.95792444375 0.4910527328125 0.9354840734375 0.48631619375 0.9137456265624999 0.48789504062500005 0.8983160171875 0.4915790140625 0.892706984375 0.495789271875 0.8835904515624999 0.49947324687499994 0.8716683421875 0.509474728125 0.8681629624999999 0.5142112671875 0.8674610375 0.5236843453125
1 1 0.2695608234375 0.9859738453125001 0.26999939375 0.9733519328125 0.27473593281249997 0.969144628125 0.2784220296875 0.9649373234375 0.287368825 0.9663390515625 0.2942104921875 0.9719502046875 0.300525878125 0.9796628890625 0.3031572890625 1 0.3031572890625 1 0.2695608234375
1 0.9516134859375001 0.2884213890625 0.95792444375 0.28684254375 0.9677429 0.27947459375 0.9754555843749999 0.2710519578125 0.9775592375000001 0.2615788796875 0.9796628890625 0.2584211875 0.9803648140625001 0.24894810937499998 0.9747536609375 0.23894662812499998 0.969144628125 0.235262653125 0.9614298234374999 0.2326312421875 0.9474061828125 0.2221056 0.93828965 0.2115799578125 0.9284711921875 0.2057887328125 0.922862159375 0.20473616875 0.9060308218750001 0.20526244999999999 0.8899014078124999 0.2094727078125 0.8828885281250001 0.21263252187499998 0.8772794953125 0.220000471875 0.8772794953125 0.227894703125 0.8835904515624999 0.2415780375 0.8906033328125 0.24684298125 0.905328896875 0.252632084375 0.9102381265625 0.2573686234375 0.9151473546875 0.25947375156249997 0.9242638875000001 0.26631541875 0.9291731171875 0.27947459375 0.9347821484375001 0.28631626093749996 0.9431967578125 0.2884213890625 0.9516134859375001 0.2884213890625
1 0.8666426640625 0 0.8590464296875 0.0026311078125 0.8541372 0.0057888 0.8499298968750001 0.013158871875 0.8506318203125 0.0221056671875 0.8688648859375 0.037367848437500004 0.8758756468750001 0.046316765625 0.8821887234375 0.0510533046875 0.893408909375 0.0510533046875 0.9088363984375001 0.044209515625 0.9137456265624999 0.037894131250000004 0.9151473546875 0.0273684890625 0.9102381265625 0.0142114359375 0.9025254421875 0.0057888 0.893408909375 0.0005259796875000001 0.8911310890624999 0 0.8666426640625 0
1 0.769397340625 0.3325993765625 0.7816905578125 0.341826290625 0.7903638828124999 0.33802560000000004 0.79181014375 0.332058240625 0.7845788390624999 0.327173153125 0.7787937953124999 0.3266320171875 0.769397340625 0.3325993765625
1 0.1823278203125 0.550000571875 0.186535125 0.54789544375 0.1942499296875 0.52999973125 0.19214627812500001 0.5236843453125 0.19144435312500002 0.5136849859375 0.18583532187500001 0.507367478125 0.1830297453125 0.5005258109375 0.1774185921875 0.49473670781249995 0.171809559375 0.484737346875 0.1640947546875 0.47631683437500005 0.15357649375 0.4684204796875 0.1472655375 0.46526278750000005 0.1339417 0.4621050953125 0.103786525 0.4621050953125 0.0778407734375 0.46947304375 0.0631130890625 0.4773693984375 0.050491175 0.49368414375 0.046983675 0.5010520921875 0.0532967515625 0.51473755 0.0631130890625 0.52263178125 0.08344980625000001 0.5310522953125 0.0876571109375 0.5342099874999999 0.095371915625 0.535788834375 0.1030846 0.540525371875 0.11009748125 0.5399990906250001 0.1311361234375 0.5468428796875 0.1437580359375 0.5484217265625 0.1570818734375 0.54789544375 0.1739132125 0.5505268546875 0.1823278203125 0.550000571875
1 0.2187939515625 0.4015784078125 0.2279104859375 0.40789379375 0.2405323984375 0.412106171875 0.24964893125 0.41368501875 0.2573637359375 0.41368501875 0.2706875734375 0.41579014687500004 0.300140825 0.41526386562499995 0.321177346875 0.412106171875 0.334501184375 0.4073675109375 0.3401123359375 0.40420981874999995 0.34642329374999997 0.397894434375 0.35133252187499997 0.3889476375 0.3520344453125 0.3805271234375 0.3492288703125 0.3605262828125 0.3436177171875 0.34473781875 0.3492288703125 0.33526261874999996 0.3611509796875 0.321579284375 0.3681617390625 0.3057886984375 0.370967315625 0.29315792812499997 0.3688636640625 0.27157824062499997 0.36465635937499996 0.2636840078125 0.3604490546875 0.260526315625 0.35273425 0.256842340625 0.34151406406249996 0.25526349531250003 0.3225811953125 0.2547372125 0.3099571609375 0.256842340625 0.281205834375 0.2657891375 0.24964893125 0.272104521875 0.228612409375 0.2784220296875 0.22370318125000002 0.281579721875 0.211781071875 0.2857899796875 0.20476819062499999 0.2910528 0.198457234375 0.2936842109375 0.19635358281249998 0.29736818593750003 0.190042625 0.30157844218749996 0.18373166875 0.313685053125 0.1823278203125 0.31947415625 0.18373166875 0.33894659374999997 0.190042625 0.3531583328125 0.2019626140625 0.373157053125 0.2033664625 0.379474559375 0.20897549531249998 0.39000020156250004 0.2187939515625 0.4015784078125
1 0.241936246875 0.27157824062499997 0.2510527796875 0.2710519578125 0.2538562359375 0.26947311093750004 0.25666181250000003 0.2652628546875 0.2524545078125 0.256316059375 0.24333797499999998 0.253158365625 0.23632509375000002 0.2547372125 0.23422144218750002 0.256316059375 0.23422144218750002 0.25894746875 0.238428746875 0.26947311093750004 0.241936246875 0.27157824062499997
1 0.2854131390625 0.18842142343749999 0.2868169875 0.19368424374999998 0.29312794375 0.198947065625 0.2994389 0.2005259109375 0.330995803125 0.21684277968750001 0.34993079374999997 0.22368444687500003 0.3716692390625 0.2342100890625 0.38078577343750003 0.23631521718749998 0.38920038125 0.235262653125 0.39340768593750003 0.2268421390625 0.3962132625 0.1821060375 0.394811534375 0.1726308375 0.397614990625 0.1526321171875 0.394811534375 0.1468430140625 0.390602109375 0.1447378859375 0.382889425 0.1463167328125 0.3604490546875 0.1557898109375 0.35624175 0.1563160921875 0.3520344453125 0.1594737859375 0.34572136875 0.16000006718749998 0.338008684375 0.16473660625 0.3239829234375 0.16842058124999998 0.317671965625 0.174209684375 0.311361009375 0.17736737656249998 0.29032236718750004 0.1831586015625 0.2854131390625 0.18842142343749999
1 0.0946699921875 0.1715782734375 0.101682871875 0.174735965625 0.10939767812500001 0.174209684375 0.1248251671875 0.1657891703125 0.133239775 0.1642103234375 0.1374470796875 0.1615789140625 0.14025265625 0.15736865625000002 0.1472655375 0.13210499375 0.1542784171875 0.1178953765625 0.15357649375 0.108946459375 0.1472655375 0.10315735625 0.1395507328125 0.101052228125 0.12342131875 0.10157850937499999 0.11009748125 0.1078938953125 0.1030846 0.1084201765625 0.0939701875 0.11684281249999999 0.0939701875 0.13947294375 0.091864415625 0.1468430140625 0.0911646109375 0.16315775937500002 0.0946699921875 0.1715782734375
1 0.40538306718749995 0 0.397614990625 0.004209953125000001 0.3870967296875 0.0121063078125 0.381487696875 0.0200005390625 0.381487696875 0.028947334375 0.38359135 0.0357890015625 0.394811534375 0.0510533046875 0.41584805625000004 0.06684176875 0.43057574218749994 0.07157830781249999 0.441094003125 0.07157830781249999 0.45652149218750004 0.0663154859375 0.46072879687499996 0.0589475375 0.46072879687499996 0.0489481765625 0.45652149218750004 0.0394729765625 0.45161226406250005 0.03421015625 0.45021053593750004 0.0263159234375 0.450912459375 0.0221056671875 0.46072879687499996 0.0084202109375 0.46072879687499996 0.0005259796875000001 0.46044840000000004 0 0.40538306718749995 0
1 0.2405323984375 0.75842101875 0.24894912812499997 0.76631525 0.25666181250000003 0.7694729437500001 0.2706875734375 0.7726306359375 0.281907759375 0.7715780718749999 0.3022444765625 0.7668415328125 0.34291791250000003 0.739472740625 0.3485269453125 0.7373676125 0.3674619359375 0.7247368421875 0.390602109375 0.7115797890625 0.4046278703125 0.6994731796875 0.4172519046875 0.676316765625 0.4228609375 0.65684220625 0.4228609375 0.637367646875 0.42075728437500004 0.6294734140625 0.4123426765625 0.614737515625 0.4053297953125 0.6073674437500001 0.384291153125 0.5984206484375 0.3660580875 0.5984206484375 0.34642329374999997 0.6031571875 0.338008684375 0.6073674437500001 0.32328099843749997 0.6200003374999999 0.31627023906249996 0.6231580296875 0.30294428125 0.625789440625 0.27349315 0.6236843109375 0.26297276875 0.6247368765625 0.238428746875 0.6326311078125 0.2272085609375 0.6384202109375 0.218092028125 0.6547370781249999 0.218092028125 0.669999259375 0.224402984375 0.6847372796875 0.23351951718750003 0.6978943328125 0.2328197140625 0.7363150484375 0.234923365625 0.74631653125 0.2405323984375 0.75842101875
1 0.3492288703125 0.9505267203125 0.3688636640625 0.94947415625 0.3821875 0.9457901812499999 0.38849845781250003 0.9426324890625001 0.39340768593750003 0.9378938281250001 0.39831691406249997 0.9278944671874999 0.397614990625 0.9173688249999999 0.3920059578125 0.9047359328125 0.394811534375 0.898420546875 0.407433446875 0.883158365625 0.408835175 0.8668414984374999 0.40603171875 0.8547370109375001 0.3990188390625 0.8436850859374999 0.387798653125 0.8336836046875 0.384291153125 0.8278945015625 0.3695655875 0.8131586015625001 0.350630596875 0.7978942984375 0.33239753125 0.79105263125 0.31556831406249997 0.79105263125 0.2917240953125 0.799999428125 0.26928372500000003 0.8163162953124999 0.24964893125 0.8357887328125001 0.24263605 0.8531581640624999 0.241936246875 0.8684203453125001 0.24684335468750002 0.8857897765624999 0.2573637359375 0.9057884968750001 0.268583921875 0.9205265171875 0.2868169875 0.9368412625 0.30294428125 0.9436850531250001 0.32959407500000004 0.9489478734375 0.3492288703125 0.9505267203125
1 0.640251759375 0.75105306875 0.6472646390625 0.7536844796875 0.6605884765625001 0.752631915625 0.669705009375 0.748421659375 0.6739123140625 0.744737684375 0.6788215421875 0.735262484375 0.6788215421875 0.7221054312499999 0.6732125109375 0.7131586359375001 0.6626921296875 0.7073674109375 0.6556792484375 0.7052622828125 0.6472646390625 0.706314846875 0.6430573359375 0.712632353125 0.636746378125 0.7336836375 0.637448303125 0.74631653125 0.640251759375 0.75105306875
1 0.579949890625 0.3988048171875 0.595133509375 0.40532180156250003 0.598030271875 0.396636025 0.5900779578125 0.389036765625 0.5857370546875 0.389036765625 0.579949890625 0.3988048171875