1 0.903802415625 0.58626259375 0.8959742281249999 0.6086253796875 0.8959742281249999 0.6214062625000001 0.9015667109375001 0.6517579046875001 0.9138706046875 0.6677313234375 0.9295312750000001 0.674120690625 0.944070871875 0.6853042296875 0.9653240265624999 0.7092643578125 0.97762791875 0.7092643578125 0.9854582546874999 0.7012776484375001 0.9854582546874999 0.6805122046875 0.97762791875 0.646965878125 0.9586126171875 0.6214062625000001 0.9407162421875 0.5878599359375001 0.9295312750000001 0.5782737375 0.916106309375 0.5782737375 0.903802415625 0.58626259375
1 0.2550335578125 0.38658198125 0.2550335578125 0.39616603125 0.2628638921875 0.40255539999999995 0.2729299328125 0.42172564843749993 0.29194523437500003 0.4313097 0.29865664375 0.44089375156250005 0.30760590625 0.44089375156250005 0.314317315625 0.4329070421875 0.3221476515625 0.412141596875 0.3232665765625 0.39297134843750003 0.321028725 0.370606415625 0.314317315625 0.35942502187500003 0.2829981203125 0.36261970625 0.2695753015625 0.36741173125 0.2595071140625 0.375398440625 0.2550335578125 0.38658198125
1 0.296420403125 0 0.28970952968749997 0.00638885625 0.28859060468750003 0.027156446875 0.29082845625 0.03514315625 0.3020134234375 0.05591074687499999 0.31208161093750003 0.06709214062499999 0.3199097984375 0.071884165625 0.3355704703125 0.0734815078125 0.34451973125 0.070286825 0.3523500671875 0.062300115625 0.35570469843749997 0.0415325234375 0.3489932890625 0.027156446875 0.3154362421875 0.0015968312500000002 0.296427025 0 0.296420403125 0
1 0.672259865625 0.2555913609375 0.6465331546875001 0.2428104796875 0.57494335625 0.177317315625 0.5637583890625 0.1821093421875 0.52125208125 0.228434403125 0.5201331546875 0.24920199375 0.529082415625 0.2763568046875 0.5324391953125 0.2795536359375 0.542505234375 0.306708446875 0.5559280531249999 0.3290733796875 0.5783001343749999 0.35782768125 0.6029079187499999 0.3817899546875 0.6129761078125 0.38658198125 0.64205745 0.38658198125 0.65548026875 0.3817899546875 0.6644295296875 0.37220375781250004 0.6733787921875 0.3370600890625 0.689037315625 0.29712439687500003 0.6901562421875 0.273162121875 0.6868016109374999 0.2667727546875 0.672259865625 0.2555913609375
1 0.4608493953125 0.5607029781249999 0.47874791875 0.5607029781249999 0.488813959375 0.55271626875 0.488813959375 0.5399353859375 0.485459328125 0.5303513359375 0.46979865781249996 0.5127805750000001 0.44742657656249996 0.5031943765625 0.431768053125 0.5047917187500001 0.4272923484375 0.5127805750000001 0.4272923484375 0.5223646265624999 0.431768053125 0.5351433609375 0.44742657656249996 0.5543136109375 0.4608493953125 0.5607029781249999
1 0.571588725 0.4904156421875 0.5659962421875 0.5303513359375 0.5671130203125 0.56230031875 0.5738265765625 0.5926519609375 0.5894851 0.6214062625000001 0.6152118125 0.6437690484374999 0.64205745 0.6533552453125 0.67449771875 0.6501605625 0.6879205374999999 0.64217170625 0.695748725 0.6325876546875 0.7013412078125 0.6150168953125 0.699105503125 0.5830679109375 0.694631946875 0.5686896875 0.6800902015625 0.5479242421875 0.621923221875 0.5047917187500001 0.5850115437500001 0.4872209578125 0.571588725 0.4904156421875
1 0.8791946312500001 0.48242893281250004 0.87024536875 0.49999969375 0.8691264421874999 0.520767284375 0.87584 0.5431300703125 0.8847871140624999 0.5559109515625 0.9004477859375 0.5638976609374999 0.9194630874999999 0.56230031875 0.9295312750000001 0.5543136109375 0.9418351671874999 0.53354601875 0.9451897984375 0.5223646265624999 0.9451897984375 0.5063890609375 0.9407162421875 0.4952076671875 0.9317669796875 0.4888183 0.9071591953125001 0.48562361718749997 0.8948553015625 0.47763476093749996 0.885906040625 0.47763476093749996 0.8791946312500001 0.48242893281250004
1 0.8042502015625 0.6805122046875 0.7941841609375 0.698082965625 0.77293100625 0.7220452390625 0.7673385234375 0.7348239750000001 0.7673385234375 0.750799540625 0.775168859375 0.7603835906249999 0.7953030875 0.763578275 0.8288601343750001 0.7492021984375 0.8389261749999999 0.7188505562499999 0.8378072484375 0.7044723328125 0.832214765625 0.691693596875 0.8199108718750001 0.678912715625 0.809842684375 0.6773153734374999 0.8042502015625 0.6805122046875
1 0.3523500671875 0.8051113093750001 0.3601782546875 0.8130980187500001 0.39261637656250004 0.8146975078124999 0.4340037578125 0.8067086515625 0.44519087187500006 0.800319284375 0.4552569125 0.8019166265625 0.5123049671875 0.7683703000000001 0.5313202687499999 0.7460053671875 0.529082415625 0.736421315625 0.515659596875 0.7268372656250001 0.49440644218749996 0.6932909390625001 0.47539114062500004 0.682109546875 0.435122684375 0.6725233484375 0.4161073828125 0.674120690625 0.4026845640625 0.6837068875 0.38814281875 0.678912715625 0.3825503359375 0.6837068875 0.3825503359375 0.6884989140625 0.39821100625 0.7108616999999999 0.3993277859375 0.7220452390625 0.3836692625 0.755591565625 0.37919570468749997 0.7747596671875 0.368008590625 0.792332575 0.35570469843749997 0.7971246 0.3523500671875 0.8051113093750001
1 0.5525734234375 0.7380186578125 0.5637583890625 0.731629290625 0.569350871875 0.72364258125 0.568231946875 0.7108616999999999 0.5380316781250001 0.69009625625 0.5055935578125 0.6853042296875 0.49888214687500004 0.691693596875 0.49888214687500004 0.69968030625 0.5055935578125 0.715655871875 0.5167785234375 0.7300319484375 0.527963490625 0.7380186578125 0.5525734234375 0.7380186578125
1 0.1557601609375 1 0.15771704687500002 0.9888185046875 0.1510077859375 0.96964825625 0.1420585234375 0.966453571875 0.1331092625 0.96964825625 0.11744859062499999 0.990415846875 0.115770940625 1 0.1557601609375 1
1 0.5771812078125 0.83226826875 0.564877315625 0.83226826875 0.5626394625 0.8370602937499999 0.564877315625 0.8514385171875001 0.581654765625 0.8674119359375 0.6040268453125 0.869009278125 0.6174496640625 0.8594252265625 0.6174496640625 0.848243834375 0.61185718125 0.840254978125 0.5771812078125 0.83226826875
1 0.6879205374999999 0.7907352328125 0.6834448328125 0.77955169375 0.6700220140625001 0.7731623265625001 0.6331103359375 0.7699676421875 0.627517853125 0.7763570093750001 0.627517853125 0.784345865625 0.631991409375 0.7907352328125 0.65548026875 0.8019166265625 0.678971275 0.8019166265625 0.6845637578125 0.7987219421875 0.6879205374999999 0.7907352328125
1 0.62963013125 1 0.6331103359375 0.9936105296875001 0.631991409375 0.9824291374999999 0.621923221875 0.9680509140625 0.5850115437500001 0.9408939546875 0.5592848328125 0.9169338281250001 0.5503355703125 0.9153364859374999 0.5436241609375 0.9185311687500001 0.5268467109375 0.9408939546875 0.5234899328125 0.9520774953125001 0.524608859375 0.9680509140625 0.5331627531249999 1 0.62963013125 1
1 0.863533959375 0.9169338281250001 0.8590604031250001 0.9057502875000001 0.8344526171875 0.88977686875 0.8120805375 0.8865821859375 0.805369128125 0.892971553125 0.8064880531249999 0.9057502875000001 0.8120805375 0.9169338281250001 0.8366883218750001 0.9345045875 0.8512300671874999 0.9345045875 0.8590604031250001 0.9281152203125 0.863533959375 0.9169338281250001
1 1 0.9600642046875001 0.9821036234375 0.9600642046875001 0.9686808046875001 0.966453571875 0.9675618796875 0.9824291374999999 0.9742732890625 0.9936105296875001 0.9821036234375 0.99840255625 0.9885357140625001 1 1 1 1 0.9600642046875001
4 0.266219209375 1 0.2595071140625 0.971245596875 0.2550335578125 0.9345045875 0.25056 0.9233231953125 0.2427296640625 0.921725853125 0.20022335624999998 0.9313099046875 0.1823269796875 0.9392966140624999 0.181208053125 0.9472833234375001 0.184562684375 0.96964825625 0.1923930203125 0.977634965625 0.190157315625 0.9856238203125001 0.190930475 1 0.266219209375 1
4 1 0.523002409375 0.9664429531250001 0.49999969375 0.9619693953124999 0.49361032656250003 0.9474276515625 0.4872209578125 0.9295312750000001 0.472842734375 0.9250555703125001 0.464856025 0.9183441609375 0.464856025 0.9026834906250001 0.456869315625 0.8523489937500001 0.42172564843749993 0.8366883218750001 0.423322990625 0.8366883218750001 0.4313097 0.8277412078124999 0.4424910921875 0.8154351671875 0.4792342484375 0.7941841609375 0.5271566515624999 0.7863538250000001 0.5543136109375 0.7404928859375 0.6629392968750001 0.7348982546875 0.686901571875 0.712528321875 0.7380186578125 0.70917154375 0.750799540625 0.7102904703124999 0.7603835906249999 0.7002244296875 0.7747596671875 0.699105503125 0.789137890625 0.6868016109374999 0.8035139687499999 0.6845637578125 0.8178921921875 0.6800902015625 0.8258789015625 0.6812069796875 0.8338656109375 0.672259865625 0.848243834375 0.6689030875 0.8674119359375 0.6778523484375001 0.8785933296874999 0.6879205374999999 0.8785933296874999 0.6935130203125001 0.873801303125 0.7147640265625 0.869009278125 0.752796778125 0.8466443453125001 0.766219596875 0.8450470031249999 0.77293100625 0.8386576359375001 0.79977664375 0.8290735843749999 0.8064880531249999 0.8146975078124999 0.8299769124999999 0.81629485 0.8590604031250001 0.8035139687499999 0.8680096640625001 0.8035139687499999 0.8713642953124999 0.8130980187500001 0.8736021468749999 0.8130980187500001 0.8780757046875 0.8051113093750001 0.8937363765624999 0.7971246 0.9082781203125 0.7811511828125 0.9474276515625 0.7779543515625 0.969797584375 0.763578275 0.993288590625 0.7587862484375 1 0.7556850890625 1 0.523002409375
4 0.274048859375 0.40575008281249997 0.26621852343749997 0.4009580578125 0.260626040625 0.3897766640625 0.25056 0.404152740625 0.2527957046875 0.4376990671875 0.26398281875 0.47603741875 0.26733745 0.48083159062499997 0.27740563749999997 0.48083159062499997 0.29865664375 0.46325868437500006 0.3221476515625 0.4504799484375 0.341162953125 0.4329070421875 0.3959731546875 0.3977633734375 0.40604134218750004 0.38658198125 0.40604134218750004 0.378595271875 0.35794255 0.3514383125 0.327740134375 0.354632996875 0.3199097984375 0.3610223640625 0.287471678125 0.36421704843749997 0.2762867109375 0.3690090734375 0.2729299328125 0.3738010984375 0.2751677859375 0.3769957828125 0.29082845625 0.3769957828125 0.2953020140625 0.38498463906249997 0.2953020140625 0.39137400625 0.2829981203125 0.39616603125 0.28076026875000004 0.39137400625 0.274048859375 0.39137400625 0.274048859375 0.3977633734375 0.2785245640625 0.4009580578125 0.274048859375 0.40575008281249997
1 0.8657718125 0.7140585296874999 0.8657718125 0.731629290625 0.8713642953124999 0.742810684375 0.89261745 0.7523968812499999 0.9026834906250001 0.7492021984375 0.9026834906250001 0.7300319484375 0.890379596875 0.7124590421875 0.872483221875 0.707667015625 0.8657718125 0.7140585296874999
1 1 0.62590748125 0.9955264421875001 0.623003603125 0.9809846984374999 0.6261982875000001 0.9753922140625001 0.634184996875 0.9753922140625001 0.6437690484374999 0.9854582546874999 0.6693286640625 1 0.67092600625 1 0.62590748125
1 0.28970952968749997 0.8099033359375 0.29865664375 0.8194895328125 0.3064869796875 0.8226842171875001 0.30872483281249996 0.8178921921875 0.32550228125 0.8067086515625 0.3366893953125 0.7907352328125 0.337808321875 0.77955169375 0.3310969125 0.7667729578125 0.3154362421875 0.750799540625 0.30425127500000004 0.744408025 0.2930641609375 0.742810684375 0.28076026875000004 0.7587862484375 0.27964134218750003 0.7779543515625 0.28970952968749997 0.8099033359375
1 0.2829981203125 0.8626199109374999 0.2729299328125 0.853035859375 0.260626040625 0.8546332015625 0.2550335578125 0.8642172531250001 0.2550335578125 0.8833875015625001 0.2595071140625 0.88977686875 0.2751677859375 0.8865821859375 0.284117046875 0.873801303125 0.2829981203125 0.8626199109374999
1 0.21181208125 0.9652555656249999 0.2084230875 0.9574599359375 0.20080536875 0.9574599359375 0.1982668453125 0.9647123828125 0.196991140625 0.9701592328125 0.195726175 0.9749362296875 0.196991140625 0.9810379046875 0.2024934234375 0.9815810859375 0.2084230875 0.97982486875 0.21350013437499998 0.9785624531250001 0.21731436249999997 0.970702415625 0.21181208125 0.9652555656249999
1 0.3937353015625 0.9936105296875001 0.4105149 0.9999998984375 0.42281879218749996 0.9999998984375 0.4328848328125 0.9936105296875001 0.4362416109375 0.9792323062499999 0.435122684375 0.966453571875 0.42953020156250005 0.9504801531249999 0.42058093906250005 0.9392966140624999 0.403803490625 0.9313099046875 0.3870238921875 0.9313099046875 0.37919570468749997 0.9392966140624999 0.376957853125 0.9456859812499999 0.37919570468749997 0.9760376234375 0.3937353015625 0.9936105296875001
1 0.4563758390625 0.8035139687499999 0.44630979843749996 0.800319284375 0.435122684375 0.8099033359375 0.43064912812499995 0.8226842171875001 0.43064912812499995 0.8338656109375 0.4328848328125 0.8370602937499999 0.444071946875 0.8370602937499999 0.464206175 0.83226826875 0.46867973125000006 0.8274762421874999 0.46867973125000006 0.8178921921875 0.4563758390625 0.8035139687499999
1 0.5525734234375 0.86581459375 0.5458620140625 0.8626199109374999 0.5402695296875 0.8642172531250001 0.5436241609375 0.8817901593749999 0.5592848328125 0.9009582625 0.57494335625 0.8993609203125 0.5827736906250001 0.8913742109375 0.581654765625 0.8849848437500001 0.5704697984375 0.8817901593749999 0.5525734234375 0.86581459375
1 0.778523490625 0.9488828109374999 0.7796424156249999 0.9600642046875001 0.78970845625 0.9680509140625 0.8042502015625 0.966453571875 0.80872590625 0.9568695203124999 0.8064880531249999 0.9456859812499999 0.79865771875 0.9392966140624999 0.7874727515625 0.9392966140624999 0.778523490625 0.9488828109374999
1 0.88926281875 0.7939299171875 0.8825492625000001 0.8019166265625 0.8847871140624999 0.80830599375 0.8948553015625 0.8146975078124999 0.9284123484375 0.8258789015625 0.9474276515625 0.8226842171875001 0.9552579859374999 0.8146975078124999 0.9552579859374999 0.8019166265625 0.9407162421875 0.795527259375 0.9295312750000001 0.7811511828125 0.9217009390625 0.7811511828125 0.88926281875 0.7939299171875
1 0.8433997312500001 0.5351433609375 0.82662228125 0.5351433609375 0.8131994625000001 0.549521584375 0.8143183890625 0.5591056359375 0.8299769124999999 0.5750790546875 0.8411640265625 0.5798732265625001 0.8512300671874999 0.5798732265625001 0.8545868453125 0.5750790546875 0.8545868453125 0.549521584375 0.8433997312500001 0.5351433609375
1 0.6901562421875 0.17252314375 0.7002244296875 0.16773111875 0.708054765625 0.1581470671875 0.7114093953125 0.14856301562500002 0.70917154375 0.130990109375 0.7013412078125 0.124600740625 0.6476499328124999 0.11182200625000001 0.6364649671875 0.11661403125 0.6331103359375 0.124600740625 0.6342271140625 0.135782134375 0.648768859375 0.159744409375 0.6700220140625001 0.1741204859375 0.6901562421875 0.17252314375