3 0.08333415937500001 0.3298517453125 0.0892851421875 0.32238779375000004 0.097223175 0.3000000109375 0.097223175 0.28059658593750003 0.0892851421875 0.26567071875 0.0853171421875 0.26567071875 0.0803576515625 0.2716414734375 0.074404634375 0.28955169999999997 0.07241961875 0.31791023749999997 0.078372634375 0.3298517453125 0.08333415937500001 0.3298517453125
1 0.1557537140625 0.29253809375 0.15178571406250002 0.2880605375 0.1438497140625 0.291044896875 0.14484120625000002 0.3059707640625 0.1537707296875 0.3089551234375 0.15674520625 0.30298437031250003 0.1557537140625 0.29253809375
1 0.2678573328125 0.29253809375 0.274801840625 0.3014932078125 0.2847228578125 0.3074619265625 0.3015863484375 0.3014932078125 0.3105158734375 0.286567340625 0.31349238125 0.25671560625 0.3085308578125 0.24925368906249998 0.2946438734375 0.2447761328125 0.2847228578125 0.234327821875 0.2757933328125 0.23283665937500003 0.2698403171875 0.23582101875 0.2619043171875 0.25373124687500004 0.2619043171875 0.2761190296875 0.2678573328125 0.29253809375
1 0.39404704687500003 0.3001485171875 0.389384190625 0.307014375 0.38492044375 0.31970248125 0.38392895312499997 0.325372153125 0.38392895312499997 0.343284415625 0.39087346093750003 0.357014096875 0.39781796875 0.3656721984375 0.40575396875 0.37164091718750003 0.42361098437500005 0.37164091718750003 0.43551498437499997 0.3656721984375 0.44146799999999997 0.353730690625 0.44047650781250003 0.31343268125 0.4375 0.3044775671875 0.415674984375 0.291044896875 0.3988094609375 0.28955169999999997 0.39404704687500003 0.3001485171875
1 0.4623015234375 0.320894596875 0.46825453906250003 0.349253134375 0.47619053906250003 0.36119464218749997 0.48908806406250005 0.3656721984375 0.49801555625000005 0.3641790015625 0.5029770796874999 0.356717084375 0.5089280640625 0.314925878125 0.507936571875 0.2985068140625 0.500000571875 0.28507414375 0.48908806406250005 0.2776122265625 0.4722225390625 0.2776122265625 0.46626952343749994 0.28358298125000003 0.46131003125000003 0.3044775671875 0.4623015234375 0.320894596875
1 0.6170636828125 0.2104468421875 0.6091276828125001 0.22686590624999997 0.6011896515624999 0.262686359375 0.602183175 0.28358298125000003 0.610119175 0.3104483203125 0.624008190625 0.3298517453125 0.631944190625 0.3283585484375 0.635912190625 0.320894596875 0.6746027296875 0.200000565625 0.6746027296875 0.192536615625 0.6686517453125 0.1850746984375 0.6527777140625 0.1835815015625 0.6369057140625001 0.1910454515625 0.6170636828125 0.2104468421875
1 0.771825840625 0.2776122265625 0.7648813328124999 0.28955169999999997 0.7589283171875 0.316417040625 0.761904825 0.349253134375 0.769840825 0.3701497546875 0.7837298406250001 0.3910443421875 0.8045633656250001 0.40597020937500006 0.82242038125 0.40746340625000005 0.8373008890625 0.40149265156249997 0.8412688890625001 0.3925375390625 0.8392859046875 0.38059603124999997 0.8085313656249999 0.3298517453125 0.7936508578125 0.31940343437499996 0.7936508578125 0.3119394828125 0.7867063484375 0.3000000109375 0.7837298406250001 0.286567340625 0.771825840625 0.2776122265625
1 0.7946423484375 0.27014827656249996 0.8015868578124999 0.26417955625 0.8035718734374999 0.228359103125 0.800595365625 0.2179107921875 0.7946423484375 0.2119400390625 0.7817468578125 0.2089556796875 0.7648813328124999 0.2149243984375 0.761904825 0.22686590624999997 0.7628963171875001 0.2447761328125 0.771825840625 0.2671639171875 0.777776825 0.27014827656249996 0.7946423484375 0.27014827656249996
1 0.0168655875 0.3656721984375 0.030754603125000002 0.3686565578125 0.0357140953125 0.356717084375 0.0277780953125 0.34477557812500004 0.021825079687500002 0.34477557812500004 0.0138890796875 0.353730690625 0.0138890796875 0.36119464218749997 0.0168655875 0.3656721984375
1 0.123016190625 0.44029949999999995 0.11805466718749999 0.44776141718750007 0.11805466718749999 0.45820972656250003 0.12003968281249999 0.46567164375000003 0.1259926984375 0.4701492 0.13095219062500002 0.46567164375000003 0.1339286984375 0.44626821874999995 0.13095219062500002 0.4417906625 0.123016190625 0.44029949999999995
1 0.0793641265625 0.385075621875 0.074404634375 0.3895531796875 0.0734131421875 0.40298585 0.078372634375 0.41641851875 0.0843256515625 0.41641851875 0.08829365156249999 0.41343212500000004 0.0902786671875 0.40298585 0.087302159375 0.3910443421875 0.0793641265625 0.385075621875
1 0.3720229203125 0.49104378593750003 0.39087346093750003 0.476119953125 0.39186495312499997 0.45820972656250003 0.3859119359375 0.443283859375 0.3581359359375 0.4253736328125 0.355159428125 0.4253736328125 0.3501979046875 0.43283554999999996 0.3452384125 0.45074577656250003 0.3452384125 0.4701492 0.3521829203125 0.4835818703125 0.36111041250000003 0.48955262343749995 0.3720229203125 0.49104378593750003
1 0.4325405078125 0.40746340625000005 0.425596 0.41641851875 0.41865149218750003 0.44626821874999995 0.41865149218750003 0.464178446875 0.4265874921875 0.48805942656249995 0.43452349218749997 0.49104378593750003 0.45535701562500003 0.48208867343749995 0.4623015234375 0.476119953125 0.46924603125 0.46268728281250004 0.4702375234375 0.44925461406249995 0.46131003125000003 0.4194028796875 0.45535701562500003 0.40895456875 0.4484125078125 0.40298585 0.43948501562500003 0.40298585 0.4325405078125 0.40746340625000005
1 0.643848190625 0.3895531796875 0.6388886984375 0.38059603124999997 0.6309526984375 0.377611671875 0.6211312375 0.383582425 0.6210316828125 0.3999994546875 0.6269846984375 0.4194028796875 0.631944190625 0.4238804359375 0.63789720625 0.4208960765625 0.6428566984375 0.41343212500000004 0.643848190625 0.3895531796875
1 0.736111809375 0.5134336046875 0.736111809375 0.5358213875 0.7410713015625 0.5507472546875001 0.751983809375 0.5656710875 0.767857840625 0.5791037578125 0.7817468578125 0.5805969546874999 0.7847213328125 0.5776125953125 0.788691365625 0.567164284375 0.788691365625 0.5477608609375 0.7817468578125 0.5208955203125 0.7748023484375001 0.504478490625 0.7688493328125 0.49552337812499997 0.7589283171875 0.49104378593750003 0.748015809375 0.49253698281249997 0.74206279375 0.49701454062500006 0.736111809375 0.5134336046875
1 0.8152767624999999 0.4666867734375 0.8210408250000001 0.4811203328125 0.841199809375 0.489790640625 0.8527177781249999 0.47679128281249994 0.8498306671875 0.4522389734375 0.8152767624999999 0.4666867734375
1 0.8623116828124999 0.4349105640625 0.8479167625 0.42625449687500006 0.8335116828125001 0.4349105640625 0.83255879375 0.45513382187499996 0.8699896515625 0.453687415625 0.8680757453125001 0.446463515625 0.8623116828124999 0.4349105640625
1 0.9444450156249999 0.39403073593750004 0.934524 0.4044770125 0.9335325078125001 0.4179096828125 0.9384919999999999 0.42985118906249997 0.9494045078125 0.4313423515625 0.9573405078125001 0.4208960765625 0.9573405078125001 0.40298585 0.9523810156250001 0.39403073593750004 0.9444450156249999 0.39403073593750004
1 0.8611109203125 0.5283574375 0.8531749203125001 0.53731255 0.8521834281249999 0.5492540578125 0.856151428125 0.556715975 0.8650789203125001 0.55970236875 0.8710319359375 0.5537316156250001 0.8720234281250001 0.53731255 0.8690469203125 0.529850634375 0.8611109203125 0.5283574375
2 0.82549644375 0.6394032843749999 0.7896625390625001 0.649686815625 0.76776844375 0.6766416656249999 0.753828634375 0.7185671390625 0.7617951109375001 0.769478240625 0.7896625390625001 0.8143880734375 0.843402221875 0.8443435578124999 0.8891855874999999 0.8473279171874999 0.9170530156250001 0.8114037140624999 0.9150598734375001 0.7455219890625 0.8812211421875 0.6736410312500001 0.82549644375 0.6394032843749999
2 0.7448084140625 1 0.743879175 0.985088565625 0.7040671109375001 0.9401644921875001 0.6483342859375 0.9521487203125 0.6204668578125 0.99107559375 0.6175015828125 1 0.7448084140625 1
1 0.1624778375 1 0.17460222187500002 0.9835811281250001 0.17460222187500002 0.9641797390625 0.1686512375 0.9552246249999999 0.1696427296875 0.9477606749999999 0.166666221875 0.9417919546875 0.1636897140625 0.92238853125 0.15178571406250002 0.9029851078125001 0.1438497140625 0.9029851078125001 0.13690520625 0.9089558609375 0.13095219062500002 0.92238853125 0.13095219062500002 0.9358212015625 0.138888190625 0.9746260156250001 0.138001046875 1 0.1624778375 1
1 0.39682444375000003 0.9059694671875 0.39186495312499997 0.8910456343750001 0.3779759359375 0.8880592406250001 0.371031428125 0.8776109296874999 0.3650784125 0.8746265703124999 0.3343259046875 0.8835816828124999 0.32936438125 0.9014919109375 0.33333238125000003 0.91492458125 0.339285396875 0.92387969375 0.3382939046875 0.953731428125 0.3402768890625 0.9626865421874999 0.3482149203125 0.9701484578124999 0.359127428125 0.9701484578124999 0.371031428125 0.9656709015624999 0.3859119359375 0.9507470687499999 0.39285644375 0.9388055609375 0.395832953125 0.925372890625 0.39682444375000003 0.9059694671875
1 0.3541659046875 0.6805964 0.3482149203125 0.686567153125 0.34622990468750003 0.6999998234375 0.33234088906250003 0.714925690625 0.3283728890625 0.737313475 0.3382939046875 0.7671631750000001 0.3501979046875 0.7805978796875 0.3650784125 0.7835822390625 0.3779759359375 0.776120321875 0.38392895312499997 0.7656720124999999 0.3859119359375 0.7522393421875 0.38492044375 0.7223876078125 0.379960953125 0.710448134375 0.371031428125 0.6999998234375 0.371031428125 0.6940290703125 0.3640869203125 0.6835827937500001 0.3541659046875 0.6805964
1 0.3561509203125 0.6029847390625 0.3402768890625 0.6000003796875 0.331349396875 0.591045265625 0.3204368890625 0.58955206875 0.311507365625 0.5985071828125 0.2976183484375 0.6014915421875 0.29365034843750004 0.6074622953125 0.2926588578125 0.6179106062499999 0.3025798734375 0.6447759468750001 0.303571365625 0.6671637296874999 0.30952438125000004 0.682089596875 0.3263878734375 0.6835827937500001 0.335317396875 0.6791052375 0.3521829203125 0.6597018140625 0.36011892031250003 0.6328364734374999 0.36011892031250003 0.6119398515625 0.3561509203125 0.6029847390625
4 0.143686778125 0 0.1457534609375 0.28140218125 0.1953280640625 0.031537834375000004 0.2882845078125 0.002625959375 0.2838810578125 0 0.143686778125 0
1 0.7783287734375001 0 0.777776825 0.0074635921875 0.7817468578125 0.029851376562499997 0.7857148578125 0.041790850000000004 0.792659365625 0.052239159375 0.8095228578125001 0.0611942734375 0.8273819046875 0.06268747031250001 0.8452389203124999 0.049252765625 0.8472219046875 0.043284046874999996 0.8462304125 0.0104479515625 0.844245396875 0.0014928390625 0.8433634296875001 0 0.7783287734375001 0
1 0.5674606343749999 0.1373127375 0.5783731421875 0.13283518125 0.5813496515625001 0.1268664609375 0.5823411421875 0.11194059375000001 0.588294159375 0.09104397343750001 0.588294159375 0.0791045 0.5684521265625 0.07462694375 0.5486121265625 0.05522351875 0.5367060953125 0.0582099140625 0.5327380953125 0.0791045 0.5327380953125 0.0985079234375 0.5347231109374999 0.10447664375000001 0.5674606343749999 0.1373127375
1 0 0.1543283453125 0.00099155625 0.1537318015625 0.0119040640625 0.14029913125 0.0158720640625 0.12835762343749998 0.014880571875000002 0.0895528109375 0.00495955625 0.076120140625 0 0.0777780640625 0 0.1543283453125
1 0.072917465625 0 0.07638965156250001 0.01790986875 0.0793641265625 0.02537381875 0.0892851421875 0.029851376562499997 0.09622965156249999 0.01790986875 0.09995000937500001 0 0.072917465625 0
4 0.019206159375 0.9084187984375 0.07497961875 0.941059596875 0.0731144765625 0.8217157234375 0.0365572703125 0.8133139484375 0.019206159375 0.9084187984375
1 0.1007939125 1 0.11111015937499999 0.9582089843749999 0.1101186671875 0.9044783046875 0.10615066718749999 0.9014919109375 0.10119117500000001 0.9014919109375 0.0942466671875 0.9104470234375001 0.082340634375 0.9567157875 0.079312415625 1 0.1007939125 1
1 0.2757933328125 0.9925382765625 0.29365034843750004 0.9955226359375 0.3025798734375 0.9865675218750001 0.3015863484375 0.944776315625 0.311507365625 0.92387969375 0.311507365625 0.9134334171875 0.303571365625 0.9000007484375001 0.2946438734375 0.89402999375 0.2837293328125 0.8925367968750001 0.276784825 0.9000007484375001 0.2757933328125 0.9313436453125 0.26884882499999996 0.9791035718750001 0.2757933328125 0.9925382765625
1 0.5128960640625 0.8925367968750001 0.5049600640625 0.8925367968750001 0.49404755624999996 0.9059694671875 0.4930560640625 0.92238853125 0.496032571875 0.9268660875 0.507936571875 0.92835725 0.5148810796875 0.92238853125 0.5168640640625 0.9014919109375 0.5128960640625 0.8925367968750001
1 0.5972216515625 0.91492458125 0.5972216515625 0.8835816828124999 0.5892856515625 0.8716422109374999 0.5823411421875 0.8716422109374999 0.5763881265624999 0.8761197671875 0.5674606343749999 0.8970143531250001 0.5674606343749999 0.916417778125 0.5724201265625 0.92835725 0.5892856515625 0.92835725 0.5972216515625 0.91492458125
1 0.769840825 0.92835725 0.7708323171875 0.9119402203125 0.7688493328125 0.89402999375 0.765872825 0.8880592406250001 0.7569453328125 0.8865680781249999 0.7509923171875 0.8910456343750001 0.736111809375 0.9134334171875 0.7351182859375001 0.920895334375 0.751983809375 0.9343280046875 0.7648813328124999 0.9358212015625 0.769840825 0.92835725
1 0.8551579046875 0.92387969375 0.8601194281250001 0.92238853125 0.8710319359375 0.89850755 0.8720234281250001 0.8761197671875 0.86607244375 0.8716422109374999 0.8472219046875 0.8686558171875 0.8293648890625 0.8716422109374999 0.8273819046875 0.8850748812499999 0.8283733968749999 0.89850755 0.8432539046875 0.9089558609375 0.8511899046875 0.920895334375 0.8551579046875 0.92387969375
1 0.964285015625 0.9328348078124999 0.968253015625 0.925372890625 0.968253015625 0.9104470234375001 0.9632935234375 0.8880592406250001 0.9533725078125 0.8761197671875 0.94246 0.8701490140624999 0.936506984375 0.8716422109374999 0.936506984375 0.8895524375000001 0.9295645078125 0.9044783046875 0.9305559999999999 0.9179109750000001 0.9474215234375001 0.9328348078124999 0.964285015625 0.9328348078124999
1 0.7033722546875001 0.7522393421875 0.7142847625 0.711939296875 0.7142847625 0.7014930203125 0.708333778125 0.6985066265625 0.6726197453125 0.70447738125 0.6706347296875 0.710448134375 0.6726197453125 0.7208964453125 0.6865087625 0.7507461453125 0.6964277453125 0.7567168984375 0.7033722546875001 0.7522393421875
1 0.6150786671875 0.6179106062499999 0.6230166984375 0.597013984375 0.63392920625 0.5791037578125 0.6349206984375 0.5701486453125 0.6329356828125 0.5656710875 0.6170636828125 0.567164284375 0.602183175 0.5776125953125 0.596230159375 0.594029625 0.598215175 0.6104486890625 0.6031746671875 0.6179106062499999 0.6150786671875 0.6179106062499999
1 0.584326159375 0.71791005 0.5902771421875 0.714925690625 0.5932536515625 0.710448134375 0.5932536515625 0.7029841828125 0.5823411421875 0.6671637296874999 0.5773816515625 0.6626861734375 0.5684521265625 0.6656725671875 0.5605161265625 0.6835827937500001 0.5605161265625 0.6955222671875 0.563492634375 0.70447738125 0.5734136515625 0.7164188874999999 0.584326159375 0.71791005
1 0.527778603125 0.564179925 0.5178575875 0.5716418421875 0.5109130796875 0.5865677093749999 0.5089280640625 0.6074622953125 0.5128960640625 0.6179106062499999 0.5128960640625 0.6343276359375001 0.5168640640625 0.64626914375 0.5218255875 0.649253503125 0.535714603125 0.649253503125 0.5406740953125 0.64626914375 0.55357161875 0.62686571875 0.55753961875 0.6179106062499999 0.559524634375 0.6014915421875 0.5555546031249999 0.5820901515625 0.547618603125 0.5701486453125 0.5396826031249999 0.564179925 0.527778603125 0.564179925
1 0.47321403125000006 0.7298515578125 0.47817555624999997 0.7507461453125 0.48214355624999994 0.7552237015625 0.48908806406250005 0.7537305046875 0.503968571875 0.738806671875 0.5138895875 0.71791005 0.5138895875 0.6925379078125 0.5099215874999999 0.6805964 0.5049600640625 0.6761188437500001 0.49007955625 0.6746276812499999 0.4801585390625 0.686567153125 0.475199046875 0.7014930203125 0.47321403125000006 0.7298515578125
1 0.4702375234375 0.5925364281250001 0.46031650781250005 0.594029625 0.45535701562500003 0.6029847390625 0.4543655234375 0.6179106062499999 0.46031650781250005 0.6283589171874999 0.46924603125 0.6283589171874999 0.475199046875 0.619403803125 0.47619053906250003 0.6014915421875 0.4702375234375 0.5925364281250001
1 0.20477161875 0.68387980625 0.1980546671875 0.630448171875 0.196130603125 0.5799113859375 0.16253974531249998 0.6318945796875 0.211488571875 0.79941745 0.2201295875 0.7820890421875 0.20477161875 0.68387980625
1 0.0892851421875 0.6776120406249999 0.08829365156249999 0.6970154640625 0.091270159375 0.711939296875 0.09523815937499999 0.7194032484374999 0.115080190625 0.7298515578125 0.126984190625 0.7298515578125 0.1359116828125 0.6716412859374999 0.134920190625 0.64328275 0.1319436828125 0.6328364734374999 0.123016190625 0.6343276359375001 0.1140866671875 0.64328275 0.0942466671875 0.65522425625 0.0892851421875 0.6776120406249999
1 0.37566105 1 0.371031428125 0.9820899656250001 0.3650784125 0.9716416546875 0.3561509203125 0.9746260156250001 0.35119142812500004 0.9970158328125001 0.3513439328125 1 0.37566105 1
1 1 0.7039501328125 0.9950395562500001 0.707461740625 0.9900800640625 0.714925690625 0.9900800640625 0.7238808046874999 0.997024571875 0.734329115625 1 0.7365669546875 1 0.7039501328125
3 0.062500634375 0.8134319390625 0.0535711109375 0.80746321875 0.046626603125 0.8119407765625001 0.038690603125 0.82835780625 0.04464361875 0.8507455890625 0.0515881265625 0.8597007031249999 0.0674601265625 0.8611939 0.070436634375 0.8537319828125 0.070436634375 0.8343285593750001 0.062500634375 0.8134319390625
3 0.13475155625 0.049850857812499996 0.104760953125 0.1046414234375 0.1026194921875 0.1239858515625 0.12136844375 0.17877641718749998 0.12725238125 0.17152200312500002 0.1363586671875 0.1417170578125 0.13903853906250002 0.11028261718750001 0.1352879359375 0.09577582031250001 0.138502159375 0.061135278125000005 0.13475155625 0.049850857812499996
3 0.1363586671875 0.0981946375 0.1433234921875 0.1135070265625 0.144930603125 0.06032765 0.138502159375 0.0740146109375 0.1363586671875 0.0981946375
3 0.1395728890625 0.062746465625 0.1433234921875 0.048239670312499996 0.14278711093750002 0.029700835937499996 0.1438598734375 0.0111640359375 0.138502159375 0.007939625 0.1326100953125 0.01841845 0.1315373328125 0.032925246875 0.13582431718750002 0.051462046875 0.1395728890625 0.062746465625
1 0 0 0 0.030377915625 0.0138890796875 0.011941150000000001 0.014384853125 0 0 0
1 0.291667365625 0.0701493859375 0.2857143484375 0.0686561890625 0.2817463484375 0.073133746875 0.2777783484375 0.0999990859375 0.27976133281250004 0.10596984062499999 0.3025798734375 0.110447396875 0.31349238125 0.0999990859375 0.3144838734375 0.0895528109375 0.3125008890625 0.085075253125 0.291667365625 0.0701493859375
1 0.2976183484375 0.041790850000000004 0.2926588578125 0.052239159375 0.290673840625 0.073133746875 0.3065478734375 0.08358205625000001 0.3164688890625 0.077611303125 0.3204368890625 0.0686561890625 0.31845187343750003 0.05373235625 0.3065478734375 0.041790850000000004 0.2976183484375 0.041790850000000004
1 0.487103046875 0.0925371703125 0.4920625390625 0.073133746875 0.48214355624999994 0.0671650265625 0.4702375234375 0.076120140625 0.46131003125000003 0.09104397343750001 0.45734203124999995 0.10298548125 0.45634850781249997 0.11641815 0.4583335234375 0.1298508203125 0.46825453906250003 0.1477610484375 0.48313504687500003 0.1582093578125 0.491071046875 0.15970052031249998 0.5069450796875 0.1492542453125 0.519840571875 0.1298508203125 0.523808571875 0.1074630375 0.519840571875 0.0999990859375 0.5049600640625 0.110447396875 0.491071046875 0.1074630375 0.487103046875 0.0999990859375 0.487103046875 0.0925371703125
1 0.6274359453125 0 0.616072190625 0.0089547546875 0.5992066671875 0.029851376562499997 0.5952386671875 0.0373132921875 0.5952386671875 0.04626840625 0.6071426671875 0.0701493859375 0.6200401906249999 0.0716425828125 0.6289676828124999 0.0656718296875 0.6408737140625 0.047761603125 0.6468246984375 0.044775209375 0.65773720625 0.029851376562499997 0.659722221875 0.023880621875 0.659722221875 0.0074635921875 0.6576557249999999 0 0.6274359453125 0
1 0.68708715 0 0.6865087625 0.0104479515625 0.6944447625 0.022387425 0.704365778125 0.020896262500000002 0.708333778125 0.0104479515625 0.7073402546875001 0.0014928390625 0.7059230453125 0 0.68708715 0
1 0.724205778125 0.14179029375000002 0.732143809375 0.1208957078125 0.732143809375 0.10298548125 0.724205778125 0.0895528109375 0.7013892703125 0.080597696875 0.6954362546875 0.085075253125 0.6934532703125 0.0925371703125 0.6944447625 0.1253732640625 0.7073402546875001 0.14179029375000002 0.71825479375 0.14626785 0.724205778125 0.14179029375000002
1 0.8749999359375 0.08358205625000001 0.8720234281250001 0.080597696875 0.8621024125 0.08358205625000001 0.8601194281250001 0.0895528109375 0.8611109203125 0.0985079234375 0.864087428125 0.10298548125 0.87400844375 0.10298548125 0.875991428125 0.0955215296875 0.8749999359375 0.08358205625000001
1 0.9186499687499999 0.20447812187499997 0.9285709843750001 0.205969284375 0.9335325078125001 0.200000565625 0.9335325078125001 0.1895522546875 0.9295645078125 0.1805971421875 0.9176584765625 0.1820903390625 0.9156754921875001 0.19850736875 0.9186499687499999 0.20447812187499997
1 0 0.291640303125 0.007936064062500001 0.2761190296875 0.006944571875 0.2611931625 0 0.25074502656250003 0 0.291640303125
1 0.00892755625 0.2089556796875 0.0158720640625 0.2164175953125 0.030754603125000002 0.2149243984375 0.0357140953125 0.205969284375 0.0367055875 0.1865678953125 0.0416671109375 0.17462638749999998 0.040675618749999996 0.1641801125 0.029761079687500004 0.16268691562499998 0.0168655875 0.173135225 0.007936064062500001 0.1895522546875 0.006944571875 0.20298492499999998 0.00892755625 0.2089556796875
1 0.1220246984375 0.24925368906249998 0.1259926984375 0.2611931625 0.13095219062500002 0.2671639171875 0.134920190625 0.258208803125 0.13690520625 0.223881546875 0.1299606984375 0.2194039890625 0.1220246984375 0.234327821875 0.1220246984375 0.24925368906249998
1 0.1398817140625 0.29253809375 0.13839244374999998 0.267910515625 0.1299606984375 0.2791054234375 0.1279756828125 0.28955169999999997 0.12896920625 0.2985068140625 0.13789669843750002 0.30298437031250003 0.1398817140625 0.29253809375