3 0.0684779125 0.79738663125 0.0728254609375 0.79738663125 0.0815227828125 0.7810462203124999 0.0815227828125 0.759803909375 0.0728254609375 0.7352944078125 0.0663052515625 0.7271230906249999 0.0608691484375 0.7271230906249999 0.054346712500000005 0.740196309375 0.056521600000000005 0.7712424203125 0.063044034375 0.7908500218750001 0.0684779125 0.79738663125
1 0.1336955828125 0.7532673 0.1326092515625 0.7696077109374999 0.1413043484375 0.7728749015624999 0.1456518953125 0.7679730015625 0.1467382265625 0.75653671875 0.14347923437500001 0.750000109375 0.1336955828125 0.7532673
1 0.261956034375 0.8104576218749999 0.2706511296875 0.8300652234375001 0.277173565625 0.833332415625 0.2869572171875 0.8316999328125 0.2978272 0.8202614234375 0.3130425046875 0.8153595234375001 0.318478609375 0.8071904312499999 0.315217390625 0.7745096109375 0.30543373906250004 0.7581692015625 0.2869572171875 0.75163481875 0.276087234375 0.7581692015625 0.2684784703125 0.7679730015625 0.261956034375 0.7859481203125 0.261956034375 0.8104576218749999
1 0.40673850468749995 0.7596413296875 0.4119564515625 0.7712424203125 0.43043519999999996 0.7696077109374999 0.45434782656249995 0.7549020093750001 0.45760904375000006 0.745098209375 0.4586953734375 0.70098110625 0.45217293906249995 0.6879078875 0.4391302953125 0.6813735046875 0.41956521718750006 0.6813735046875 0.41087012187500005 0.6879078875 0.40326135625 0.697386528125 0.395652590625 0.7124173890625001 0.395652590625 0.7320272171875 0.39673892187500004 0.7382342125 0.401629634375 0.7521247859375 0.40673850468749995 0.7596413296875
1 0.4858692171875 0.7777768015625 0.4923916515625 0.7843134125 0.5108704000000001 0.7843134125 0.5228267125 0.7761443203125 0.531521809375 0.76143861875 0.5326081390625 0.7434635 0.5260879296875001 0.6977116875 0.5206518265625 0.689542596875 0.5108704000000001 0.6879078875 0.49673920000000005 0.6928097875 0.48804410468750004 0.70588300625 0.48152167031250004 0.7369291171875 0.48043533906249997 0.7549020093750001 0.4858692171875 0.7777768015625
1 0.690217321875 0.8872555453125001 0.7076097390625 0.8856208359375 0.7141299484375 0.8774517453125 0.7141299484375 0.8692804265625 0.6717385734375 0.7369291171875 0.6673910265624999 0.7287577984375 0.6586959296875 0.7271230906249999 0.6434784 0.7483654 0.6347833046875 0.7777768015625 0.6336947484375 0.800653821875 0.6423920703125 0.8398690249999999 0.651087165625 0.8578441437500001 0.6728271296874999 0.8790842265625001 0.690217321875 0.8872555453125001
1 0.8130438953124999 0.7712424203125 0.8206526609375 0.7843134125 0.8336953046875 0.7745096109375 0.8369565218749999 0.759803909375 0.8445652875 0.74673291875 0.8445652875 0.7385615999999999 0.8608691484375001 0.7271230906249999 0.8945654265625 0.6715697046875 0.8967380875 0.6584964859375 0.8923905390625 0.648692684375 0.876086678125 0.642156075 0.8565216 0.6437907843749999 0.8336953046875 0.6601311937500001 0.8184777734375001 0.6830059875 0.8097826781249999 0.70588300625 0.8065214609375 0.74183101875 0.8130438953124999 0.7712424203125
1 0.8097826781249999 0.8398690249999999 0.8130438953124999 0.8529422437499999 0.83152264375 0.8594766265624999 0.8456516171875 0.856209434375 0.8521740515625 0.8496728250000001 0.8554352703125 0.8382343156250001 0.8532603828124999 0.7990191125 0.8456516171875 0.7924847296875 0.8271728703125 0.7924847296875 0.8206526609375 0.795751921875 0.8108690093750001 0.8202614234375 0.8097826781249999 0.8398690249999999
1 0 0.71078490625 0.0054351296875 0.71078490625 0.0141302265625 0.6977116875 0.0086963484375 0.6846406953125 0 0.6865077937499999 0 0.71078490625
1 0.10434685156250001 0.598038971875 0.10978295625000001 0.6062080640625 0.11847805156249999 0.60457558125 0.12173927031250001 0.59967368125 0.11847805156249999 0.5784313703125 0.11304417343749999 0.5735294703125 0.1065217390625 0.5784313703125 0.10434685156250001 0.5866004625000001 0.10434685156250001 0.598038971875
1 0.056521600000000005 0.6617636765625 0.061955478125 0.6666655765625 0.0706528 0.6601311937500001 0.0739140171875 0.647057975 0.0717391296875 0.6356216921875 0.06739158281249999 0.632352275 0.0608691484375 0.632352275 0.05543527031249999 0.647057975 0.056521600000000005 0.6617636765625
1 0.3532612171875 0.59477178125 0.3586950953125 0.6143793828125 0.3641312 0.6225484734375 0.3673924171875 0.6225484734375 0.3978252515625 0.602940871875 0.40434768749999994 0.5866004625000001 0.40326135625 0.5669928609375 0.38260772187500003 0.550654678125 0.370651409375 0.552287159375 0.3608699828125 0.5588237703125001 0.3532612171875 0.5735294703125 0.3532612171875 0.59477178125
1 0.4565227125 0.647057975 0.46630413906249996 0.647057975 0.4739129046875 0.64052359375 0.48043533906249997 0.6290850828125001 0.49021676562499994 0.5964042625 0.489130434375 0.5816985625 0.48152167031250004 0.5669928609375 0.4739129046875 0.5604584781249999 0.451086609375 0.550654678125 0.4423915125 0.55392186875 0.43369641718749996 0.5800660796875 0.43369641718749996 0.59967368125 0.4413051828125 0.632352275 0.44891394843750004 0.642156075 0.4565227125 0.647057975
1 0.655543790625 0.6683002859375 0.6663046953125 0.6748368953125 0.674999790625 0.6715697046875 0.6804336703125 0.6617636765625 0.6793473390625 0.6356216921875 0.6739134609375 0.6274503734375 0.6673910265624999 0.6241831828125 0.6619571484375 0.6290850828125001 0.6554347125 0.65032739375 0.655543790625 0.6683002859375
1 0.7815225046875 0.52614295 0.7880427125 0.54411806875 0.7945651484375 0.5490199687499999 0.8065214609375 0.550654678125 0.8173914437500001 0.54575055 0.823913878125 0.53594675 0.83152264375 0.5179738578124999 0.839131409375 0.48856245625000005 0.839131409375 0.46732014531250005 0.8347816343750001 0.45588163593750003 0.83152264375 0.45261444375000004 0.8163051125 0.45424915312499997 0.7989126953125 0.4689548546875 0.7869563828125 0.48529303749999997 0.7815225046875 0.5016334484375 0.7815225046875 0.52614295
1 0.86825975625 0.5773200359375 0.9061188171874999 0.593137071875 0.9092820875 0.566257909375 0.8966624 0.5520265859375 0.874575165625 0.561518590625 0.86825975625 0.5773200359375
1 0.8871948515625 0.5899678734375 0.8882388875 0.612107715625 0.90402184375 0.6215841296875 0.9197936703125 0.612107715625 0.9261090781249999 0.599459878125 0.9282060515625 0.591551359375 0.8871948515625 0.5899678734375
1 0.9097829562499999 0.500000965625 0.9184780515625001 0.509804765625 0.9271731484375 0.5081700578125 0.9304343656249999 0.500000965625 0.929348034375 0.48202584687499994 0.9228256 0.4754892375 0.9130441734374999 0.47875865468749995 0.9086966265624999 0.486927746875 0.9097829562499999 0.500000965625
2 0.9492381218749999 0.1606050578125 0.8990754781250001 0.16387224843749998 0.840195478125 0.19666665156250002 0.8096624703125 0.24583264531250001 0.8009339828125001 0.3015686546875 0.816207165625 0.3474674578125 0.840195478125 0.376976853125 0.8794569734375 0.38823496562500004 0.9405118609375 0.350752465625 0.9775873390625 0.27205925937500003 0.9797711296875 0.19993384375 0.9492381218749999 0.1606050578125
2 0.6537403703125 0 0.6548158609375 0.0032342359374999997 0.6853488703124999 0.04585025625 0.7464126609374999 0.0589702453125 0.790032834375 0.0097886625 0.790643328125 0 0.6537403703125 0
1 0.1264298453125 0 0.1271731484375 0.0212427609375 0.11847805156249999 0.0637251546875 0.11847805156249999 0.07843085625 0.12500048749999998 0.09313655781249999 0.1326092515625 0.0996731671875 0.1413043484375 0.0996731671875 0.15434699062499999 0.07843085625 0.157608209375 0.057188545312500005 0.1608694265625 0.05065416406249999 0.15978309531249998 0.0424828453125 0.16630330468750001 0.03267904375 0.16630330468750001 0.011438960937500001 0.1578494984375 0 0.1264298453125 0
1 0.38913015624999997 0.1160135765625 0.40434768749999994 0.1127441578125 0.409781565625 0.096405975 0.408695234375 0.075163665625 0.40543401718750005 0.0604579640625 0.3978252515625 0.0473847453125 0.381521390625 0.031046562500000003 0.3684787484375 0.0261446625 0.35652243437500003 0.0261446625 0.3478251125 0.034313753125 0.3456524515625 0.0441175546875 0.34673878281250003 0.0767983734375 0.3402163484375 0.086602175 0.33586879999999997 0.1013078765625 0.34130490468749997 0.12091547656249998 0.37499895625 0.130719278125 0.381521390625 0.1274520859375 0.38913015624999997 0.1160135765625
1 0.35652243437500003 0.33660131875 0.36304264375 0.343137928125 0.3739126265625 0.339868509375 0.381521390625 0.32843222656250004 0.381521390625 0.3218956171875 0.39130504374999997 0.3104571078125 0.39673892187500004 0.297386115625 0.3978252515625 0.26470529531250003 0.395652590625 0.2499995953125 0.38913015624999997 0.23856108437499998 0.37499895625 0.23039199375 0.3586950953125 0.233659184375 0.3456524515625 0.2483671125 0.3347824703125 0.28104570624999997 0.3391300171875 0.3055552078125 0.3543475484375 0.3218956171875 0.35652243437500003 0.33660131875
1 0.3478251125 0.431372134375 0.3652175296875 0.4281049421875 0.369565078125 0.41830114218750003 0.369565078125 0.395424121875 0.3608699828125 0.3660127203125 0.342391234375 0.34477040937500003 0.3326075828125 0.339868509375 0.3141310609375 0.34150321875 0.3076086265625 0.3578436296875 0.3065222953125 0.38235313125000003 0.2956523125 0.4117645328125 0.29673864375000003 0.4232030421875 0.301086190625 0.42973965156249994 0.316303721875 0.43300684375 0.3260873734375 0.44281064375 0.3380436875 0.441175934375 0.3478251125 0.431372134375
4 0.178346934375 1 0.13469509531249999 0.7801642796875 0.13307927343749998 1 0.178346934375 1
1 0.6195657734375 1 0.6195657734375 0.9885629703125 0.6130433390625 0.9656859515624999 0.611957009375 0.949345540625 0.608695790625 0.9428111578125 0.5967394781250001 0.9379092578125 0.5608705390625001 0.9738572703124999 0.5586956515625 0.9803916515625 0.5586956515625 1 0.6195657734375 1
4 0 0.11539469843750001 0.0150540515625 0.1978425734375 0.055108034375 0.18864455 0.057151582812500004 0.0579903109375 0 0.091410746875 0 0.11539469843750001
1 0.062356451562500005 0 0.06521669531249999 0.0408503625 0.078261565625 0.09150407499999999 0.0858703296875 0.1013078765625 0.091304209375 0.1013078765625 0.09565175625 0.09803845781250001 0.0967380875 0.039215653125 0.0870497875 0 0.062356451562500005 0
1 0.28695213750000004 0 0.277173565625 0.0016329328125000001 0.2695648 0.0163408609375 0.277173565625 0.06862705625 0.2782598953125 0.1029403578125 0.28586866093749996 0.11111167656250001 0.2978272 0.1094769671875 0.3076086265625 0.1029403578125 0.316303721875 0.08823465625 0.316303721875 0.0767983734375 0.30543373906250004 0.0539213546875 0.3065222953125 0.0081695421875 0.29836954375 0 0.28695213750000004 0
1 0.528260590625 0.11111167656250001 0.5369556875 0.11111167656250001 0.541303234375 0.1013078765625 0.5391305734375 0.07843085625 0.531521809375 0.0718964734375 0.518479165625 0.07352895625 0.5152179484375 0.07843085625 0.516304278125 0.096405975 0.528260590625 0.11111167656250001
1 0.6130433390625 0.13398646875 0.6206521046875 0.13398646875 0.6293472 0.12091547656249998 0.6293472 0.086602175 0.6206521046875 0.0718964734375 0.60217335625 0.0718964734375 0.5967394781250001 0.084967465625 0.5967394781250001 0.1062097765625 0.6065209046875 0.12908456875000002 0.6130433390625 0.13398646875
1 0.797826365625 0.1127441578125 0.8043488 0.11764605937499999 0.8141302265625001 0.1160135765625 0.8173914437500001 0.1094769671875 0.8195641046875 0.089869365625 0.8184777734375001 0.0718964734375 0.8130438953124999 0.0637251546875 0.7989126953125 0.0653598640625 0.7804339484375 0.080065565625 0.7815225046875 0.08823465625 0.797826365625 0.1127441578125
1 0.8815227828125 0.11928076875 0.88369544375 0.13398646875 0.9032605218749999 0.1372558875 0.9239141562500001 0.13398646875 0.9304343656249999 0.12908456875000002 0.929348034375 0.10457506718750001 0.9173917218750001 0.07843085625 0.9119556171875001 0.0767983734375 0.9076080703124999 0.080065565625 0.8989129734375 0.09313655781249999 0.8826091125 0.10457506718750001 0.8815227828125 0.11928076875
1 0.75108744375 0.32353032656249997 0.7576076515625 0.3202609078125 0.7576076515625 0.3088246265625 0.7456513390625 0.26470529531250003 0.7380425734375 0.25980339531249996 0.7271748171875 0.2663400046875 0.7119572875 0.2990185984375 0.7097824 0.3104571078125 0.7119572875 0.3169937171875 0.75108744375 0.32353032656249997
1 0.651087165625 0.46732014531250005 0.66847735625 0.4689548546875 0.67065224375 0.4640529546875 0.6695659125 0.45424915312499997 0.6576096 0.4346415515625 0.648912278125 0.4117645328125 0.635869634375 0.4117645328125 0.63043575625 0.4199336234375 0.6282608703125 0.43790874375 0.6347833046875 0.45588163593750003 0.651087165625 0.46732014531250005
1 0.5891307125 0.339868509375 0.597825809375 0.3594761109375 0.6076094609375 0.3627455296875 0.6130433390625 0.3578436296875 0.6249996515625 0.3186284265625 0.6249996515625 0.3104571078125 0.621738434375 0.3055552078125 0.6152182265625 0.30228801562499996 0.6032619125 0.3039204984375 0.5923919296875 0.3169937171875 0.5891307125 0.32679751874999996 0.5891307125 0.339868509375
1 0.542391790625 0.4624182453125 0.5532617734375 0.4705873359375 0.5663044171875 0.4705873359375 0.5749995125 0.4640529546875 0.583694609375 0.45097973593749996 0.5880443828125 0.42973965156249994 0.5858694953125 0.4117645328125 0.5815219484374999 0.40196073125 0.5673907484375 0.380718421875 0.5619568703125 0.3774512296875 0.5467393390625 0.3774512296875 0.541303234375 0.380718421875 0.5369556875 0.393791640625 0.5369556875 0.4117645328125 0.5326081390625 0.4232030421875 0.5347830265625 0.44607783437500004 0.542391790625 0.4624182453125
1 0.5119567296875001 0.3496723109375 0.528260590625 0.348039828125 0.5336966953125 0.343137928125 0.53804424375 0.330064709375 0.53804424375 0.30228801562499996 0.5271742609375 0.279410996875 0.5108704000000001 0.2630728140625 0.503261634375 0.2614381046875 0.49891408750000005 0.2663400046875 0.49347798281250005 0.28921479687499996 0.49565287031249994 0.3202609078125 0.5010867484375 0.33660131875 0.5119567296875001 0.3496723109375
1 0.47934678281250004 0.43790874375 0.49021676562499994 0.43954345312500004 0.49673920000000005 0.42973965156249994 0.49565287031249994 0.41012982343750004 0.489130434375 0.4003260234375 0.47934678281250004 0.4003260234375 0.4728265734375 0.4117645328125 0.4739129046875 0.4281049421875 0.47934678281250004 0.43790874375
1 0.1530870265625 0.39645528125 0.189890921875 0.4533649859375 0.1919990265625 0.398038765625 0.1993584703125 0.33954335 0.21618546093750002 0.23202670312499998 0.2067179125 0.213056059375 0.1530870265625 0.39645528125
1 0.10978295625000001 0.393791640625 0.1195643828125 0.395424121875 0.12282560000000001 0.383987840625 0.1239119296875 0.352941728125 0.1141305046875 0.28921479687499996 0.1010878609375 0.28921479687499996 0.0793478953125 0.3006533078125 0.0750003484375 0.3088246265625 0.0717391296875 0.325162809375 0.0728254609375 0.34640511875 0.078261565625 0.3709146203125 0.0999993046875 0.383987840625 0.10978295625000001 0.393791640625
1 0.3605083328125 0 0.3652175296875 0.0212427609375 0.37499895625 0.024509953125 0.381521390625 0.013071442187499999 0.3849029890625 0 0.3605083328125 0
3 0.01739144375 0.181372990625 0.026086539062500004 0.1993458828125 0.0336953046875 0.2042477828125 0.04347895625 0.19771339999999998 0.052174051562500004 0.17483638125 0.052174051562500004 0.1535940703125 0.048912834375000006 0.145424978125 0.03152264375 0.1470596875 0.023913878125 0.1568634890625 0.01739144375 0.181372990625
3 0.1247716484375 1 0.123228521875 0.9833826796875 0.127337878125 0.9675010578125001 0.1244016703125 0.933087534375 0.1144243484375 0.9004579375 0.1079776 0.8925160125 0.08743527031250001 0.9524991484375 0.089781565625 0.973676871875 0.10420159843750001 1 0.1247716484375 1
3 0.1331223875 1 0.1320326953125 0.9639710656249999 0.1244016703125 0.9807346296875 0.126110865625 1 0.1331223875 1
1 0.3105436578125 1 0.317392278125 0.995097353125 0.3195649390625 0.990195453125 0.318478609375 0.9787591703125 0.3065222953125 0.9673206593750001 0.2815211125 0.9722225609375 0.2793484515625 0.9787591703125 0.2824882390625 1 0.3105436578125 1
1 0.5120393234375 1 0.5086955125 0.9869282609375001 0.5086955125 0.9787591703125 0.5130430609375 0.9705878515625 0.528260590625 0.9673206593750001 0.5445644515625 0.9787591703125 0.548912 0.9705878515625 0.5445644515625 0.94607835 0.530435478125 0.9248360390625001 0.5130430609375 0.9133997562499999 0.504347965625 0.9150322390625 0.48804410468750004 0.9264707484375 0.47717412187499997 0.94607835 0.47499923437499997 0.96078405 0.476087790625 0.9754897515625001 0.48043533906249997 0.9885629703125 0.48728251718750004 1 0.5120393234375 1
1 0.73695624375 0.995097353125 0.743478678125 0.9999992531249999 0.768477634375 0.990195453125 0.77717495625 0.9754897515625001 0.77717495625 0.9558821500000001 0.768477634375 0.9330073578125001 0.7619574265625 0.9281054578125 0.7499988875 0.9330073578125001 0.7358699125 0.95098025 0.7347835828125 0.9869282609375001 0.73695624375 0.995097353125
1 0.9304343656249999 0.9999992531249999 0.9336955828125 0.9967320624999999 0.9347819124999999 0.9836610703125 0.9326092515625 0.9754897515625001 0.9217392703125 0.9754897515625001 0.9184780515625001 0.9803916515625 0.9173917218750001 0.990195453125 0.9195643828125 0.9967320624999999 0.9304343656249999 0.9999992531249999
1 0.97826184375 0.8709151359374999 0.9804345046874999 0.888888028125 0.9934793734375 0.8905227375000001 0.997826921875 0.8807189359375001 0.997826921875 0.8692804265625 0.9923908171875 0.86274604375 0.9815208343749999 0.8643785265625 0.97826184375 0.8709151359374999
1 0 0.9039712359375001 0.007607790624999999 0.9101303375 0.0195663296875 0.9084956296875 0.0206526609375 0.897059346875 0.015216556249999999 0.883986128125 0.0141302265625 0.86274604375 0.0086963484375 0.8529422437499999 0 0.8520704218749999 0 0.9039712359375001
1 0.10869662656250001 0.8316999328125 0.117391721875 0.8480381156250001 0.12500048749999998 0.843136215625 0.12282560000000001 0.805555721875 0.11847805156249999 0.795751921875 0.11304417343749999 0.80228853125 0.10869662656250001 0.8153595234375001 0.10869662656250001 0.8316999328125
1 0.11521683437500001 0.7712424203125 0.117391721875 0.782678703125 0.12662998281249999 0.7949345671875 0.1282617046875 0.7679730015625 0.1260868171875 0.75653671875 0.116305390625 0.76143861875 0.11521683437500001 0.7712424203125