5 0.51903101875 0.48922999999999994 0.5086510078125001 0.48922999999999994 0.4948089953125 0.49846199999999996 0.49365566093749996 0.5046160000000001 0.4994223328125 0.518462 0.5098043421875 0.52 0.522491021875 0.5107700000000001 0.5236443562499999 0.501538 0.51903101875 0.48922999999999994
3 0.2445214203125 0.113846 0.2491347578125 0.106154 0.24336808593749998 0.095384 0.23644807812500002 0.09076999999999999 0.22606606875000002 0.09076999999999999 0.21222605468750003 0.096924 0.1891573671875 0.12 0.1891573671875 0.143076 0.1983860421875 0.143076 0.2445214203125 0.113846
5 0.1545553328125 0.14923 0.1534019984375 0.13999999999999999 0.1487886609375 0.132308 0.13725531562499999 0.132308 0.12456663750000001 0.141538 0.125719971875 0.15538400000000002 0.13033530937499999 0.16153800000000001 0.13610198125 0.16153800000000001 0.1510953296875 0.15384599999999998 0.1545553328125 0.14923
5 0.6770478375 0.481538 0.6712811656250001 0.476924 0.6574391515625 0.481538 0.6505191453125 0.487692 0.6505191453125 0.49846199999999996 0.6551324828125 0.506154 0.6735878343749999 0.503076 0.6793545062499999 0.49692400000000003 0.6770478375 0.481538
5 0.41291824843749997 0.283076 0.40484490781250004 0.283076 0.39215622968749997 0.293846 0.3898495609375 0.301538 0.3967695671875 0.31384599999999996 0.40599824218749997 0.312308 0.41753158749999997 0.301538 0.41753158749999997 0.292308 0.41291824843749997 0.283076
5 0.038062553124999995 0.301538 0.038062553124999995 0.312308 0.042675892187499995 0.321538 0.0542092359375 0.321538 0.0680512484375 0.315384 0.0680512484375 0.303076 0.0634379109375 0.295384 0.0495958984375 0.295384 0.038062553124999995 0.301538
5 0.9123420640625 0.181538 0.9111887296875001 0.172308 0.9042667249999999 0.166154 0.8985000515625 0.166154 0.8892733765624999 0.172308 0.883506703125 0.18 0.8846600375 0.19230799999999998 0.8961933828124999 0.195384 0.9077287265624999 0.187692 0.9123420640625 0.181538
5 0.7981539546875001 0.278462 0.7912339484375 0.27077 0.78316060625 0.27077 0.7750872656250001 0.276924 0.770471928125 0.287692 0.77393393125 0.295384 0.78316060625 0.296924 0.7958472859375 0.287692 0.7981539546875001 0.278462
5 0.5109576765625 0.166154 0.5005776671875 0.173846 0.4925023265625 0.186154 0.4948089953125 0.19692400000000002 0.5017310015625001 0.20307599999999998 0.5098043421875 0.2 0.520184353125 0.184616 0.520184353125 0.175384 0.5109576765625 0.166154
5 0.6723191953125001 0 0.6712811656250001 0.013846 0.6770478375 0.023076 0.685121178125 0.023076 0.6989611921875001 0.009229999999999999 0.6989611921875001 0.0015379999999999999 0.698192525 0 0.6723191953125001 0
1 0.71741654375 0.45846200000000004 0.6943478546875 0.461538 0.6770478375 0.473846 0.67474116875 0.48 0.675894503125 0.48922999999999994 0.681661175 0.49692400000000003 0.7001145265625001 0.503076 0.720876546875 0.501538 0.7289498875 0.493846 0.7312565578125 0.48307599999999995 0.7277965531249999 0.467692 0.71741654375 0.45846200000000004
1 0.071511253125 0.33077 0.07958459375 0.32923 0.0911179390625 0.316924 0.1095732890625 0.31077 0.1153399625 0.301538 0.121106634375 0.283076 0.11879996562499999 0.272308 0.11072662343749999 0.27077 0.1003466140625 0.283076 0.083044596875 0.278462 0.0668979140625 0.27999999999999997 0.0645912453125 0.295384 0.0680512484375 0.304616 0.069204584375 0.327692 0.071511253125 0.33077
1 0.46251363124999995 0.273846 0.4544402890625 0.258462 0.440600275 0.25077 0.425604928125 0.253846 0.41753158749999997 0.264616 0.41291824843749997 0.287692 0.418684921875 0.298462 0.42675826250000004 0.304616 0.44175360937499997 0.303076 0.46251363124999995 0.273846
1 0.3610142 0.644616 0.3564008609375 0.6215379999999999 0.35178752343749997 0.6153839999999999 0.3437141828125 0.61077 0.3275655 0.6092299999999999 0.317185490625 0.612308 0.3079588140625 0.6215379999999999 0.30565214531249996 0.644616 0.3079588140625 0.656924 0.3125721515625 0.664616 0.326412165625 0.67077 0.3437141828125 0.67077 0.3529408578125 0.6661539999999999 0.35870753125 0.658462 0.3610142 0.644616
1 0.723183215625 0.7753840000000001 0.7277965531249999 0.744616 0.7254898843750001 0.741538 0.7058831984375 0.747692 0.6908878515625 0.746154 0.68396784375 0.752308 0.68396784375 0.761538 0.7047298640624999 0.7876920000000001 0.715109875 0.7876920000000001 0.723183215625 0.7753840000000001
1 0.472895640625 0.9046160000000001 0.46251363124999995 0.898462 0.440600275 0.8969239999999999 0.422144925 0.913846 0.418684921875 0.924616 0.41983825625 0.938462 0.4302182671875 0.95077 0.44175360937499997 0.9569240000000001 0.46251363124999995 0.9569240000000001 0.4786623125 0.935384 0.4786623125 0.913846 0.472895640625 0.9046160000000001
1 0.13840865 0.9323079999999999 0.13610198125 0.9292299999999999 0.1130332921875 0.9276920000000001 0.0991932796875 0.933846 0.0991932796875 0.9553839999999999 0.1072666203125 0.9676920000000001 0.1130332921875 0.9707700000000001 0.128028640625 0.964616 0.13840865 0.947692 0.13840865 0.9323079999999999
3 0.1545553328125 0.106154 0.1464819921875 0.12 0.1464819921875 0.132308 0.1545553328125 0.146154 0.1614773390625 0.143076 0.1660906765625 0.12461599999999999 0.1637840078125 0.10307599999999999 0.1545553328125 0.106154
3 0.3847748890625 0 0.385236221875 0.012308 0.3933095640625 0.013846 0.40599824218749997 0.0015379999999999999 0.4117649140625 0.016924 0.422144925 0.015384 0.423298259375 0.007692 0.4189735359375 0 0.3847748890625 0
3 0.1880040328125 0.835384 0.1983860421875 0.835384 0.21222605468750003 0.824616 0.22606606875000002 0.82 0.2468280890625 0.8430759999999999 0.260668103125 0.846154 0.2687434421875 0.8400000000000001 0.2664367734375 0.823076 0.2525947609375 0.793846 0.2468280890625 0.78923 0.22260606562500002 0.8030760000000001 0.2006927109375 0.807692 0.19031070156250002 0.8153840000000001 0.18454402812499998 0.8292299999999999 0.1880040328125 0.835384
1 0.5524797171875 0.2 0.5686283984375 0.18 0.58016174375 0.17077 0.5824684125 0.163076 0.5824684125 0.13999999999999999 0.579008409375 0.12615400000000002 0.56631973125 0.106154 0.5513263828125 0.093846 0.538639703125 0.092308 0.52825769375 0.09846200000000001 0.5167243499999999 0.113846 0.5098043421875 0.132308 0.5086510078125001 0.15077000000000002 0.5121110109375 0.163076 0.522491021875 0.178462 0.5420997078124999 0.198462 0.5524797171875 0.2
1 0.5490197140624999 0.663076 0.560553059375 0.661538 0.583621746875 0.635384 0.583621746875 0.616924 0.581315078125 0.612308 0.5732417375 0.612308 0.560553059375 0.6276919999999999 0.5467130453125 0.623076 0.5328710328125 0.623076 0.5236443562499999 0.638462 0.522491021875 0.65077 0.5490197140624999 0.663076
3 0.8308770734375001 0.233692 0.8110025406249999 0.22793800000000003 0.8161935453125 0.237154 0.82655156875 0.253276 0.8291460718750001 0.267108 0.8360560843749999 0.274016 0.8395040953124999 0.270554 0.8429640984375 0.260184 0.8308770734375001 0.233692
5 0.5086510078125001 0.146154 0.49711566406249996 0.141538 0.4867356546875 0.146154 0.48096898125000004 0.15384599999999998 0.482122315625 0.166154 0.49019565781249996 0.17077 0.5063443390625 0.163076 0.5098043421875 0.15538400000000002 0.5086510078125001 0.146154
1 1 0.728717984375 0.9896194734374999 0.727692 0.9826994656249999 0.733846 0.98154613125 0.744616 0.9953861453125 0.764616 1 0.76846243125 1 0.728717984375
3 0.8477513359375 0.883076 0.8431379984375 0.8800000000000001 0.8339093234374999 0.895384 0.8200693093750001 0.898462 0.8016139578124999 0.8923080000000001 0.7889272796875 0.875384 0.7762406000000001 0.875384 0.7716272625 0.8815379999999999 0.7750872656250001 0.9015380000000001 0.7877739453125 0.9169240000000001 0.8004606234375 0.923076 0.818915975 0.923076 0.8362159921875 0.9169240000000001 0.8454446671875001 0.9030760000000001 0.8489046703125 0.8892300000000001 0.8477513359375 0.883076
1 0.5351797 0.46615399999999996 0.522491021875 0.48307599999999995 0.520184353125 0.493846 0.522491021875 0.5046160000000001 0.52825769375 0.50923 0.5513263828125 0.512308 0.560553059375 0.506154 0.5743950718749999 0.48922999999999994 0.5743950718749999 0.47846200000000005 0.5490197140624999 0.467692 0.5351797 0.46615399999999996
1 0.9457907640625001 0.172308 0.9561707734375 0.156924 0.9607841125000001 0.141538 0.9607841125000001 0.12 0.9561707734375 0.104616 0.9434840953125001 0.084616 0.926182078125 0.07538399999999999 0.9111887296875001 0.08307600000000001 0.8927333796875001 0.112308 0.8927333796875001 0.135384 0.8996533859375001 0.15384599999999998 0.9146487328124999 0.176924 0.923875409375 0.183076 0.9319487515624999 0.183076 0.9457907640625001 0.172308
3 0.9457907640625001 0.586154 0.922722075 0.587692 0.8915800453125 0.581538 0.8858133718750001 0.593846 0.8858133718750001 0.616924 0.8881200421875001 0.623076 0.9008067203125 0.62923 0.9388687578124999 0.632308 0.9457907640625001 0.626154 0.9515574359375 0.61077 0.9515574359375 0.5953839999999999 0.9457907640625001 0.586154