1 0.5982913109375 0.0148934078125 0.59401780625 0.023404012499999998 0.59401780625 0.03616991875 0.5997143875 0.0446805234375 0.60683831875 0.0382975703125 0.6082613953125 0.027659315625000003 0.6039878921875 0.0127657578125 0.5982913109375 0.0148934078125
1 0.1025648140625 0.11702065937499999 0.0997143875 0.13616951875 0.0826203703125 0.1723395875 0.0826203703125 0.1978714 0.0925925921875 0.20212670156249998 0.1025648140625 0.1829778421875 0.11965883125000001 0.1829778421875 0.1353276359375 0.165956634375 0.1353276359375 0.146807775 0.121081909375 0.0999994515625 0.1125349 0.0999994515625 0.1025648140625 0.11702065937499999
1 0.1794878921875 0.140424821875 0.1666673796875 0.142552471875 0.1638169515625 0.16170133125 0.1666673796875 0.168084284375 0.18091096874999998 0.168084284375 0.1837613953125 0.148935425 0.1794878921875 0.140424821875
1 0.3675220796875 0.1446801234375 0.3547015671875 0.142552471875 0.34900284843749996 0.1510630765625 0.3475776359375 0.168084284375 0.3732186609375 0.168084284375 0.37464387499999996 0.15744602968750002 0.3675220796875 0.1446801234375
1 0.364671653125 0.1829778421875 0.3603981484375 0.1999990515625 0.3603981484375 0.21063730625 0.364671653125 0.21489260781250002 0.377492165625 0.21276495781250002 0.3831908828125 0.204254353125 0.3803425921875 0.1829778421875 0.3732186609375 0.1744672390625 0.364671653125 0.1829778421875
1 0.5512827640625 0.2297882984375 0.541310540625 0.2297882984375 0.53133831875 0.24680950625000003 0.5327635328125 0.263830715625 0.5370370375 0.2680860171875 0.5512827640625 0.265958365625 0.5612528484375 0.2510648078125 0.5598297718749999 0.23829890156250003 0.5512827640625 0.2297882984375
1 0.53846225 0.046808175 0.5327635328125 0.05957408125 0.5327635328125 0.07021233593750001 0.5584045578125 0.078722940625 0.5584045578125 0.055318778125 0.5512827640625 0.0446805234375 0.53846225 0.046808175
1 0.29914601093750004 0.0085104546875 0.29914601093750004 0.0191487109375 0.31054131093750004 0.03616991875 0.31908831875 0.03404226875 0.3205135328125 0.023404012499999998 0.3176631046875 0.017021059375 0.303419515625 0.0021275015625 0.29914601093750004 0.0085104546875
1 0.6082613953125 0.912766421875 0.6011396015625 0.9276599781250001 0.5997143875 0.9574470937499999 0.6054131046875 0.9744683015625 0.6182336187499999 0.9723406515624999 0.6267806265625 0.9574470937499999 0.628205840625 0.9297876296875 0.61965883125 0.912766421875 0.6082613953125 0.912766421875
1 0.64387464375 0.6085101875000001 0.6324793453125 0.6106378390625 0.6267806265625 0.6212760937499999 0.6267806265625 0.634042 0.6353276359375 0.6425526046875001 0.6495733625 0.6404249531249999 0.652421653125 0.6234037453125 0.6495733625 0.6127654890625001 0.64387464375 0.6085101875000001
1 0.6015391734375 0.6710008765625 0.596453703125 0.6792769703125 0.5932186609375 0.6958291578125 0.602919515625 0.6937441453125001 0.60846225 0.6854680515625 0.6102998578125 0.6758296640625 0.6061545578125 0.6689371828125 0.6015391734375 0.6710008765625
1 0.6381759265625 0.42127689375 0.6353276359375 0.4255321953125 0.633902421875 0.4361704515625 0.6381759265625 0.4489363578125 0.6495733625 0.4425534046875 0.6509964390625 0.42765984687499997 0.6481481484375 0.42127689375 0.6381759265625 0.42127689375
1 0.6082613953125 0.278724271875 0.6054131046875 0.28297957500000004 0.6039878921875 0.30212843437500003 0.60683831875 0.3063837359375 0.6182336187499999 0.30212843437500003 0.61965883125 0.28936252812499996 0.6168084046875 0.2808519234375 0.6082613953125 0.278724271875
1 0.622507121875 0.240426553125 0.622507121875 0.2617030640625 0.6267806265625 0.2744689703125 0.6367528484375 0.285107225 0.65526994375 0.27021366874999997 0.6638169515625 0.2553201109375 0.6638169515625 0.2425542046875 0.6581203703125 0.2297882984375 0.646722934375 0.22127556093749998 0.628205840625 0.227658515625 0.622507121875 0.240426553125
1 0.7478639593749999 0.7957456125 0.7378917375 0.80638386875 0.735043446875 0.8276603781249999 0.7378917375 0.8425539359374999 0.74359045625 0.8446815875 0.7521374640625 0.8297880296875 0.7578340453125 0.80638386875 0.75641096875 0.7957456125 0.7478639593749999 0.7957456125
1 0.7210968656250001 0.74540470625 0.713703703125 0.73780869375 0.7109408828125 0.7460847875 0.716936609375 0.756424575 0.725257121875 0.75504309375 0.7210968656250001 0.74540470625
1 0.7079772078125 0.527659446875 0.6980049859374999 0.527659446875 0.6951566953125 0.6170207921875 0.702278490625 0.6276590468750001 0.7236460109375 0.6191484421875 0.7393169515625 0.57021246875 0.7364665234375 0.5553189109375001 0.7079772078125 0.527659446875
1 0.7763532765625001 0.6127654890625001 0.7663810546875001 0.6063825359374999 0.75641096875 0.614893140625 0.75641096875 0.634042 0.7663810546875001 0.6361696515624999 0.7735049859375 0.6319143484375 0.777778490625 0.6191484421875 0.7763532765625001 0.6127654890625001
1 0.8176631046875 0.565957165625 0.7948725078125001 0.5617018640625 0.7863254984375 0.57021246875 0.7792015671875 0.5893613281250001 0.787748575 0.5936166296875001 0.8019943015625 0.5808507234375 0.816240028125 0.576595421875 0.8176631046875 0.565957165625
1 0.7649579765625 0.476595821875 0.7521374640625 0.476595821875 0.746438746875 0.485106425 0.746438746875 0.4936170296875 0.7578340453125 0.4936170296875 0.7649579765625 0.476595821875
1 0.7236460109375 0.382979175 0.725071225 0.402128034375 0.733618234375 0.4085109875 0.746438746875 0.404255684375 0.7521374640625 0.3936174296875 0.7507122500000001 0.3744685703125 0.74359045625 0.36170266406249996 0.727919515625 0.3574473609375 0.727919515625 0.37234091875 0.7236460109375 0.382979175
1 0.7008554124999999 0.1872331453125 0.6923084046875 0.17872254062499998 0.6609686609375001 0.17872254062499998 0.65526994375 0.18510549375000002 0.6609686609375001 0.2191479109375 0.6666673796875 0.227658515625 0.6866096859375 0.2255308640625 0.6980049859374999 0.21489260781250002 0.702278490625 0.204254353125 0.7008554124999999 0.1872331453125
1 0.6965819093750001 0.1765948890625 0.7051289171875 0.1808501921875 0.7108254984375 0.1978714 0.7193725078125001 0.2063820046875 0.7450135328124999 0.1978714 0.7578340453125 0.165956634375 0.75641096875 0.13616951875 0.7521374640625 0.12340361250000001 0.74359045625 0.1148930078125 0.735043446875 0.1191483109375 0.73076994375 0.11063770625 0.722222934375 0.1127653578125 0.7122507125 0.1382971703125 0.6980049859374999 0.16170133125 0.6965819093750001 0.1765948890625
1 0.81054139375 0 0.8176631046875 0.0127657578125 0.83190883125 0.0191487109375 0.840455840625 0.0127657578125 0.8477817625 0 0.81054139375 0
1 0.9515669515624999 0.065957034375 0.9515669515624999 0.055318778125 0.9358981484375001 0.055318778125 0.934472934375 0.06808468437500001 0.945868234375 0.07021233593750001 0.9515669515624999 0.065957034375
1 0.921652421875 0.0978718 0.9102571218750001 0.0978718 0.8988596859375001 0.1148930078125 0.8974366093749999 0.1446801234375 0.9074066953125 0.1510630765625 0.9102571218750001 0.146807775 0.9102571218750001 0.13191421718750002 0.9145306265625001 0.12553126406249998 0.9273511390625 0.1212759609375 0.9387464390625 0.12340361250000001 0.9401716531250001 0.1148930078125 0.921652421875 0.0978718
1 0.8799002843749999 0.279084565625 0.8752848999999999 0.270808471875 0.8678917374999999 0.276319471875 0.8554280625 0.288042871875 0.8540455843749999 0.305277271875 0.8605135328125 0.31906436562499996 0.8752848999999999 0.310788271875 0.8799002843749999 0.29493535312499997 0.8799002843749999 0.279084565625
1 0.9116801999999999 0.3106390390625 0.9116801999999999 0.30212843437500003 0.8917378921875001 0.304256084375 0.8874643875 0.3170219921875 0.8888896015625001 0.32127729375 0.8988596859375001 0.32127729375 0.9074066953125 0.3170219921875 0.9116801999999999 0.3106390390625
1 0.915953703125 0.1744672390625 0.9245007125000001 0.1999990515625 0.9273511390625 0.22127556093749998 0.9301994296875 0.2234032125 0.937321225 0.21276495781250002 0.9415947296875 0.1723395875 0.937321225 0.165956634375 0.9202272078125 0.16170133125 0.915953703125 0.1638289828125 0.915953703125 0.1744672390625
1 0.829045584375 0.6544252390625 0.824259259375 0.6526386937499999 0.8154836187500001 0.65680871875 0.8083041312500001 0.6597870046875001 0.7959259265624999 0.6717235953125 0.7891460109375 0.6794688421874999 0.7875498578125 0.6979354890625 0.7899430203125 0.719382553125 0.793133190625 0.7354678515625 0.800312678125 0.7468075062499999 0.8142870375 0.7503827281250001 0.829045584375 0.7521692718749999 0.8402143875 0.747999246875 0.8469943015625001 0.73785133125 0.8569793453125 0.7211712296874999 0.8597720796875 0.7098507609375 0.860171653125 0.6961489453125 0.8593725078125001 0.6860202171875 0.8561823359374999 0.6794688421874999 0.8481908828125 0.6729153359375 0.8442015671875 0.6675322515625 0.84141096875 0.6609787453125 0.8366246437499999 0.6562117828125 0.829045584375 0.6544252390625
1 0.8665519937499999 0.7503827281250001 0.8565819093749999 0.747999246875 0.8422079765625 0.7503827281250001 0.8326353281250001 0.766468025 0.827849003125 0.7807667781250001 0.826652421875 0.7932768546875 0.8282485749999999 0.8087865359374999 0.8322357546875001 0.8212987453125 0.8406118234375001 0.829041859375 0.84859045625 0.8326170812499999 0.86296225 0.8367871062500001 0.8789173796874999 0.8308305359375 0.8829066953125 0.82368009375 0.886096865625 0.811766953125 0.8868938749999999 0.7950634 0.8833041312500001 0.7795750390625 0.8789173796874999 0.767659765625 0.8725349 0.7563414296875 0.8665519937499999 0.7503827281250001
1 0.896011853125 1 0.8917378921875001 0.9936171609375 0.8789173796874999 0.9851065578125 0.8675220796875 0.9872342078124999 0.8675220796875 0.9978724640625 0.86839859375 1 0.896011853125 1
1 0.9387463234375 1 0.9301994296875 0.9914895109374999 0.9202272078125 0.989361859375 0.9145306265625001 0.9936171609375 0.9111114578124999 1 0.9387463234375 1
1 0.937321225 0.9553194421875 0.9301994296875 0.9617023953125001 0.921652421875 0.9787236046875 0.9245007125000001 0.989361859375 0.934472934375 0.9957448125000001 0.9487186609375 0.9936171609375 0.9544152421875 0.9765959531249999 0.952992165625 0.9595747453125 0.937321225 0.9553194421875
3 0.9002848999999999 0.6127654890625001 0.8917378921875001 0.6170207921875 0.8888896015625001 0.6234037453125 0.890312678125 0.634042 0.9074066953125 0.6404249531249999 0.9116801999999999 0.634042 0.9131054125 0.6170207921875 0.9102571218750001 0.6127654890625001 0.9002848999999999 0.6127654890625001
1 0.3418810546875 0.59574428125 0.327635328125 0.6361696515624999 0.327635328125 0.6468079062500001 0.3333340453125 0.6553185109374999 0.3732186609375 0.6553185109374999 0.377492165625 0.6297866984375 0.3732186609375 0.5872336765624999 0.3675220796875 0.57234011875 0.35612464374999997 0.57021246875 0.3418810546875 0.59574428125
1 0.51780625 1 0.515669515625 0.9851065578125 0.4857549859375 0.940425884375 0.4672357546875 0.9297876296875 0.45156695156250004 0.9297876296875 0.44871866093749996 0.940425884375 0.45156695156250004 0.9574470937499999 0.471509259375 0.9936171609375 0.47364623906250003 1 0.51780625 1
1 0.542630053125 1 0.5447443015625 0.97366030625 0.5450434468750001 0.945595778125 0.5438468656250001 0.9113188515624999 0.5420648140625001 0.9033199062499999 0.536096865625 0.9108946 0.531936609375 0.9291267359375001 0.5301417374999999 0.9562979921875 0.530804340625 1 0.542630053125 1
1 0.5642045078125 1 0.56591096875 0.9816592515625 0.5641160968750001 0.9522771999999999 0.5620370375 0.9269159406249999 0.55726566875 0.9068716765625 0.55071225 0.9024245015625001 0.54296225 0.9082126515625 0.5453425921874999 0.9157873453125 0.5450434468750001 0.936255859375 0.5462400281249999 0.96295809375 0.5450434468750001 0.9869996984375 0.5440988921875001 1 0.5642045078125 1
1 0 0.920479115625 0.0071225078125 0.9191493749999999 0.0113960109375 0.912766421875 0.0113960109375 0.8978728640625 0.002849003125 0.88297930625 0 0.88297930625 0 0.920479115625
1 0.2257291328125 1 0.22222293437500001 0.9914895109374999 0.2122507125 0.9851065578125 0.1994302 0.9851065578125 0.1837615171875 1 0.2257291328125 1
1 0.20655199375 0.940425884375 0.20655199375 0.9723406515624999 0.21082549843749998 0.98297890625 0.22222293437500001 0.9936171609375 0.2393169515625 0.989361859375 0.24928703749999997 0.9744683015625 0.2549857546875 0.9553194421875 0.2521374640625 0.9340429312499999 0.2393169515625 0.9148940718749999 0.23076994375 0.912766421875 0.2165242171875 0.921277025 0.20655199375 0.940425884375
1 0.5341887468750001 0.7127650890624999 0.53133831875 0.7234033453125 0.53133831875 0.7659584984375 0.5455840453125 0.7787244046875 0.552705840625 0.7787244046875 0.572650284375 0.7659584984375 0.5697998578125001 0.7191480421875001 0.5584045578125 0.7063821359375 0.5427357546875 0.7063821359375 0.5341887468750001 0.7127650890624999
1 0.3917378921875 0.7510628078125 0.384616096875 0.7595734125 0.38176566875 0.7680861484375 0.3831908828125 0.7808520546875 0.397436609375 0.78297970625 0.403133190625 0.7744691015625 0.403133190625 0.7553181109375 0.40028490000000005 0.7510628078125 0.3917378921875 0.7510628078125
3 0.0826203703125 0.6999991828125001 0.07407336249999999 0.702126834375 0.06837678124999999 0.7106374390625 0.06837678124999999 0.7255309953125 0.08119729375 0.7276586468749999 0.08404558437500001 0.7234033453125 0.0826203703125 0.6999991828125001
1 0 0.6723393640625 7.125000000000001e-7 0.67233971875 0.0085477203125 0.67021206875 0.017094729687499997 0.6595738124999999 0.0199430203125 0.6212760937499999 0.012821225 0.5893613281250001 0.0014237890625 0.57021246875 0 0.5693009421874999 0 0.6723393640625
1 0.11111182343749999 0.6063825359374999 0.096866096875 0.6106378390625 0.096866096875 0.6297866984375 0.1025648140625 0.6382973015625 0.12250712187499999 0.634042 0.121081909375 0.6212760937499999 0.11111182343749999 0.6063825359374999
1 0.5142443015625 0.465957565625 0.50569729375 0.47021286875 0.49857549843750004 0.4872340765625 0.497150284375 0.4999999828125 0.5099707984374999 0.4999999828125 0.5128212249999999 0.49574468125 0.5242165234375 0.4999999828125 0.5270648140625 0.4872340765625 0.5242165234375 0.4744681703125 0.5142443015625 0.465957565625
1 0.4017101140625 0.34255380468749996 0.42022720781249995 0.3680856171875 0.44301994375 0.382979175 0.4544152421875 0.385106825 0.46153917343749995 0.37234091875 0.4672357546875 0.3446814546875 0.4672357546875 0.314894340625 0.46153917343749995 0.291490178125 0.45156695156250004 0.2744689703125 0.43304772031249994 0.263830715625 0.415953703125 0.263830715625 0.4045584046875 0.27234131875 0.39316310468750004 0.28936252812499996 0.3917378921875 0.29787313125 0.39316310468750004 0.3191496421875 0.4017101140625 0.34255380468749996
1 0.30626780625 0.3170219921875 0.316240028125 0.3191496421875 0.35612464374999997 0.353192059375 0.3732186609375 0.3574473609375 0.37464387499999996 0.3510644078125 0.3703703703125 0.34255380468749996 0.353276353125 0.327660246875 0.340455840625 0.32127729375 0.3133896015625 0.29574548125 0.3019943015625 0.29787313125 0.3019943015625 0.3106390390625 0.30626780625 0.3170219921875
1 0.2678062671875 0.314894340625 0.2792015671875 0.3574473609375 0.2749280625 0.385106825 0.30626780625 0.391489778125 0.3176631046875 0.36170266406249996 0.3176631046875 0.3489367578125 0.3019943015625 0.314894340625 0.283475071875 0.2872348765625 0.272079771875 0.28297957500000004 0.2678062671875 0.2872348765625 0.2678062671875 0.314894340625
1 0.1752143875 0.2510648078125 0.162393875 0.2744689703125 0.16809045625000002 0.3255325953125 0.1752143875 0.340426153125 0.1880349 0.33617085156250004 0.20370370312500002 0.29787313125 0.202278490625 0.27234131875 0.1951566953125 0.24680950625000003 0.190883190625 0.24468185468749998 0.1752143875 0.2510648078125
3 0.0669515671875 0.304256084375 0.09401780625 0.3489367578125 0.1025648140625 0.37021326875 0.1125349 0.37659622187499997 0.11396011406249999 0.363830315625 0.10113960156249999 0.265958365625 0.0769237890625 0.263830715625 0.06837678124999999 0.2680860171875 0.06267806249999999 0.276596621875 0.06267806249999999 0.291490178125 0.0669515671875 0.304256084375
1 0.11396011406249999 0.38936212812500004 0.096866096875 0.404255684375 0.09116737968750001 0.4170215921875 0.096866096875 0.4340428 0.11396011406249999 0.4382981015625 0.1168084046875 0.4340428 0.11823361875 0.4000003828125 0.11396011406249999 0.38936212812500004
1 0.09116737968750001 0.5191488421875 0.078346865625 0.5212764937500001 0.0769237890625 0.5297870984374999 0.0797720796875 0.5382977015625 0.0925925921875 0.5361700515625001 0.09116737968750001 0.5191488421875
1 0.0227913109375 0.3744685703125 0.0071225078125 0.3808515234375 0.0056972937500000004 0.4063833359375 0.0085477203125 0.414893940625 0.0242165234375 0.414893940625 0.034188746874999995 0.404255684375 0.0356118234375 0.391489778125 0.03133831875 0.378723871875 0.0227913109375 0.3744685703125
1 0.05982977187500001 0.053191128125 0.0512827640625 0.048935825 0.04415883125 0.0574464296875 0.04415883125 0.0829782421875 0.06267806249999999 0.07233998750000001 0.0641032765625 0.06170173125 0.05982977187500001 0.053191128125
1 0.0142443015625 0.8531921921875 0.0056972937500000004 0.8595751453125 0.0071225078125 0.8787240046875 0.0199430203125 0.90638346875 0.03133831875 0.90638346875 0.0327635328125 0.9000005156249999 0.03133831875 0.8617027953124999 0.028490028125 0.8531921921875 0.0142443015625 0.8531921921875
1 0.8361823359375 0.8680857484375 0.8247870374999999 0.8893622593750001 0.8233618234375 0.9042558171874999 0.827635328125 0.921277025 0.8461545578124999 0.9425535359375001 0.858975071875 0.9446811875 0.8789173796874999 0.9382982343749999 0.890312678125 0.921277025 0.8974366093749999 0.9000005156249999 0.9002848999999999 0.8787240046875 0.8960113953125 0.863830446875 0.8789173796874999 0.8489368890625 0.8504280625 0.8531921921875 0.8361823359375 0.8680857484375
2 0.39719027812499996 1 0.3960113953125 0.9914895109374999 0.3803425921875 0.9382982343749999 0.37464387499999996 0.9340429312499999 0.3575498578125 0.9340429312499999 0.31054131093750004 0.9468088390625 0.3076930203125 0.9617023953125001 0.31054131093750004 0.9808512546875001 0.31874664531249997 1 0.39719027812499996 1
0 0.13418830937499998 1 0.1324793453125 0.9808512546875001 0.121081909375 0.9553194421875 0.11538532812499999 0.951064140625 0.10826139531250001 0.9553194421875 0.0897443484375 1 0.13418830937499998 1
0 0.7178397921874999 1 0.7165242171874999 0.9744683015625 0.6994302 0.9382982343749999 0.6894579765625 0.9446811875 0.6737891734375 0.9808512546875001 0.67495525 1 0.7178397921874999 1
1 0.541310540625 0.41063863906250003 0.53133831875 0.414893940625 0.5227913109375 0.440425753125 0.5227913109375 0.47021286875 0.53133831875 0.47234051875 0.5641032765625 0.4510640078125 0.5669515671875 0.4382981015625 0.5626780625000001 0.4255321953125 0.5512827640625 0.4127662890625 0.541310540625 0.41063863906250003
1 0.43019942968749997 0.591488978125 0.43874643906250005 0.6021272343749999 0.45014173749999997 0.6085101875000001 0.46866096874999996 0.604254884375 0.471509259375 0.585106025 0.4672357546875 0.5638295156249999 0.45868874687499994 0.5574465609375 0.4415947296875 0.5574465609375 0.43019942968749997 0.57234011875 0.43019942968749997 0.591488978125
1 0.4757827640625 0.6936162296874999 0.460113959375 0.7361692515625 0.460113959375 0.7510628078125 0.46296225 0.7553181109375 0.5042742171875 0.7510628078125 0.5085477203125001 0.7468075062499999 0.5099707984374999 0.7319139484375 0.5014237890625 0.7106374390625 0.490028490625 0.6957438812500001 0.4757827640625 0.6936162296874999
1 0.43589814843749997 0.8531921921875 0.4273511390625 0.8680857484375 0.42592592656250006 0.876596353125 0.43162464375000004 0.8893622593750001 0.44871866093749996 0.9000005156249999 0.45726566875 0.9000005156249999 0.471509259375 0.8893622593750001 0.47720797656249997 0.876596353125 0.46438746406250003 0.8425539359374999 0.452992165625 0.8361709828125001 0.43589814843749997 0.8531921921875
4 0.7375349 0.8567652812500001 0.7938746437499999 0.639723553125 0.639671653125 0.69508511875 0.7375349 0.8567652812500001
4 0.7769597687500001 0 0.7479066953125 0.1126374421875 0.8987429671875 0 0.7769597687500001 0
1 0.994082871875 1 0.9914537031249999 0.9872342078124999 0.9743596859375 0.9851065578125 0.95566325 1 0.994082871875 1
1 0.47008618281250003 0.227658515625 0.45584045624999997 0.240426553125 0.45156695156250004 0.2489371578125 0.452992165625 0.2617030640625 0.4757827640625 0.278724271875 0.4957272078125 0.2744689703125 0.5000007125 0.265958365625 0.4957272078125 0.2425542046875 0.48148148125 0.2255308640625 0.47008618281250003 0.227658515625
1 0.24216524218750002 0.091488846875 0.240740028125 0.1021271015625 0.246438746875 0.12340361250000001 0.2606844734375 0.146807775 0.2749280625 0.146807775 0.287748575 0.11063770625 0.290599003125 0.08510589375 0.28490028437500003 0.07233998750000001 0.27635327656249997 0.07233998750000001 0.2635327640625 0.0829782421875 0.24216524218750002 0.091488846875