1 0.42500037500000004 0.7374995625 0.42187568750000004 0.6958329375 0.4124995625 0.6875004375 0.3843753125 0.6875004375 0.3749991875 0.6958329375 0.3625004375 0.7250008125 0.365625125 0.750000375 0.381250625 0.758332875 0.42500037500000004 0.7374995625
3 0.4999990625 0.220833 0.5062504999999999 0.23333381250000002 0.5687504375 0.220833 0.5906253125 0.19583343749999998 0.5906253125 0.166667625 0.5250006875000001 0.166667625 0.4999990625 0.220833
3 0.696875 0.837499875 0.66875075 0.8166665625 0.6500005625 0.8166665625 0.65312525 0.8333336250000001 0.6875009375000001 0.887499 0.6999996875 0.887499 0.7093758125 0.87500025 0.7093758125 0.8583331875000001 0.696875 0.837499875
3 0.6265622343749999 1 0.6187495625 0.9874993125 0.5656257499999999 0.9750005625 0.540624125 0.991667625 0.539061803125 1 0.6265622343749999 1
1 0.831251 0.6541663125 0.837500375 0.6999991875 0.8468744375 0.70833375 0.8843748124999999 0.7041675 0.9000003124999999 0.62916675 0.8687493125 0.6041671875 0.84374975 0.6083334375 0.831251 0.6541663125
5 0.528999875 0.80408325 0.4974993125 0.97725075 0.5112809375 0.9982490625 0.5467188125 0.8329169999999999 0.5408118125 0.8067088124999999 0.528999875 0.80408325
5 0.7080929375 0.7410841875 0.6332819375 0.7804573125000001 0.6352495625000001 0.8014576874999999 0.7159696249999999 0.7778338125 0.7080929375 0.7410841875
5 0.36893750000000003 0.38512556249999996 0.384187625 0.3834590625 0.365126 0.300457875 0.347343125 0.31400025 0.36893750000000003 0.38512556249999996
5 0.3749991875 0.7041675 0.3875 0.6875004375 0.3781259375 0.587500125 0.356249 0.587500125 0.3531243125 0.6250005 0.3625004375 0.6958329375 0.3749991875 0.7041675
5 0.8499991250000001 0.6124996875 0.865624625 0.6041671875 0.865624625 0.587500125 0.821874875 0.416667375 0.8112509375 0.419167125 0.806562875 0.419167125 0.8 0.44166693749999997 0.8031246875000001 0.4791673125 0.8343756875 0.6041671875 0.8499991250000001 0.6124996875
5 0.9593750468750001 1 0.903125 0.8166665625 0.8968756250000001 0.7999995 0.8750007500000001 0.79583325 0.865624625 0.8041657499999999 0.865624625 0.8291673749999999 0.918845490625 1 0.9593750468750001 1