1 0.576294959375 0.046938574999999996 0.572207765625 0.0551018078125 0.572207765625 0.0673466578125 0.5776559953125 0.0755098890625 0.5844693453125 0.069387465625 0.58583038125 0.059183425 0.5817431875 0.0448977671875 0.576294959375 0.046938574999999996
1 0.10218051718750001 0.1448973671875 0.099454359375 0.16326464062499998 0.0831055859375 0.19795837968750002 0.0831055859375 0.222448078125 0.0926430515625 0.22652969375 0.10218051718750001 0.2081624203125 0.1185292921875 0.2081624203125 0.1335149859375 0.1918359546875 0.1335149859375 0.17346868124999998 0.11989032656250001 0.1285709015625 0.11171594062500001 0.1285709015625 0.10218051718750001 0.1448973671875
1 0.17575000000000002 0.1673462578125 0.1634884203125 0.169387065625 0.16076226093749998 0.1877543390625 0.1634884203125 0.19387676250000002 0.1771110359375 0.19387676250000002 0.17983719375 0.1755094890625 0.17575000000000002 0.1673462578125
1 0.3555865125 0.1714278734375 0.34332493125 0.169387065625 0.337874659375 0.1775502984375 0.3365115796875 0.19387676250000002 0.36103474062499996 0.19387676250000002 0.3623978203125 0.183672721875 0.3555865125 0.1714278734375
1 0.3528603546875 0.2081624203125 0.3487731609375 0.2244888859375 0.3487731609375 0.23469292656250001 0.3528603546875 0.2387745421875 0.36512193437499996 0.236733734375 0.3705722078125 0.2285705015625 0.3678480921875 0.2081624203125 0.36103474062499996 0.1999991875 0.3528603546875 0.2081624203125
1 0.5313358312500001 0.2530622453125 0.521798365625 0.2530622453125 0.5122608984375 0.2693887109375 0.5136239781249999 0.285715175 0.517711171875 0.2897967921875 0.5313358312500001 0.287755984375 0.540871253125 0.2734703265625 0.53951021875 0.26122547812499997 0.5313358312500001 0.2530622453125
1 0.51907425 0.0775506984375 0.5136239781249999 0.08979554687499999 0.5136239781249999 0.0999995875 0.5381471390625 0.10816282031249999 0.5381471390625 0.08571393125 0.5313358312500001 0.0755098890625 0.51907425 0.0775506984375
1 0.2901914171875 0.0408161515625 0.2901914171875 0.0510201921875 0.30108991875 0.0673466578125 0.3092643046875 0.06530584843750001 0.310627384375 0.0551018078125 0.30790122656249996 0.048979384375000004 0.2942786109375 0.0346937265625 0.2901914171875 0.0408161515625
1 0.58583038125 0.9081637109375 0.5790190734375 0.9224493671875 0.5776559953125 0.9510206812499999 0.5831062671875 0.967347146875 0.595367846875 0.9653063390625001 0.603542234375 0.9510206812499999 0.6049053140625 0.9244901750000001 0.5967309265625 0.9081637109375 0.58583038125 0.9081637109375
1 0.6198910078125001 0.6163260984375001 0.60899250625 0.61836690625 0.603542234375 0.628570946875 0.603542234375 0.6408157953125 0.6117166218750001 0.6489790281250001 0.62534128125 0.6469382203125 0.6280653953125 0.6306117546875 0.62534128125 0.6204077140625001 0.6198910078125001 0.6163260984375001
1 0.5794012265624999 0.676266146875 0.574537465625 0.6842044406250001 0.5714434609375 0.700081028125 0.5807213890625 0.69808111875 0.5860224796875 0.690142825 0.5877799734375 0.6808978406249999 0.5838153953125 0.6742866859375 0.5794012265624999 0.676266146875
1 0.6144407359375 0.43673497968749997 0.6117166218750001 0.44081659531249995 0.6103535421874999 0.4510206375 0.6144407359375 0.4632654859375 0.62534128125 0.45714306093749996 0.626702315625 0.4428574046875 0.6239782015625 0.43673497968749997 0.6144407359375 0.43673497968749997
1 0.58583038125 0.3000008328125 0.5831062671875 0.3040824484375 0.5817431875 0.322449721875 0.5844693453125 0.3265313390625 0.595367846875 0.322449721875 0.5967309265625 0.3102048734375 0.59400476875 0.302041640625 0.58583038125 0.3000008328125
1 0.599455040625 0.2632662859375 0.599455040625 0.2836743671875 0.603542234375 0.295919215625 0.6130797 0.3061232578125 0.630789509375 0.2918376 0.638963896875 0.2775519421875 0.638963896875 0.26530709375 0.6335156671875 0.2530622453125 0.622615121875 0.2448969671875 0.6049053140625 0.2510193921875 0.599455040625 0.2632662859375
1 0.7193467296875 0.7959192609375 0.7098092640625 0.8061233015625 0.7070851499999999 0.8265313843750001 0.7098092640625 0.840817040625 0.7152595374999999 0.8428578484375 0.7234339234375 0.8285721921875 0.728882153125 0.8061233015625 0.7275211171875 0.7959192609375 0.7193467296875 0.7959192609375
1 0.69374659375 0.7476330859375 0.68667575 0.7403471140625 0.684033378125 0.7482854078125001 0.6897677109375 0.7582031625 0.6977254765625001 0.7568780687500001 0.69374659375 0.7476330859375
1 0.681198909375 0.5387753875 0.6716614437499999 0.5387753875 0.6689373296875 0.6244893312500001 0.6757486375 0.634693371875 0.6961846046875 0.6265301390625 0.71117234375 0.5795915515625001 0.7084461859375 0.56530589375 0.681198909375 0.5387753875
1 0.7465940046874999 0.6204077140625001 0.7370565390625 0.6142852890625 0.7275211171875 0.622448521875 0.7275211171875 0.6408157953125 0.7370565390625 0.6428566046874999 0.743869890625 0.6387749875 0.7479570843750001 0.6265301390625 0.7465940046874999 0.6204077140625001
1 0.7861028609375 0.5755099343750001 0.7643058578125 0.57142831875 0.7561314718750001 0.5795915515625001 0.7493181203125 0.597958825 0.75749250625 0.602040440625 0.771117165625 0.5897955921875 0.784741825 0.585713975 0.7861028609375 0.5755099343750001
1 0.7356955046875 0.4897959921875 0.7234339234375 0.4897959921875 0.7179836515625 0.49795922499999995 0.7179836515625 0.5061224578125 0.728882153125 0.5061224578125 0.7356955046875 0.4897959921875
1 0.6961846046875 0.4000004328125 0.697547684375 0.41836770625 0.7057220703125 0.42449013124999996 0.7179836515625 0.42040851406249996 0.7234339234375 0.4102044734375 0.7220708453125 0.3918372 0.7152595374999999 0.37959235156250004 0.7002717984375 0.37551073437500004 0.7002717984375 0.3897963921875 0.6961846046875 0.4000004328125
1 0.6743876015625 0.2122440375 0.666213215625 0.2040808046875 0.63623978125 0.2040808046875 0.630789509375 0.210203228125 0.63623978125 0.242856159375 0.6416900546875001 0.2510193921875 0.6607629421875 0.248978584375 0.6716614437499999 0.2387745421875 0.6757486375 0.2285705015625 0.6743876015625 0.2122440375
1 0.670300409375 0.2020399953125 0.6784747953125 0.2061216125 0.683923025 0.222448078125 0.6920974109375 0.2306113109375 0.716620571875 0.222448078125 0.728882153125 0.1918359546875 0.7275211171875 0.16326464062499998 0.7234339234375 0.1510197921875 0.7152595374999999 0.142856559375 0.7070851499999999 0.146938175 0.7029979562500001 0.1387749421875 0.6948235687500001 0.14081575156249998 0.6852861031249999 0.1653054484375 0.6716614437499999 0.1877543390625 0.670300409375 0.2020399953125
1 0.7102629359375 0 0.7057220703125 0.0081632203125 0.7057220703125 0.02040806875 0.7125333781250001 0.028571301562500002 0.7261580375000001 0.026530493750000002 0.7329693453125 0.014285645312500001 0.7329693453125 0 0.7102629359375 0
1 0.791824925 0 0.7820156671875 0.016326453125 0.779291553125 0.032652918749999996 0.7861028609375 0.0448977671875 0.7997275203124999 0.0510201921875 0.8079019078125 0.0448977671875 0.8160762937499999 0.0306121109375 0.8174393734375001 0.014285645312500001 0.8057822531250001 0 0.791824925 0
1 0.9141689375000001 0.095917971875 0.9141689375000001 0.08571393125 0.8991832421874999 0.08571393125 0.8978201640625001 0.0979587796875 0.9087186656249999 0.0999995875 0.9141689375000001 0.095917971875
1 0.8855585828124999 0.12653009375 0.87466008125 0.12653009375 0.8637595375 0.142856559375 0.8623985015625 0.1714278734375 0.8719339234374999 0.1775502984375 0.87466008125 0.17346868124999998 0.87466008125 0.15918302499999998 0.8787472749999999 0.1530606 0.89100885625 0.14897898437499998 0.90190735625 0.1510197921875 0.9032704359375 0.142856559375 0.8855585828124999 0.12653009375
1 0.845626703125 0.30034642031250003 0.8412125343750001 0.2924081265625 0.8341416890625 0.2976941875 0.8222213890625 0.30893908125 0.8208991828125001 0.32547003750000003 0.8270851499999999 0.33869439218749997 0.8412125343750001 0.3307560984375 0.845626703125 0.3155502375 0.845626703125 0.30034642031250003
1 0.8760211171875 0.33061295468749996 0.8760211171875 0.322449721875 0.856948228125 0.32449053125 0.8528610359375 0.3367353796875 0.8542241140625 0.3408169953125 0.8637595375 0.3408169953125 0.8719339234374999 0.3367353796875 0.8760211171875 0.33061295468749996
1 0.8801083109375 0.1999991875 0.888282696875 0.2244888859375 0.89100885625 0.2448969671875 0.8937329703125 0.246937775 0.900544278125 0.236733734375 0.904631471875 0.19795837968750002 0.900544278125 0.1918359546875 0.8841955046875001 0.1877543390625 0.8801083109375 0.18979514687500001 0.8801083109375 0.1999991875
1 0.7969891015624999 0.660367065625 0.79241144375 0.658653440625 0.7840183921875 0.6626532609375 0.7771519078125 0.6655099843750001 0.7653133515625 0.6769593671874999 0.75882901875 0.68438848125 0.7573024515625 0.7021013875000001 0.75959128125 0.7226730609375001 0.7626423703125 0.738101815625 0.76950885625 0.7489786281249999 0.782873978125 0.7524079218749999 0.7969891015624999 0.754121546875 0.80767098125 0.7501217265625 0.8141553140625 0.7403880125 0.823705040625 0.72438873125 0.826376021875 0.713530321875 0.8267581749999999 0.7003877625 0.82599386875 0.690672453125 0.8229427796875 0.68438848125 0.8152997281250001 0.678102465625 0.8114843328125 0.6729390984375 0.8088153953124999 0.66665308125 0.8042377390625 0.6620806890625001 0.7969891015624999 0.660367065625
1 0.8328603546875 0.7524079218749999 0.82332493125 0.7501217265625 0.8095776562499999 0.7524079218749999 0.80042234375 0.767836678125 0.7958446859375 0.7815518078125 0.794700271875 0.79355126875 0.7962268390625 0.8084279015625 0.800040190625 0.8204294078125001 0.808051090625 0.827856478125 0.8156818796874999 0.831285771875 0.8294271109375 0.8352855921875 0.8446866484375001 0.8295721468749999 0.8485020437499999 0.8227135593750001 0.8515531328125 0.81128666875 0.8523153953125 0.79526489375 0.848882153125 0.7804087109375 0.8446866484375001 0.768979775 0.838582425 0.7581234125 0.8328603546875 0.7524079218749999
1 0.8612838265624999 1 0.8623985015625 0.993877653125 0.856948228125 0.9857144203124999 0.8446866484375001 0.9775511874999999 0.833788146875 0.9795919953125001 0.833788146875 0.9897960375 0.8379798453125 1 0.8612838265624999 1
1 0.9005442921875 1 0.90190735625 0.9918368453124999 0.8937329703125 0.9836736125 0.8841955046875001 0.9816328046875 0.8787472749999999 0.9857144203124999 0.873297003125 0.9959184609375 0.8730243921874999 1 0.9005442921875 1
1 0.900544278125 0.9489798734375 0.8937329703125 0.9551022984375 0.8855585828124999 0.9714287625000001 0.888282696875 0.9816328046875 0.8978201640625001 0.987755228125 0.9114448234375001 0.9857144203124999 0.9168930515625 0.9693879546874999 0.915532015625 0.9530614890625 0.900544278125 0.9489798734375
1 1 0.9647488937500001 0.9931886921874999 0.9489798734375 0.9795640328124999 0.9510206812499999 0.9645783375000001 0.9653063390625001 0.9577649859375 0.9795919953125001 0.963215259375 0.9918368453124999 0.9831973578125 1 1 1 1 0.9647488937500001
1 0.963215259375 0.43265336249999997 0.9645783375000001 0.4428574046875 0.9754768390624999 0.4510206375 0.9850143046875001 0.448979828125 0.9850143046875001 0.43061255468750004 0.972752725 0.41224528125 0.9686655312499999 0.41224528125 0.963215259375 0.43265336249999997
3 0.865122615625 0.6204077140625001 0.856948228125 0.6244893312500001 0.8542241140625 0.6306117546875 0.8555851499999999 0.6408157953125 0.8719339234374999 0.6469382203125 0.8760211171875 0.6408157953125 0.877384196875 0.6244893312500001 0.87466008125 0.6204077140625001 0.865122615625 0.6204077140625001
1 0.3310633515625 0.6040812484375 0.3174386921875 0.6428566046874999 0.3174386921875 0.6530606453125001 0.3228889640625 0.661223878125 0.36103474062499996 0.661223878125 0.36512193437499996 0.6367341796875 0.36103474062499996 0.595918015625 0.3555865125 0.581632359375 0.3446859671875 0.5795915515625001 0.3310633515625 0.6040812484375
1 0.500486559375 1 0.49727520468749997 0.9775511874999999 0.46866485 0.934694215625 0.450952996875 0.9244901750000001 0.435967303125 0.9244901750000001 0.4332431875 0.934694215625 0.435967303125 0.9510206812499999 0.455040190625 0.9857144203124999 0.459809153125 1 0.500486559375 1
1 0.5221756156249999 1 0.5225197546875 0.9985911421875 0.525082425 0.9665721312500001 0.525368528125 0.93965309375 0.5242241140624999 0.906775225 0.5225197546875 0.8991027671875 0.5168119890625 0.9063682890625 0.51283310625 0.9238562578125 0.511116484375 0.9499184812499999 0.5118736109375 1 0.5221756156249999 1
1 0.54293690625 1 0.54532629375 0.9742445875 0.5436096734375 0.9460618046875 0.541621253125 0.9217356984375 0.5370579015625 0.9025095671875001 0.530790190625 0.8982439109374999 0.523378065625 0.9037958078124999 0.5256546328125 0.91106133125 0.525368528125 0.9306943953125 0.5265129421875 0.9563067421874999 0.525368528125 0.9793670578125001 0.5242241140624999 0.99516389375 0.5240320828125 1 0.54293690625 1
1 0 0.9163268796875 0.0108991828125 0.9142861343750001 0.0149863765625 0.9081637109375 0.0149863765625 0.893878053125 0.0068119890625 0.8795923953125 0 0.8795923953125 0 0.9163268796875
1 0.2233286734375 1 0.216621934375 0.9836736125 0.20708446875000003 0.9775511874999999 0.1948228890625 0.9775511874999999 0.17983719375 0.9918368453124999 0.17820233125 1 0.2233286734375 1
1 0.201634196875 0.934694215625 0.201634196875 0.9653063390625001 0.20572138906249998 0.9755103796875 0.216621934375 0.9857144203124999 0.2329707078125 0.9816328046875 0.24250613125 0.967347146875 0.24795640312499997 0.9489798734375 0.2452322890625 0.9285717921875 0.2329707078125 0.91020451875 0.22479632187499998 0.9081637109375 0.21117166250000002 0.9163269421875 0.201634196875 0.934694215625
1 0.5149870578125 0.7163256984374999 0.5122608984375 0.7265297390625001 0.5122608984375 0.767347946875 0.5258855578125 0.7795927953125 0.5326968671875 0.7795927953125 0.5517717984375 0.767347946875 0.5490456406249999 0.7224481218750001 0.5381471390625 0.7102032734375 0.5231614437500001 0.7102032734375 0.5149870578125 0.7163256984374999
1 0.37874659374999997 0.7530602453124999 0.37193528593749997 0.761223478125 0.369209128125 0.7693887546875 0.3705722078125 0.7816336046875 0.3841968671875 0.7836744125 0.3896450953125 0.7755111796875 0.3896450953125 0.7571418609375 0.38692098124999996 0.7530602453124999 0.37874659374999997 0.7530602453124999
3 0.0831055859375 0.7040808484375 0.0749311984375 0.7061216578125 0.0694829703125 0.7142848890625 0.0694829703125 0.728570546875 0.08174455 0.7306113546875 0.084468665625 0.7265297390625001 0.0831055859375 0.7040808484375
1 0 0.67550919375 0.0040878749999999995 0.6775503421875 0.0122622609375 0.6755095343749999 0.0204366484375 0.66530549375 0.0231607625 0.628570946875 0.0163494546875 0.597958825 0.005448909375 0.5795915515625001 0 0.5760929609375001 0 0.67550919375
1 0.1103549046875 0.6142852890625 0.09673024531249999 0.61836690625 0.09673024531249999 0.6367341796875 0.10218051718750001 0.6448974125 0.12125340625 0.6408157953125 0.11989032656250001 0.628570946875 0.1103549046875 0.6142852890625
1 0.495912125 0.4795919515625 0.4877377390625 0.4836735671875 0.48092643125 0.5000000328125 0.4795633515625 0.51224488125 0.49182493125000004 0.51224488125 0.494551090625 0.508163265625 0.505449590625 0.51224488125 0.50817370625 0.5000000328125 0.505449590625 0.487755184375 0.495912125 0.4795919515625
1 0.388284059375 0.36122507812500004 0.40599386875 0.385714775 0.427792915625 0.4000004328125 0.43869141718750004 0.402041240625 0.44550476874999995 0.3897963921875 0.450952996875 0.36326588593750003 0.450952996875 0.33469457187499996 0.44550476874999995 0.31224568124999996 0.435967303125 0.295919215625 0.41825545000000003 0.285715175 0.40190667500000005 0.285715175 0.39100817499999996 0.29387840781249996 0.3801096734375 0.3102048734375 0.37874659374999997 0.31836810625 0.3801096734375 0.3387761875 0.388284059375 0.36122507812500004
1 0.29700272499999997 0.3367353796875 0.306540190625 0.3387761875 0.3446859671875 0.37142911875 0.36103474062499996 0.37551073437500004 0.3623978203125 0.3693883109375 0.3583106265625 0.36122507812500004 0.341961853125 0.34693942031249997 0.329700271875 0.3408169953125 0.30381403281249997 0.31632729843749996 0.29291553124999997 0.31836810625 0.29291553124999997 0.33061295468749996 0.29700272499999997 0.3367353796875
1 0.260217984375 0.33469457187499996 0.271116484375 0.37551073437500004 0.2670292921875 0.402041240625 0.29700272499999997 0.40816366562499995 0.30790122656249996 0.37959235156250004 0.30790122656249996 0.36734750156249996 0.29291553124999997 0.33469457187499996 0.275203678125 0.308164065625 0.2643051765625 0.3040824484375 0.260217984375 0.308164065625 0.260217984375 0.33469457187499996
1 0.17166280625000002 0.2734703265625 0.1594012265625 0.295919215625 0.1648494546875 0.3448986125 0.17166280625000002 0.35918426875 0.1839243875 0.355102653125 0.19891008125 0.31836810625 0.197547003125 0.29387840781249996 0.1907356953125 0.2693887109375 0.18664850156249999 0.2673479015625 0.17166280625000002 0.2734703265625
3 0.068119890625 0.32449053125 0.09400613125 0.36734750156249996 0.10218051718750001 0.387755584375 0.11171594062500001 0.39387800781250004 0.11307901875 0.38163315937500003 0.1008174390625 0.287755984375 0.07765735625 0.285715175 0.0694829703125 0.2897967921875 0.06403269687499999 0.29796002499999996 0.06403269687499999 0.31224568124999996 0.068119890625 0.32449053125
1 0.11307901875 0.4061228578125 0.09673024531249999 0.42040851406249996 0.0912799734375 0.43265336249999997 0.09673024531249999 0.448979828125 0.11307901875 0.4530614453125 0.11580313281250001 0.448979828125 0.1171662125 0.4163268984375 0.11307901875 0.4061228578125
1 0.0912799734375 0.5306121546875 0.0790183921875 0.5326529625 0.07765735625 0.5408161953125 0.080381471875 0.548979428125 0.0926430515625 0.5469386203125 0.0912799734375 0.5306121546875
1 0.025884878125 0.3918372 0.0108991828125 0.39795962500000004 0.009536103125 0.422449321875 0.0122622609375 0.43061255468750004 0.02724795625 0.43061255468750004 0.036785421875 0.42040851406249996 0.0381464578125 0.40816366562499995 0.0340592640625 0.39591881562500003 0.025884878125 0.3918372
1 0.0613085828125 0.083673121875 0.053134196875 0.07959150625 0.0463208453125 0.0877547390625 0.0463208453125 0.11224443749999999 0.06403269687499999 0.1020403953125 0.0653957765625 0.0918363546875 0.0613085828125 0.083673121875
1 0.017710490625 0.8510210812500001 0.009536103125 0.8571435062500001 0.0108991828125 0.8755107796875 0.0231607625 0.9020412859375 0.0340592640625 0.9020412859375 0.03542234375 0.8959188609375 0.0340592640625 0.8591843140625001 0.03133515 0.8510210812500001 0.017710490625 0.8510210812500001
1 0.8038147140625 0.8653067390625001 0.7929162125 0.8857148203125 0.7915531328125 0.9000004781250001 0.7956403265625 0.9163269421875 0.8133521796875 0.9367350249999999 0.8256137609374999 0.9387758328125001 0.8446866484375001 0.9326534078125001 0.8555851499999999 0.9163269421875 0.8623985015625 0.8959188609375 0.865122615625 0.8755107796875 0.861035421875 0.861225121875 0.8446866484375001 0.846939465625 0.8174393734375001 0.8510210812500001 0.8038147140625 0.8653067390625001
2 0.3850887796875 1 0.38283378749999997 0.9836736125 0.3678480921875 0.9326534078125001 0.3623978203125 0.9285717921875 0.34604904687500004 0.9285717921875 0.30108991875 0.940816640625 0.298365803125 0.9551022984375 0.30108991875 0.973469571875 0.3124253890625 1 0.3850887796875 1
0 0.1331517640625 1 0.130790871875 0.973469571875 0.11989032656250001 0.9489798734375 0.1144420984375 0.9448982578124999 0.10762874687499999 0.9489798734375 0.08991893749999999 0.9918368453124999 0.08991893749999999 1 0.1331517640625 1
0 0.6891007015625 1 0.6907363765625 0.993877653125 0.689373296875 0.967347146875 0.6730245234375001 0.9326534078125001 0.6634870578125 0.9387758328125001 0.6485013625 0.973469571875 0.6498644421875001 0.9959184609375 0.6537565437499999 1 0.6891007015625 1
1 0.521798365625 0.4265309390625 0.5122608984375 0.43061255468750004 0.5040865125 0.455102253125 0.5040865125 0.4836735671875 0.5122608984375 0.485714375 0.5435974109374999 0.46530629375 0.5463215265625 0.4530614453125 0.5422343328125 0.44081659531249995 0.5313358312500001 0.428571746875 0.521798365625 0.4265309390625
1 0.41553133437499995 0.5999996328125 0.42370572187500005 0.6102036734375 0.4346042234375 0.6163260984375001 0.45231607656249995 0.6122444812500001 0.455040190625 0.5938772078125 0.450952996875 0.5734691265625 0.4427786109375 0.5673467015625 0.4264298359375 0.5673467015625 0.41553133437499995 0.581632359375 0.41553133437499995 0.5999996328125
1 0.459127384375 0.697958425 0.44414168906249996 0.7387745875 0.44414168906249996 0.7530602453124999 0.446865803125 0.7571418609375 0.48637670312500003 0.7530602453124999 0.49046389687499997 0.7489786281249999 0.49182493125000004 0.734692971875 0.48365054531249996 0.7142848890625 0.47275204375 0.6999992328125 0.459127384375 0.697958425
1 0.4209816078125 0.8510210812500001 0.4128072203125 0.8653067390625001 0.41144414218750003 0.8734699718750001 0.41689441406250005 0.8857148203125 0.4332431875 0.8959188609375 0.441417575 0.8959188609375 0.455040190625 0.8857148203125 0.4604904625 0.8734699718750001 0.4482288828125 0.840817040625 0.43733038124999996 0.834694615625 0.4209816078125 0.8510210812500001
4 1 0.392112028125 0.9402452312499999 0.4386326453125 0.9821941421875 0.496836575 1 0.4974843625 1 0.392112028125
4 0.709467984375 0.8544483312500001 0.7633514984375 0.6462654484375 0.615871253125 0.6993673593749999 0.709467984375 0.8544483312500001
4 0.7555719921875 0 0.7193876015625 0.14069305781250002 0.8980653953125 0.0068769796875 0.8919179875 0 0.7555719921875 0
1 0.9565076859375001 1 0.9523167578124999 0.9795919953125001 0.935967984375 0.9775511874999999 0.915532015625 0.993877653125 0.9139993375 1 0.9565076859375001 1
1 0.45367915468750003 0.2510193921875 0.4400544953125 0.2632662859375 0.435967303125 0.27142951875 0.43733038124999996 0.2836743671875 0.459127384375 0.3000008328125 0.47820231562500004 0.295919215625 0.482289509375 0.287755984375 0.47820231562500004 0.26530709375 0.46457765625 0.248978584375 0.45367915468750003 0.2510193921875
1 0.23569482343749998 0.12040766875 0.23433174375000002 0.1306117109375 0.23978201562499998 0.1510197921875 0.253406675 0.17346868124999998 0.2670292921875 0.17346868124999998 0.279290871875 0.1387749421875 0.28201702968750003 0.11428524531249999 0.2765667578125 0.1020403953125 0.2683923703125 0.1020403953125 0.256130790625 0.11224443749999999 0.23569482343749998 0.12040766875