1 1 0.2607947859375 0.9975065890625 0.253322259375 0.9937651921875 0.25083056406250004 0.98254308125 0.24750830625 0.9638402562499999 0.237541528125 0.9488788265625001 0.2392026578125 0.9451374296875 0.24335548125 0.9463845624999999 0.269102990625 0.9538652765625001 0.2790697671875 0.9638402562499999 0.27657807343749996 1 0.2607977140625 1 0.2607947859375
1 0.960098859375 0.21096345468750002 0.9576066734375001 0.22674418593749998 0.960098859375 0.23089700937500002 0.9688287843750001 0.235049834375 0.9812959484375 0.2333887046875 0.9900258734375 0.2300664453125 0.9937651921875 0.22591362187500003 0.9937651921875 0.2117940203125 0.9862844781250001 0.20681063125 0.9688287843750001 0.2059800671875 0.960098859375 0.21096345468750002
1 0.879051896875 0.2059800671875 0.8690769171875001 0.22674418593749998 0.8728183140624999 0.231727575 0.88777974375 0.23671096406249997 0.9127182296875 0.23588039843750003 0.9276817375 0.2325581390625 0.9326681875 0.22591362187500003 0.9339153187499999 0.195182725 0.9451374296875 0.178571428125 0.9513710124999999 0.17441860468749998 0.94763169375 0.166943521875 0.9351624515625 0.1561461796875 0.9077297 0.1495016609375 0.88279329375 0.1495016609375 0.8753125781250001 0.151162790625 0.856607675 0.1594684390625 0.8491269593749999 0.16611295625 0.851621225 0.1710963453125 0.8715711828125 0.185215946875 0.8778047640625 0.1935215953125 0.879051896875 0.2059800671875
1 1 0.15248223593750002 0.9925180593749999 0.148671096875 0.9675816515625 0.1461794015625 0.9563595406250001 0.14700996718749998 0.9401489015625 0.15199335625 0.9463845624999999 0.1594684390625 0.9576066734375001 0.1644518265625 0.98254308125 0.166943521875 0.9937651921875 0.16611295625 1 0.1674972984375 1 0.15248223593750002
1 1 0.36121223750000003 0.9987537203124999 0.360465115625 0.9688287843750001 0.35215946875 0.955112409375 0.3596345515625 0.94763169375 0.3770764125 0.9538652765625001 0.3820598 0.9588538062499999 0.382890365625 0.9800508953125 0.380398671875 0.9887787421875001 0.382890365625 1 0.382890365625 1 0.36121223750000003
1 0.9127182296875 0.466777409375 0.923940340625 0.4700996671875 0.9364095828125001 0.47176079687500005 0.9488788265625001 0.4709302328125 0.961345990625 0.46428571406249997 0.9650873875 0.4584717609375 0.9638402562499999 0.4393687703125 0.9451374296875 0.42524916875 0.923940340625 0.42524916875 0.91521249375 0.4302325578125 0.906484646875 0.4401993359375 0.9039903828125 0.44601328906250004 0.9052375156249999 0.46179402031250005 0.9127182296875 0.466777409375
1 0.9652869296875 0.3134800671875 0.96426428125 0.310772425 0.94801830625 0.32632890312499996 0.9530920546875 0.3364701 0.9622314546874999 0.33241694375 0.9673072828124999 0.321594684375 0.9652869296875 0.3134800671875
1 0.9277191515625001 0.273571428125 0.868827490625 0.2742524921875 0.859688090625 0.2789867109375 0.952081878125 0.28912790625 0.9338030765625 0.2783056484375 0.9277191515625001 0.273571428125
1 0.8478798281250001 0.3596345515625 0.8553626203125001 0.369601328125 0.8728183140624999 0.3837209296875 0.8952625359375 0.3953488375 0.9039903828125 0.3936877078125 0.9039903828125 0.382890365625 0.8865346890625 0.3621262453125 0.8815461609374999 0.3529900328125 0.8815461609374999 0.3446843859375 0.8902740078125 0.3372093015625 0.9052375156249999 0.3289036546875 0.9139653609374999 0.326411959375 0.9276817375 0.317275746875 0.9401489015625 0.3164451828125 0.9625931234375 0.3064784046875 0.9625931234375 0.2981727578125 0.9563595406250001 0.2940199328125 0.9451374296875 0.2923588046875 0.9339153187499999 0.2940199328125 0.9226932078125 0.2981727578125 0.910223965625 0.2998338875 0.88279329375 0.31146179375 0.8690769171875001 0.3156146171875 0.8591019390625 0.3164451828125 0.8478798281250001 0.32142857187499996 0.8403991140624999 0.317275746875 0.835410584375 0.3197674421875 0.83416553125 0.327242525 0.829177003125 0.3347176078125 0.8304241343750001 0.34717607968749997 0.83416553125 0.35215946875 0.8478798281250001 0.3596345515625
1 0.798004934375 0.339700996875 0.798004934375 0.34883720937499996 0.8017463296875 0.3571428578125 0.8104741765625001 0.36461794062499997 0.8192020234375 0.3629568109375 0.8266827375 0.35382059843749997 0.83416553125 0.333056478125 0.83416553125 0.317275746875 0.8254356062499999 0.31146179375 0.8154606265625001 0.312292359375 0.8054856484374999 0.3181063125 0.8054856484374999 0.3255813953125 0.8004991984375 0.33139534843749996 0.798004934375 0.339700996875
1 0.687033034375 0.2674418609375 0.6795502421874999 0.27491694375 0.6783051875 0.290697675 0.69451375 0.31146179375 0.7069829921874999 0.312292359375 0.7157108390625 0.308139534375 0.7369079296875001 0.305647840625 0.754363621875 0.2981727578125 0.75810501875 0.2823920265625 0.753116490625 0.2724252484375 0.7468829078125 0.2674418609375 0.7319194 0.262458471875 0.70947725625 0.2607973421875 0.69576088125 0.2632890359375 0.687033034375 0.2674418609375
1 0.7206972890625 0.323920265625 0.730674346875 0.3280730890625 0.7518693578125 0.34551495 0.761846415625 0.34551495 0.77182139375 0.333056478125 0.7730664468749999 0.3222591359375 0.7705742625 0.3164451828125 0.7605992828125 0.3098006640625 0.7468829078125 0.305647840625 0.716957971875 0.308139534375 0.7032415953125 0.31312292343750003 0.699502278125 0.31893687656249997 0.7032415953125 0.32142857187499996 0.7206972890625 0.323920265625
1 0.25436339218750004 0.576411959375 0.2406490953125 0.58388704375 0.2406490953125 0.59302325625 0.2493769421875 0.60215946875 0.265585503125 0.6029900328125 0.278054746875 0.5938538203125 0.2768076140625 0.5830564781249999 0.265585503125 0.576411959375 0.25436339218750004 0.576411959375
1 0.5274312953125 0.43853820624999995 0.5137149203125 0.44767441874999997 0.5099756015625 0.45348837187499996 0.5099756015625 0.460132890625 0.5124698671875 0.4651162796875 0.51995058125 0.4684385375 0.5536169140625 0.46760797343749994 0.5660840781250001 0.46594684375 0.5723197390625 0.462624584375 0.5760590578125 0.45431893749999996 0.573566871875 0.4501661125 0.559850496875 0.44269102968749996 0.5324198234375 0.43770764062499995 0.5274312953125 0.43853820624999995
2 0.41271800000000003 0.2707641203125 0.3915209109375 0.29152823906249997 0.377804534375 0.3222591359375 0.3827930640625 0.34302325625 0.39526230625 0.3546511625 0.42643437500000003 0.37043189375 0.44763146562499995 0.3870431890625 0.4638400265625 0.39119601406250004 0.4725678734375 0.39617940156250003 0.48129571875000005 0.41196013281250005 0.49002564531250004 0.4177740859375 0.5099756015625 0.4244186046875 0.561097628125 0.42524916875 0.5860340359375 0.4210963453125 0.5947639609375 0.41279069843749994 0.6059860718750001 0.39119601406250004 0.6645888125 0.35880398593749996 0.6795502421874999 0.34800664375 0.6882801671875 0.3347176078125 0.6895252203125 0.32059800625 0.6708223953125 0.2823920265625 0.6508724375 0.2666112953125 0.63840319375 0.26162790625 0.6084782578125 0.2607973421875 0.5623447609375 0.264950165625 0.55735623125 0.2674418609375 0.5448869890625 0.269102990625 0.5361591421874999 0.2674418609375 0.5261841640625 0.271594684375 0.514962053125 0.271594684375 0.47007568749999995 0.262458471875 0.44763146562499995 0.2607973421875 0.4326679578125 0.2632890359375 0.41271800000000003 0.2707641203125
1 0.31920179375 0.2641196015625 0.310473946875 0.2732558140625 0.3079796828125 0.289867109375 0.31920179375 0.30232558125 0.33291817031250004 0.308139534375 0.371570953125 0.305647840625 0.3840401953125 0.296511628125 0.3877795140625 0.2799003328125 0.3840401953125 0.271594684375 0.372818084375 0.2641196015625 0.3566074453125 0.259966778125 0.34164601562499997 0.25913621249999996 0.31920179375 0.2641196015625
1 0.335412434375 0.3106312296875 0.326682509375 0.3139534890625 0.3241903234375 0.326411959375 0.335412434375 0.3355481734375 0.3516209953125 0.33637873749999997 0.35785457656249997 0.333056478125 0.36284310625 0.3181063125 0.3566074453125 0.312292359375 0.3516209953125 0.3106312296875 0.335412434375 0.3106312296875
1 0.25436339218750004 0.3322259140625 0.3029932328125 0.34717607968749997 0.3154603984375 0.3446843859375 0.3204489265625 0.3413621265625 0.322943190625 0.33637873749999997 0.321696059375 0.3280730890625 0.2992518359375 0.317275746875 0.278054746875 0.31146179375 0.264338371875 0.312292359375 0.25436339218750004 0.3164451828125 0.250624075 0.3222591359375 0.250624075 0.3280730890625 0.25436339218750004 0.3322259140625
1 0.3802988 0.34551495 0.366584503125 0.3446843859375 0.35785457656249997 0.34717607968749997 0.34164601562499997 0.36129568125 0.33291817031250004 0.37624584687499996 0.3291767734375 0.3970099671875 0.3304239046875 0.4061461796875 0.340398884375 0.41611295625 0.3528681265625 0.4186046515625 0.394015175 0.41694352187500006 0.408976603125 0.4136212625 0.41396513281249997 0.410299003125 0.42643437500000003 0.4152823921875 0.4650871578125 0.4144518265625 0.4688285546875 0.41196013281250005 0.46758142343750003 0.40365448437499996 0.417706528125 0.3679402 0.3802988 0.34551495
1 0.2044884984375 0.459302325 0.20324136718750002 0.47176079687500005 0.2082298953125 0.4800664453125 0.2182048734375 0.48754152812499996 0.22817985312500003 0.48754152812499996 0.2356605671875 0.48338870468749995 0.2406490953125 0.47757475156250007 0.23940196406249997 0.4700996671875 0.24688267812500003 0.45764119531249997 0.2581047890625 0.446843853125 0.288029725 0.44269102968749996 0.2942633078125 0.4401993359375 0.295510440625 0.4318936875 0.2768076140625 0.4210963453125 0.265585503125 0.42026578125 0.2406490953125 0.423588040625 0.2319191703125 0.43272425312499996 0.22817985312500003 0.44601328906250004 0.2044884984375 0.459302325
1 0.197007784375 0.2882059796875 0.1945135203125 0.31146179375 0.1820442765625 0.33056478437500003 0.1820442765625 0.339700996875 0.1907721234375 0.34053156093750003 0.1982549171875 0.3355481734375 0.2044884984375 0.3347176078125 0.21446347812500002 0.3280730890625 0.21945200625 0.327242525 0.22443845625 0.32142857187499996 0.2481298109375 0.3164451828125 0.2531162609375 0.3098006640625 0.2630912390625 0.304817275 0.2768076140625 0.30398671093749996 0.2892768578125 0.2940199328125 0.30548541875 0.2666112953125 0.30049896875000004 0.2641196015625 0.260599053125 0.2641196015625 0.25436339218750004 0.26578073125 0.229426984375 0.26578073125 0.21196921249999998 0.2699335546875 0.201994234375 0.2790697671875 0.197007784375 0.2882059796875
2 0 0.337583421875 0.14415224375 0.3796760796875 0.1740397671875 0.339867109375 0.189764025 0.3084385375 0.1881926390625 0.292724253125 0.14572363125 0.2665282390625 0.06395333125 0.23720099687500001 0 0.22573094062500001 0 0.337583421875
1 0.0805110890625 0.344435215625 0.0638410890625 0.3438538203125 0.0629556265625 0.3491112953125 0.0884033578125 0.3608056484375 0.1235163640625 0.36197674375 0.12438935625 0.3596345515625 0.0971810890625 0.3485299 0.0805110890625 0.344435215625
1 0.9039903828125 0.537375415625 0.9139653609374999 0.5440199328124999 0.9251874718750001 0.5473421921875 0.9339153187499999 0.5473421921875 0.9538652765625001 0.540697675 0.9650873875 0.5274086375 0.9663345203124999 0.5083056484374999 0.961345990625 0.49335548124999995 0.955112409375 0.49086378750000004 0.9488788265625001 0.4792358796875 0.9438902984374999 0.475913621875 0.9251874718750001 0.4709302328125 0.906484646875 0.469269103125 0.8927682718750001 0.4767441859375 0.8890268750000001 0.481727575 0.8865346890625 0.49086378750000004 0.8890268750000001 0.49916943593749996 0.88777974375 0.50664451875 0.8940154046875 0.519102990625 0.9039903828125 0.5274086375 0.9039903828125 0.537375415625
1 0.87032405 0.5224252484374999 0.8690769171875001 0.5357142859375 0.8778047640625 0.54318936875 0.8902740078125 0.5448504984375 0.8990018546874999 0.5423588046875001 0.9039903828125 0.5382059796875 0.9052375156249999 0.5274086375 0.89650966875 0.5182724249999999 0.88279329375 0.514950165625 0.8753125781250001 0.5166112953125 0.87032405 0.5224252484374999
1 0.70947725625 0.48754152812499996 0.7157108390625 0.4916943515625 0.7369079296875001 0.49916943593749996 0.749377171875 0.5 0.768079996875 0.49335548124999995 0.7780549765625 0.4792358796875 0.7793021078125 0.469269103125 0.77182139375 0.45348837187499996 0.761846415625 0.446843853125 0.7518693578125 0.44352159531249996 0.735660796875 0.44269102968749996 0.723191553125 0.446843853125 0.7069829921874999 0.4559800671875 0.7032415953125 0.46179402031250005 0.7044887281250001 0.47757475156250007 0.70947725625 0.48754152812499996
1 0.5561091 0.481727575 0.55735623125 0.4892026578125 0.5760590578125 0.5016611296875 0.5922696968750001 0.5083056484374999 0.6034918078125 0.5083056484374999 0.6134667874999999 0.5024916937499999 0.623441765625 0.490033221875 0.6309224796875 0.4916943515625 0.6321696125 0.48754152812499996 0.63840319375 0.485049834375 0.6458859875 0.47757475156250007 0.6695752625 0.47176079687500005 0.6795502421874999 0.46345515 0.6795502421874999 0.45348837187499996 0.6745637921875 0.44269102968749996 0.659600284375 0.4318936875 0.6433917234375001 0.423588040625 0.6209475015625 0.41943521562499997 0.5935168296875 0.4219269109375 0.5910225640625 0.4302325578125 0.5935168296875 0.44767441874999997 0.5810475859374999 0.46179402031250005 0.5586033640625 0.47757475156250007 0.5561091 0.481727575
1 0.44763146562499995 0.4792358796875 0.4551121796875 0.4916943515625 0.4775564015625 0.5041528234375 0.49376496249999996 0.5024916937499999 0.5174563171875 0.485049834375 0.5211977125 0.475913621875 0.5187034484375 0.4700996671875 0.4912727765625 0.44767441874999997 0.4875313796875 0.42275747499999994 0.4825428515625 0.4186046515625 0.4738150046875 0.41694352187500006 0.45635931249999995 0.4186046515625 0.44887859687500004 0.41694352187500006 0.43516222187500003 0.41943521562499997 0.42144584687500003 0.4244186046875 0.402743021875 0.4401993359375 0.399001625 0.446843853125 0.399001625 0.462624584375 0.42892863906249995 0.466777409375 0.44763146562499995 0.4792358796875
1 0.2980047046875 0.4742524921875 0.2992518359375 0.485049834375 0.3029932328125 0.490033221875 0.31920179375 0.5008305640625 0.3341653015625 0.49916943593749996 0.377804534375 0.462624584375 0.3927680421875 0.45681063125000004 0.394015175 0.4401993359375 0.385287328125 0.4318936875 0.371570953125 0.42940199375 0.340398884375 0.4302325578125 0.3379046203125 0.435215946875 0.31920179375 0.44601328906250004 0.304240365625 0.460132890625 0.2980047046875 0.4742524921875
1 0.2768076140625 0.540697675 0.2842883296875 0.539867109375 0.291771121875 0.5415282390625 0.2980047046875 0.5390365453125 0.3179546625 0.5207641203125 0.3204489265625 0.512458471875 0.31920179375 0.505813953125 0.31421534375000004 0.49916943593749996 0.2980047046875 0.48754152812499996 0.290523990625 0.48754152812499996 0.2768076140625 0.48338870468749995 0.2531162609375 0.48255813906249995 0.2369077 0.4858803984375 0.23067411718750003 0.4916943515625 0.229426984375 0.5041528234375 0.245635546875 0.524086378125 0.255610525 0.5323920265625001 0.2768076140625 0.540697675
1 0 0.533697275 0.0037397125000000002 0.5340531562499999 0.0099753734375 0.5299003328125 0.017456087500000002 0.5299003328125 0.0236917484375 0.524086378125 0.0324195953125 0.5207641203125 0.037406045312500004 0.5132890359375 0.047381023437499996 0.50664451875 0.0498752875 0.49750830625000003 0.0461338921875 0.4916943515625 0.0249368015625 0.481727575 0.013714690625000001 0.480897009375 0.0062339765625 0.48255813906249995 0 0.487749209375 0 0.533697275
1 1 0.5673864109375 0.9950123234375001 0.5689368765625 0.9900258734375 0.5722591359375 0.9862844781250001 0.57973421875 0.9900258734375 0.5855481734375 1 0.5932146375 1 0.5673864109375
1 1 0.6056475203125 0.9975065890625 0.6038205984375 0.9850373453125 0.6004983390625 0.9738152343750001 0.6004983390625 0.961345990625 0.605481728125 0.9526181453125 0.6129568109375 0.9513710124999999 0.6237541531249999 0.9538652765625001 0.6287375421875 0.9638402562499999 0.62956810625 0.9763094984375 0.6279069765624999 1 0.6310632453125 1 0.6056475203125
1 1 0.6430376765625 0.98254308125 0.6420265781250001 0.97755663125 0.6453488375 0.9688287843750001 0.6411960140625 0.9625931234375 0.6461794015625 0.9501238796875 0.6470099671875 0.9214460765625001 0.639534884375 0.9039903828125 0.639534884375 0.8952625359375 0.6420265781250001 0.88279329375 0.6495016609375 0.8765576328125 0.6627906984374999 0.880299028125 0.673588040625 0.9039903828125 0.6843853828124999 0.9563595406250001 0.6818936875 0.9638402562499999 0.6802325578125 0.9700738375 0.676079734375 0.9912709281250001 0.676079734375 0.9975065890625 0.6802325578125 1 0.6799557203125 1 0.6430376765625
1 0.8815461609374999 0.6071428578125 0.897754721875 0.614617940625 0.9164596265625 0.6279069765624999 0.9264346046874999 0.6287375421875 0.9488788265625001 0.6096345515625 0.9713209703125001 0.5996677734375 0.97755663125 0.59302325625 0.9788037624999999 0.5830564781249999 0.9750623671875 0.576411959375 0.9638402562499999 0.567275746875 0.90274325 0.5448504984375 0.8927682718750001 0.549003321875 0.8728183140624999 0.5697674421875 0.8678297859375 0.5855481734375 0.8815461609374999 0.6071428578125
1 0.8316712671875001 0.5564784046875 0.8192020234375 0.562292359375 0.8092270453125 0.5772425250000001 0.8179548921875 0.5888704312499999 0.8254356062499999 0.59302325625 0.835410584375 0.5938538203125 0.856607675 0.5863787375 0.8640904671875 0.5813953484375001 0.8690769171875001 0.5730897015624999 0.8678297859375 0.56146179375 0.8491269593749999 0.5556478406250001 0.8316712671875001 0.5564784046875
2 0.768079996875 0.5456810625 0.7817963734375 0.5473421921875 0.811721309375 0.5589701 0.8279298703125001 0.5564784046875 0.8403991140624999 0.5315614625 0.8403991140624999 0.524086378125 0.8329183984374999 0.5166112953125 0.7817963734375 0.50664451875 0.76309146875 0.5008305640625 0.7418943796875 0.5008305640625 0.7032415953125 0.490033221875 0.692019484375 0.490033221875 0.6583531515625001 0.48421926875 0.6433917234375001 0.490033221875 0.6346638765625 0.5207641203125 0.6446388546875 0.5274086375 0.6783051875 0.530730896875 0.6882801671875 0.528239203125 0.730674346875 0.5365448500000001 0.74438864375 0.537375415625 0.768079996875 0.5456810625
1 0.502492809375 0.5481727578125 0.5037399406249999 0.5598006640625 0.5074813375 0.567275746875 0.5211977125 0.57973421875 0.529925559375 0.5780730890625 0.55735623125 0.5589701 0.574814003125 0.5498338875 0.573566871875 0.540697675 0.5673312109374999 0.533222590625 0.55112265 0.5257475078125 0.5349120093749999 0.5257475078125 0.5074813375 0.5348837203125 0.502492809375 0.5481727578125
1 0.27930187968750003 0.6162790703125001 0.283043275 0.6237541531249999 0.296757571875 0.635382059375 0.3291767734375 0.6528239203124999 0.3453874125 0.65448505 0.3965094390625 0.653654484375 0.422692978125 0.6470099671875 0.43516222187500003 0.6420265781250001 0.45885357656250003 0.6245847171875 0.483789984375 0.614617940625 0.5037399406249999 0.59800664375 0.5049870734375 0.5697674421875 0.50124775625 0.5589701 0.50124775625 0.5290697671875 0.497506359375 0.519102990625 0.4426429359375 0.48837209374999996 0.4276815078125 0.48671096406250003 0.41396513281249997 0.48255813906249995 0.3927680421875 0.48255813906249995 0.3840401953125 0.48421926875 0.377804534375 0.48837209374999996 0.3703238203125 0.49750830625000003 0.34414028124999996 0.5016611296875 0.32792964062499996 0.50664451875 0.3167075296875 0.5274086375 0.30548541875 0.5357142859375 0.2842883296875 0.562292359375 0.27930187968750003 0.576411959375 0.28179614375 0.5938538203125 0.278054746875 0.598837209375 0.27930187968750003 0.6162790703125001
1 0.22443845625 0.6270764125 0.245635546875 0.6312292359375 0.278054746875 0.6312292359375 0.283043275 0.6287375421875 0.27431335 0.62043189375 0.24438841406249998 0.61129568125 0.215710609375 0.6079734218749999 0.1907721234375 0.6079734218749999 0.1807971453125 0.6121262453125 0.1820442765625 0.6212624578125 0.1882799375 0.6237541531249999 0.22443845625 0.6270764125
1 0.4189515828125 0.6677740859375 0.39027377812499997 0.6727574749999999 0.354115259375 0.685215946875 0.34414028124999996 0.6935215953125 0.34912673125000004 0.6993355484375 0.354115259375 0.7001661125 0.385287328125 0.6943521593749999 0.42144584687500003 0.6818936875 0.440148671875 0.67940199375 0.4451372 0.6710963453125001 0.43765648593749995 0.6677740859375 0.4189515828125 0.6677740859375
1 0.21695774218750002 0.676079734375 0.2269327203125 0.6802325578125 0.2630912390625 0.6744186046875 0.27057403281250003 0.6644518265625 0.27057403281250003 0.6561461796875 0.265585503125 0.648671096875 0.2319191703125 0.6337209296874999 0.21695774218750002 0.6337209296874999 0.20324136718750002 0.63870431875 0.1882799375 0.63870431875 0.17581069375 0.6345514953125 0.15461360468750002 0.636212625 0.13965009687500002 0.6312292359375 0.1234415359375 0.6220930234375001 0.1097251609375 0.62043189375 0.0885280703125 0.6270764125 0.079800225 0.6337209296874999 0.076058828125 0.6411960140625 0.077305959375 0.651162790625 0.0822944890625 0.657807309375 0.09476373125000001 0.66611295625 0.10349157812500001 0.6686046515624999 0.1234415359375 0.6677740859375 0.133416515625 0.6652823921875 0.14463862656249998 0.6677740859375 0.184538540625 0.6677740859375 0.1895270703125 0.67026578125 0.1982549171875 0.6686046515624999 0.20324136718750002 0.6727574749999999 0.20698276249999997 0.6727574749999999 0.21196921249999998 0.669435215625 0.21695774218750002 0.676079734375
2 0 0.5872093015625001 0.039900309375 0.5872093015625001 0.047381023437499996 0.573920265625 0.04862815625 0.5415282390625 0.0386531765625 0.5365448500000001 0.0012475265625 0.537375415625 0 0.5371538359375 0 0.5872093015625001
1 0.8640904671875 0.7516611296875 0.8690769171875001 0.7591362125 0.8815461609374999 0.7682724249999999 0.89650966875 0.77491694375 0.9127182296875 0.7757475078125 0.92019894375 0.7732558140625 0.9438902984374999 0.753322259375 0.955112409375 0.7475083062500001 0.9625931234375 0.746677740625 0.97755663125 0.740033221875 0.9837902125 0.7392026578124999 0.9887787421875001 0.735049834375 0.9900258734375 0.7267441859375 0.9800508953125 0.7051495015625 0.9625931234375 0.6926910296875 0.9501238796875 0.687707640625 0.920822509375 0.682807309375 0.9077297 0.6860465109375 0.90274325 0.6926910296875 0.9089768328125001 0.7051495015625 0.9052375156249999 0.7176079734374999 0.89650966875 0.7225913625 0.8852875578124999 0.7333887046875 0.8653375999999999 0.74335548125 0.8640904671875 0.7516611296875
1 0.816707759375 0.7865448500000001 0.8316712671875001 0.7915282390625 0.8466326953125 0.7923588046875001 0.8678297859375 0.789867109375 0.8728183140624999 0.787375415625 0.8753125781250001 0.7815614625 0.8715711828125 0.77491694375 0.8528683562499999 0.76578073125 0.835410584375 0.759966778125 0.8154606265625001 0.744186046875 0.8104741765625001 0.7300664453125 0.8104741765625001 0.7184385375 0.816707759375 0.6926910296875 0.811721309375 0.6868770765625001 0.804238515625 0.6868770765625001 0.7917713515625 0.6935215953125 0.77680784375 0.721760796875 0.768079996875 0.75 0.77182139375 0.769102990625 0.7830414265625001 0.7799003328125 0.816707759375 0.7865448500000001
1 0.69576088125 0.780730896875 0.716957971875 0.7865448500000001 0.7468829078125 0.783222590625 0.7605992828125 0.7790697671875 0.7655857328125 0.76578073125 0.761846415625 0.753322259375 0.7331665328125 0.7292358796875 0.716957971875 0.7109634546875 0.7107223109375 0.7076411953124999 0.699502278125 0.7076411953124999 0.68204450625 0.712624584375 0.6695752625 0.7234219265624999 0.6645888125 0.7367109640625 0.6658359453125 0.7516611296875 0.6795502421874999 0.771594684375 0.69576088125 0.780730896875
2 0.43765648593749995 0.7425249171875 0.43516222187500003 0.762458471875 0.440148671875 0.7882059796875 0.4501236515625 0.7973421921875 0.4638400265625 0.803156146875 0.478803534375 0.8064784046875 0.4887785125 0.8048172750000001 0.51995058125 0.7857142859375 0.5311726921875 0.7823920265625001 0.5685783421874999 0.7632890359375 0.623441765625 0.7408637875 0.6433917234375001 0.7292358796875 0.6620945484375 0.7234219265624999 0.7157108390625 0.6935215953125 0.72693295 0.6901993359375 0.75810501875 0.67524916875 0.7705742625 0.6727574749999999 0.7892770875 0.6627906984374999 0.798004934375 0.6619601328125 0.8154606265625001 0.65448505 0.8279298703125001 0.6411960140625 0.8304241343750001 0.6320598000000001 0.829177003125 0.6129568109375 0.811721309375 0.589700996875 0.7955106703125 0.5730897015624999 0.7867828234375 0.567275746875 0.7817963734375 0.5664451828125 0.7568578859375 0.5506644515625 0.7431415109375 0.5456810625 0.730674346875 0.5440199328124999 0.7244386859375 0.540697675 0.69576088125 0.537375415625 0.6845387703125 0.5340531562499999 0.673316659375 0.5357142859375 0.6583531515625001 0.533222590625 0.6521195703125 0.5365448500000001 0.6446388546875 0.5348837203125 0.5910225640625 0.5456810625 0.5349120093749999 0.576411959375 0.5074813375 0.59800664375 0.4925178296875 0.6129568109375 0.4887785125 0.62043189375 0.478803534375 0.6279069765624999 0.4601007078125 0.6553156140625 0.452617915625 0.676079734375 0.4426429359375 0.6926910296875 0.4364093546875 0.7184385375 0.43765648593749995 0.7425249171875
1 0.3790516671875 0.7200996671875 0.3690766875 0.7367109640625 0.366584503125 0.7516611296875 0.3703238203125 0.7591362125 0.377804534375 0.7574750828125 0.39027377812499997 0.7475083062500001 0.40149588906250006 0.7425249171875 0.431420825 0.7367109640625 0.4339150890625 0.7317275750000001 0.4326679578125 0.725913621875 0.41396513281249997 0.712624584375 0.39526230625 0.7117940203125 0.38653445937500003 0.7142857140625 0.3790516671875 0.7200996671875
1 0.1645885828125 0.7333887046875 0.1882799375 0.7483388703125 0.2044884984375 0.7674418609375 0.21945200625 0.7682724249999999 0.2481298109375 0.75664451875 0.25436339218750004 0.7508305640625 0.25685765781250003 0.7416943515625001 0.23940196406249997 0.7292358796875 0.229426984375 0.716777409375 0.2269327203125 0.709302325 0.22817985312500003 0.682724253125 0.2219441921875 0.6802325578125 0.2044884984375 0.6785714281249999 0.1820442765625 0.67940199375 0.1645885828125 0.6843853828124999 0.14463862656249998 0.6960132890625 0.13216938281249999 0.7142857140625 0.13216938281249999 0.7234219265624999 0.13965009687500002 0.7275747515625001 0.1458857578125 0.7275747515625001 0.1645885828125 0.7333887046875
1 0.0249368015625 0.721760796875 0.027431065625 0.740033221875 0.03491178125 0.7491694359375 0.0461338921875 0.7541528234375 0.07855309218749999 0.7541528234375 0.0935166 0.7508305640625 0.0910223359375 0.74335548125 0.0972559171875 0.740033221875 0.1059858421875 0.7300664453125 0.102244446875 0.7076411953124999 0.08977520312500001 0.6985049828125 0.0835416203125 0.6968438531250001 0.05985026718749999 0.6968438531250001 0.052369553125 0.6985049828125 0.028678198437500003 0.7142857140625 0.0249368015625 0.721760796875
1 0.021197484375 0.7666112953125 0.028678198437500003 0.774086378125 0.044886759375 0.8006644515625 0.058603134375 0.812292359375 0.0685781140625 0.8098006640625 0.076058828125 0.8039867109375001 0.09850305000000001 0.7774086375 0.10723089687500001 0.7732558140625 0.1097251609375 0.7574750828125 0.09850305000000001 0.7549833890625 0.053616684375 0.7549833890625 0.037406045312500004 0.7524916937499999 0.022444615625 0.7549833890625 0.01870321875 0.7574750828125 0.021197484375 0.7666112953125
1 0 0.8343679234374999 0.00498684375 0.8347176078125 0.0162089546875 0.830564784375 0.0236917484375 0.82475083125 0.027431065625 0.8181063125 0.026183934375000002 0.8014950171875 0.01870321875 0.7923588046875001 0 0.783015271875 0 0.8343679234374999
1 0.11596082187500001 0.8214285718750001 0.12718293281249998 0.827242525 0.1770578265625 0.833056478125 0.1995020484375 0.8255813953125 0.201994234375 0.8147840531250001 0.1957606515625 0.8064784046875 0.183291409375 0.7981727578125 0.1645885828125 0.7915282390625 0.1508722078125 0.790697675 0.1359107796875 0.7940199328124999 0.1259358 0.799003321875 0.11471368906249998 0.8089701 0.1134665578125 0.8164451828124999 0.11596082187500001 0.8214285718750001
1 0.48129571875000005 0.8139534890625001 0.48129571875000005 0.8230897015625 0.48503711562499996 0.82973421875 0.5000006234375001 0.8363787374999999 0.5087284703125 0.8347176078125 0.5211977125 0.82475083125 0.51995058125 0.8131229234375 0.5049870734375 0.805647840625 0.4862842484375 0.808139534375 0.48129571875000005 0.8139534890625001
1 0.2618461859375 0.8347176078125 0.26807976875 0.839700996875 0.2755604828125 0.8413621265625 0.2755604828125 0.8455149499999999 0.278054746875 0.8455149499999999 0.2805490109375 0.8405315609375 0.28678259375000004 0.839700996875 0.3029932328125 0.8313953484375001 0.3154603984375 0.8147840531250001 0.3179546625 0.8089701 0.3179546625 0.789867109375 0.31421534375000004 0.783222590625 0.309226815625 0.7815614625 0.290523990625 0.780730896875 0.283043275 0.783222590625 0.2668326359375 0.79318936875 0.260599053125 0.8089701 0.2618461859375 0.8347176078125
1 0.53865340625 0.8156146171875 0.52493703125 0.8222591359375 0.5187034484375 0.8380398671875 0.5211977125 0.84800664375 0.529925559375 0.8529900328125001 0.5448869890625 0.8554817281249999 0.5723197390625 0.8538205984375 0.58354185 0.848837209375 0.604738940625 0.8347176078125 0.6072311265625 0.82973421875 0.604738940625 0.8214285718750001 0.5947639609375 0.8156146171875 0.5847889828125 0.8139534890625001 0.55112265 0.8131229234375 0.53865340625 0.8156146171875
4 0 0.83567301875 0.059962509374999994 0.8798172750000001 0.1062851546875 0.8167109640625 0.116808871875 0.755 0.097854540625 0.6946926906249999 0.038902603125000004 0.642807309375 0 0.6208784296875 0 0.83567301875
1 0.2693269 0.7408637875 0.283043275 0.74335548125 0.296757571875 0.7541528234375 0.3029932328125 0.755813953125 0.31421534375000004 0.755813953125 0.3254353765625 0.7524916937499999 0.35785457656249997 0.7483388703125 0.3640902375 0.7450166109375 0.36782955624999997 0.737541528125 0.36782955624999997 0.7275747515625001 0.36284310625 0.7142857140625 0.3553623921875 0.7051495015625 0.335412434375 0.695182725 0.3129682125 0.6910299 0.2855354609375 0.6926910296875 0.27057403281250003 0.6976744187499999 0.259351921875 0.7059800671875001 0.25187120625000003 0.7209302328125 0.2581047890625 0.735049834375 0.2693269 0.7408637875
1 0.5187034484375 0.49086378750000004 0.5074813375 0.49667774062500003 0.49875349062499996 0.505813953125 0.5000006234375001 0.514950165625 0.511222734375 0.5199335546875 0.5461341203125001 0.521594684375 0.573566871875 0.5166112953125 0.5760590578125 0.509966778125 0.5673312109374999 0.49667774062500003 0.55236978125 0.4892026578125 0.5324198234375 0.48837209374999996 0.5187034484375 0.49086378750000004
1 0.2980047046875 0.426079734375 0.3029932328125 0.428571428125 0.3129682125 0.4393687703125 0.32792964062499996 0.43770764062499995 0.3341653015625 0.43272425312499996 0.335412434375 0.41943521562499997 0.32792964062499996 0.40365448437499996 0.32792964062499996 0.37458471718749997 0.304240365625 0.355481728125 0.27431335 0.3413621265625 0.2493769421875 0.333056478125 0.2356605671875 0.3322259140625 0.210724159375 0.3380398671875 0.1957606515625 0.3496677734375 0.183291409375 0.355481728125 0.179552090625 0.3621262453125 0.184538540625 0.367109634375 0.2044884984375 0.37375415312500004 0.2406490953125 0.39202657812499997 0.25436339218750004 0.39617940156250003 0.260599053125 0.40448505 0.27057403281250003 0.410299003125 0.28179614375 0.4219269109375 0.290523990625 0.42691029843750006 0.2980047046875 0.426079734375
1 0.673316659375 0.4335548171875 0.6795502421874999 0.4360465109375 0.69451375 0.43770764062499995 0.708230125 0.4368770765625 0.7256858171875 0.428571428125 0.7344136640625 0.42275747499999994 0.7394021937499999 0.41611295625 0.766832865625 0.398671096875 0.7655857328125 0.39202657812499997 0.748130040625 0.3720930234375 0.7381550609375 0.3654485046875 0.7281800828125 0.36378737499999997 0.6895252203125 0.3496677734375 0.6807973734375 0.3496677734375 0.6508724375 0.3662790703125 0.6321696125 0.37956810625 0.6221946328125 0.3820598 0.6159610515625 0.39119601406250004 0.628428215625 0.407807309375 0.63840319375 0.4144518265625 0.6583531515625001 0.42275747499999994 0.673316659375 0.4335548171875
4 0.8036648359375 0.270913621875 0.769589028125 0.390639534375 0.7883916234375 0.47985049843749994 0.8659216734375 0.5252408640625 0.92583598125 0.40629568125000004 0.9986788921875001 0.29204318906250004 0.8612220640625001 0.2677823921875 0.8036648359375 0.270913621875
1 1 0.3184752265625 0.9900258734375 0.32142857187499996 0.9750623671875 0.3322259140625 0.9725681015625 0.34883720937499996 0.97755663125 0.3546511625 1 0.3618270765625 1 0.3184752265625
2 0.20042743125 1 0.1945135203125 0.969269103125 0.1907721234375 0.9642857140625001 0.1733164296875 0.9609634546875 0.14339149375 0.9609634546875 0.11845300781250001 0.96345515 0.07231950937500001 0.9617940203125 0.06733098125 0.96345515 0.053616684375 0.96345515 0.0461338921875 0.960132890625 0.03491178125 0.9609634546875 0.021197484375 0.9584717609375 0 0.9574866562500001 0 1 0.20042743125 1
1 0.31857926718749996 1 0.322943190625 0.99750830625 0.326682509375 0.9892026578124999 0.326682509375 0.9725913625 0.322943190625 0.9651162796874999 0.310473946875 0.9559800671875 0.2942633078125 0.9501661125 0.2805490109375 0.9493355484375 0.2618461859375 0.9543189375000001 0.25436339218750004 0.9626245843750001 0.2531162609375 0.9750830562499999 0.2618461859375 0.990033221875 0.27431335 0.9983388703125 0.2793011859375 1 0.31857926718749996 1
1 0.44320981406250004 1 0.4426429359375 0.9958471765624999 0.43516222187500003 0.9825581390625 0.4364093546875 0.9709302328125 0.44887859687500004 0.950996678125 0.4551121796875 0.9460132890624999 0.4551121796875 0.937707640625 0.4501236515625 0.9343853828125 0.431420825 0.92940199375 0.42144584687500003 0.9244186046875 0.402743021875 0.9219269109375 0.3840401953125 0.9244186046875 0.3553623921875 0.937707640625 0.34912673125000004 0.944352159375 0.3516209953125 0.9526578078125001 0.372818084375 0.9709302328125 0.3827930640625 0.9867109640624999 0.3796004046875 1 0.44320981406250004 1
1 0.5610969359375 1 0.5660840781250001 0.9983388703125 0.5785533218750001 0.9892026578124999 0.5847889828125 0.978405315625 0.5847889828125 0.96345515 0.5810475859374999 0.95681063125 0.5623447609375 0.944352159375 0.5536169140625 0.9426910296875001 0.5261841640625 0.9451827249999999 0.514962053125 0.9526578078125001 0.5099756015625 0.9626245843750001 0.5099756015625 0.975913621875 0.516209184375 0.9908637875 0.5261841640625 0.9966777406249999 0.53699125625 1 0.5610969359375 1
1 0.7175815375 1 0.7256858171875 0.9950166109374999 0.7468829078125 0.9916943515625001 0.7793021078125 0.9916943515625001 0.785535690625 0.9892026578124999 0.8029934624999999 0.9584717609375 0.804238515625 0.9518272421875 0.7917713515625 0.919435215625 0.784288559375 0.9136212625000001 0.7755607125 0.9094684390625 0.7468829078125 0.90199335625 0.7157108390625 0.90199335625 0.6832916390625 0.8953488374999999 0.6708223953125 0.8953488374999999 0.659600284375 0.8995016609375 0.6446388546875 0.90199335625 0.640897459375 0.9069767437499999 0.640897459375 0.9127906984375 0.64962530625 0.9310631234375 0.6483781734375 0.946843853125 0.6296753484375001 0.9709302328125 0.6221946328125 0.9867109640624999 0.623441765625 0.9991694359375 0.6242292093749999 1 0.7175815375 1
1 0.3129682125 0.901162790625 0.290523990625 0.9044850500000001 0.2842883296875 0.9086378734375 0.28678259375000004 0.9244186046875 0.30049896875000004 0.9318936875 0.31421534375000004 0.9327242531250001 0.321696059375 0.919435215625 0.33291817031250004 0.9119601328125 0.3478795984375 0.9061461796874999 0.3802988 0.9036544843750001 0.3840401953125 0.90199335625 0.38902664531250003 0.8961794015625 0.38653445937500003 0.886212625 0.3640902375 0.8754152828124999 0.34414028124999996 0.8745847171875001 0.3316710375 0.876245846875 0.326682509375 0.880398671875 0.322943190625 0.8945182718750001 0.3129682125 0.901162790625
2 3.9375e-7 0.9094684390625 0.0012475265625 0.9177740859375 0.0099753734375 0.9310631234375 0.021197484375 0.941860465625 0.031172462499999998 0.946843853125 0.0461338921875 0.9435215953125 0.1097251609375 0.9186046515624999 0.11845300781250001 0.916943521875 0.2044884984375 0.8812292359375 0.20698276249999997 0.8770764124999999 0.20573563125 0.867109634375 0.183291409375 0.842192690625 0.1733164296875 0.839700996875 0.15461360468750002 0.8471760796875 0.1458857578125 0.8471760796875 0.09476373125000001 0.869601328125 0.08104735625000001 0.8720930234375001 0.0648387953125 0.8820598000000001 0.052369553125 0.8845514953125001 0.044886759375 0.8920265781250001 0.03491178125 0.8928571421875 0.008728240625 0.90199335625 3.9375e-7 0.9094684390625
1 0 0.22607180625 0.05112242031250001 0.2325581390625 0.05985026718749999 0.2300664453125 0.0685781140625 0.2234219265625 0.07855309218749999 0.19767441875 0.077305959375 0.187707640625 0.053616684375 0.16860465156249999 0.014961823437499999 0.1528239203125 0 0.15149505624999998 0 0.22607180625
1 0.37655948125 0.157807309375 0.3703238203125 0.1586378734375 0.3640902375 0.166943521875 0.36284310625 0.17524916875000002 0.3703238203125 0.1835548171875 0.3827930640625 0.18687707656250002 0.394015175 0.18687707656250002 0.4201987140625 0.18189368749999998 0.4364093546875 0.173588040625 0.4326679578125 0.166943521875 0.4201987140625 0.160299003125 0.403990153125 0.1553156140625 0.385287328125 0.1528239203125 0.37655948125 0.157807309375
1 0.5710726078125 0.212624584375 0.55112265 0.23837209375 0.5448869890625 0.253322259375 0.5448869890625 0.2607973421875 0.559850496875 0.26162790625 0.5710726078125 0.25664451875 0.6259360296875001 0.25830564843750004 0.673316659375 0.255813953125 0.6895252203125 0.2607973421875 0.7032415953125 0.255813953125 0.7069829921874999 0.2574750828125 0.7256858171875 0.25830564843750004 0.730674346875 0.25249169375 0.721944421875 0.24418604687499998 0.7182051031250001 0.231727575 0.70074733125 0.20930232499999998 0.6895252203125 0.2051495015625 0.6807973734375 0.20681063125 0.6745637921875 0.2026578078125 0.635911009375 0.20348837187500002 0.6296753484375001 0.20182724218749998 0.6246888984375001 0.2043189375 0.6122196546875001 0.2051495015625 0.5872811687499999 0.2043189375 0.5710726078125 0.212624584375
4 0.17195705625 0.2260548171875 0.1397498671875 0.2484219265625 0.12832821562500002 0.2585631234375 0.9031173906250001 0.2585631234375 0.871858021875 0.2323089703125 0.80524869375 0.195182725 0.765835159375 0.17345515 0.7141768671875 0.154435215625 0.6666091671875 0.1354235875 0.6258237875 0.12637043125 0.5388280046875 0.11550664375 0.52387696875 0.1136960140625 0.44639680468750004 0.12003322187500001 0.3675676578125 0.13161960156250002 0.25991313125 0.17652823906249998 0.1931666171875 0.21446843906250002 0.17195705625 0.2260548171875
1 0.3927680421875 0.0880398671875 0.3915209109375 0.09800664375 0.394015175 0.10215946875 0.4189515828125 0.11295681093750001 0.4339150890625 0.11046511562500001 0.440148671875 0.10548172812500001 0.4463843328125 0.09551495 0.4451372 0.0789036546875 0.4364093546875 0.07392026562500001 0.4189515828125 0.07475083125000001 0.408976603125 0.0780730890625 0.3927680421875 0.0880398671875
4 0.7643533515625001 0 0.7660097578125 0.0187707640625 0.7801626296874999 0.059626245312500006 0.8304989624999999 0.1015365453125 0.893404309375 0.1245764125 0.9437281703125 0.134011628125 1 0.134011628125 1 0 0.7643533515625001 0
1 0.2755604828125 0.876245846875 0.2855354609375 0.87956810625 0.2930182546875 0.87956810625 0.3029932328125 0.8745847171875001 0.304240365625 0.863787375 0.296757571875 0.8579734218749999 0.2805490109375 0.8538205984375 0.255610525 0.8430232562500001 0.21945200625 0.8363787374999999 0.210724159375 0.8372093015625 0.2132163453125 0.8463455156249999 0.2755604828125 0.876245846875
2 0.3915209109375 0.880398671875 0.4638400265625 0.9044850500000001 0.4862842484375 0.9086378734375 0.49376496249999996 0.9036544843750001 0.5099756015625 0.8812292359375 0.5124698671875 0.8729235875000001 0.5074813375 0.8687707640625 0.4925178296875 0.863787375 0.48129571875000005 0.8571428578125 0.4725678734375 0.8563122921874999 0.4513707828125 0.84800664375 0.4426429359375 0.8471760796875 0.417706528125 0.8363787374999999 0.3977565703125 0.8313953484375001 0.3503738625 0.8139534890625001 0.3316710375 0.8131229234375 0.31920179375 0.8189368765625 0.3029932328125 0.8430232562500001 0.3067325515625 0.8529900328125001 0.3566074453125 0.869601328125 0.3690766875 0.87043189375 0.3915209109375 0.880398671875
2 1 0.8064786359375 0.9912709281250001 0.7956810625 0.9788037624999999 0.7848837203125 0.9625931234375 0.7774086375 0.942643165625 0.77491694375 0.9177067578125 0.7765780734375001 0.8715711828125 0.790697675 0.8541154890625 0.7940199328124999 0.8079799124999999 0.790697675 0.77182139375 0.7848837203125 0.7605992828125 0.7848837203125 0.723191553125 0.7915282390625 0.7019944640625 0.82475083125 0.6982551453125 0.8347176078125 0.69576088125 0.8529900328125001 0.70074733125 0.8687707640625 0.7069829921874999 0.8770764124999999 0.730674346875 0.8928571421875 0.7418943796875 0.89784053125 0.7568578859375 0.901162790625 0.7892770875 0.9136212625000001 0.80673278125 0.92524916875 0.8142134953125 0.9401993359375 0.824190553125 0.946843853125 0.874065446875 0.9526578078125001 0.8990018546874999 0.9526578078125001 0.9264346046874999 0.9476744187499999 0.937656715625 0.9426910296875001 0.9563595406250001 0.92940199375 0.9675816515625 0.9161129562499999 0.9763094984375 0.8953488374999999 0.9750623671875 0.88870431875 0.97755663125 0.8845514953125001 1 0.8690268015625 1 0.8064786359375
1 1 0.8838248484375001 0.9975065890625 0.8845514953125001 0.9925180593749999 0.8878737546875 0.9887787421875001 0.8936877078125001 0.9900258734375 0.9086378734375 0.9937651921875 0.9144518265625001 1 0.9179130015625001 1 0.8838248484375001
2 0.04862815625 0.580564784375 0.03491178125 0.6187707640625 0.03491178125 0.6287375421875 0.044886759375 0.635382059375 0.052369553125 0.635382059375 0.05985026718749999 0.630398671875 0.074813775 0.6312292359375 0.0972559171875 0.6162790703125001 0.1047387109375 0.617109634375 0.112219425 0.613787375 0.11845300781250001 0.613787375 0.12468866875 0.6096345515625 0.15710786875 0.60215946875 0.18578567343750002 0.60215946875 0.201994234375 0.59800664375 0.22568558906249997 0.5813953484375001 0.23316630312500003 0.5789036546874999 0.2406490953125 0.5789036546874999 0.2493769421875 0.5714285718750001 0.2481298109375 0.5606312296875 0.23815483125 0.5498338875 0.2132163453125 0.5008305640625 0.20698276249999997 0.48338870468749995 0.20074710156250003 0.4767441859375 0.1982549171875 0.4609634546875 0.1882799375 0.4335548171875 0.184538540625 0.3970099671875 0.17581069375 0.380398671875 0.16957503437500002 0.3770764125 0.1259358 0.3820598 0.12094727187500001 0.37956810625 0.1047387109375 0.3779069765625 0.0960108640625 0.3712624578125 0.0885280703125 0.3770764125 0.0835416203125 0.3779069765625 0.08104735625000001 0.3820598 0.0685781140625 0.3779069765625 0.05985026718749999 0.3812292359375 0.052369553125 0.3812292359375 0.044886759375 0.38538205937500003 0.0423945734375 0.3903654484375 0.0461338921875 0.41943521562499997 0.05112242031250001 0.42691029843750006 0.05112242031250001 0.4335548171875 0.057356003125 0.446843853125 0.058603134375 0.5274086375 0.053616684375 0.549003321875 0.057356003125 0.5564784046875 0.052369553125 0.5598006640625 0.04862815625 0.580564784375
1 0.5985032796875001 0.9277408640625 0.6072311265625 0.9318936875 0.63341674375 0.9335548171875001 0.642144590625 0.9310631234375 0.6433917234375001 0.9235880406250001 0.6346638765625 0.910299003125 0.6309224796875 0.8953488374999999 0.6246888984375001 0.88870431875 0.6084782578125 0.8787375421875 0.561097628125 0.86129568125 0.542394803125 0.86129568125 0.51995058125 0.8729235875000001 0.4912727765625 0.9119601328125 0.4912727765625 0.92524916875 0.5000006234375001 0.9318936875 0.5074813375 0.9310631234375 0.5399005390625 0.9186046515624999 0.5536169140625 0.9186046515624999 0.5673312109374999 0.9161129562499999 0.5885283 0.9186046515624999 0.5985032796875001 0.9277408640625
1 0.1932663875 0.8878737546875 0.1820442765625 0.8953488374999999 0.1820442765625 0.9094684390625 0.1895270703125 0.916943521875 0.20947702812500002 0.9244186046875 0.22319132343749998 0.92524916875 0.2319191703125 0.919435215625 0.24688267812500003 0.9144518265625001 0.255610525 0.9086378734375 0.2630912390625 0.8995016609375 0.2668326359375 0.88870431875 0.2668326359375 0.8779069765624999 0.264338371875 0.8745847171875001 0.24688267812500003 0.87043189375 0.210724159375 0.8779069765624999 0.20324136718750002 0.8853820593749999 0.1932663875 0.8878737546875
1 0.623441765625 0.8621262453125 0.6446388546875 0.863787375 0.6658359453125 0.880398671875 0.6745637921875 0.880398671875 0.69451375 0.867109634375 0.6932666171874999 0.8579734218749999 0.6795502421874999 0.848837209375 0.6670830765625 0.82475083125 0.659600284375 0.8214285718750001 0.63840319375 0.8230897015625 0.6246888984375001 0.8280730890625 0.6147139187499999 0.8363787374999999 0.6109725218750001 0.8446843859375001 0.6122196546875001 0.8563122921874999 0.623441765625 0.8621262453125
1 1 0.039640625 0.9937651921875 0.037375415625000005 0.9675816515625 0.039867109375 0.9563595406250001 0.0440199328125 0.9501238796875 0.050664451562500004 0.9526181453125 0.058970100000000004 0.9588538062499999 0.06146179375000001 1 0.0637458671875 1 0.039640625
1 0.9264346046874999 0.10963455156249999 0.9351624515625 0.113787375 0.9451374296875 0.11544850468750001 0.9675816515625 0.113787375 0.9725681015625 0.1088039859375 0.9725681015625 0.0996677734375 0.9488788265625001 0.08388704375 0.9401489015625 0.0822259140625 0.9264346046874999 0.0938538203125 0.9264346046874999 0.10963455156249999
1 0.7793021078125 0.0938538203125 0.7780549765625 0.09800664375 0.7817963734375 0.1121262453125 0.7955106703125 0.117109634375 0.8054856484374999 0.11295681093750001 0.811721309375 0.1038205984375 0.8092270453125 0.09219269062499999 0.7967578015625 0.0855481734375 0.7793021078125 0.0938538203125
1 0.7235482734375001 0 0.7256858171875 0.0016611296875 0.7244386859375 0.0083056484375 0.7331665328125 0.0141196015625 0.7431415109375 0.029900332812500003 0.7431415109375 0.046511628124999996 0.735660796875 0.0722591359375 0.7369079296875001 0.080564784375 0.7406493249999999 0.0822259140625 0.7468829078125 0.080564784375 0.7518693578125 0.07475083125000001 0.761846415625 0.0564784046875 0.7643386015625 0.046511628124999996 0.7643386015625 0.025747507812499997 0.75810501875 0.0074750828125000005 0.751588953125 0 0.7235482734375001 0
1 0.655860965625 0.0789036546875 0.6620945484375 0.11794020000000001 0.6658359453125 0.1245847171875 0.6695752625 0.126245846875 0.6895252203125 0.12707641249999999 0.69576088125 0.123754153125 0.7032415953125 0.11129568125 0.7107223109375 0.0863787375 0.7069829921874999 0.07973421875 0.6982551453125 0.0755813953125 0.6658359453125 0.07475083125000001 0.6583531515625001 0.076411959375 0.655860965625 0.0789036546875
1 0.6109725218750001 0.08887043125 0.6009975437499999 0.0938538203125 0.6009975437499999 0.10963455156249999 0.6134667874999999 0.11544850468750001 0.628428215625 0.113787375 0.635911009375 0.10714285781249999 0.637158140625 0.10049833906250001 0.6346638765625 0.0946843859375 0.6246888984375001 0.08887043125 0.6109725218750001 0.08887043125
1 0.687033034375 0.054817275 0.6583531515625001 0.0539867109375 0.628428215625 0.06395348906250001 0.6221946328125 0.0730897015625 0.6296753484375001 0.0755813953125 0.6608474171875 0.0755813953125 0.6970080140625 0.0697674421875 0.70074733125 0.067275746875 0.70074733125 0.06146179375000001 0.6982551453125 0.058139534375 0.687033034375 0.054817275
1 0.6695752625 0.021594684375 0.6670830765625 0.0423588046875 0.673316659375 0.050664451562500004 0.7032415953125 0.0573089703125 0.71446370625 0.052325581249999996 0.7206972890625 0.0456810625 0.7244386859375 0.037375415625000005 0.7244386859375 0.0224252484375 0.7194522359375 0.012458471875 0.708230125 0.0041528234375 0.692019484375 0.003322259375 0.687033034375 0.0041528234375 0.6758109234375 0.012458471875 0.6695752625 0.021594684375
1 0.6344857140625 0 0.635911009375 0.0016611296875 0.6433917234375001 0.0049833890625 0.6583531515625001 0.003322259375 0.66334168125 0.014950165625000001 0.6670830765625 0.0174418609375 0.6745637921875 0.0141196015625 0.6832916390625 0.005813953125 0.6842989375 0 0.6344857140625 0
2 0.3237705484375 0 0.3303615484375 0.0386794015625 0.3979935265625 0.040772425 0.5238146125 0.1078156140625 0.536396096875 0.11096345468749999 0.6040156031249999 0.07848837187499999 0.6323317390625001 0.030299003125 0.57925980625 0 0.3237705484375 0
1 0.36284310625 0.071428571875 0.3703238203125 0.07475083125000001 0.38154593124999997 0.07475083125000001 0.3927680421875 0.0681063125 0.3927680421875 0.0564784046875 0.38902664531250003 0.051495017187500006 0.3653373703125 0.0415282390625 0.3553623921875 0.0415282390625 0.3304239046875 0.050664451562500004 0.326682509375 0.0564784046875 0.326682509375 0.067275746875 0.33291817031250004 0.0722591359375 0.36284310625 0.071428571875
1 0.2768076140625 0.0697674421875 0.2842883296875 0.0689368765625 0.2980047046875 0.07392026562500001 0.3204489265625 0.076411959375 0.3254353765625 0.0697674421875 0.3241903234375 0.0498338875 0.3179546625 0.033222590625 0.31172107968749996 0.0290697671875 0.304240365625 0.030730896875000004 0.2693269 0.050664451562500004 0.26807976875 0.06146179375000001 0.2768076140625 0.0697674421875
1 0.25730604218750003 0 0.2531162609375 0.005813953125 0.245635546875 0.021594684375 0.24314128125 0.0456810625 0.24688267812500003 0.06395348906250001 0.2618461859375 0.080564784375 0.26807976875 0.0755813953125 0.2668326359375 0.037375415625000005 0.27431335 0.013289035937499999 0.283043275 0 0.25730604218750003 0
1 0.090802275 0 0.056420653125 0.040897009375 0.0509852359375 0.051760796875 0.053703984375 0.059003321875 0.24536117656249998 0.06171926875 0.23720701093750002 0.049950165625 0.20457776875000003 0 0.090802275 0
2 0 0.060112167187499996 0.03491178125 0.062292359374999995 0.04364170625 0.059800664062499995 0.047381023437499996 0.0564784046875 0.0498752875 0.0473421921875 0.0498752875 0.024086378125 0.039900309375 0.0141196015625 0.0324195953125 0.012458471875 0.0099753734375 0.0141196015625 0 0.011904726562499999 0 0.060112167187499996
1 0.7793021078125 0.17441860468749998 0.7880299546875 0.1777408640625 0.7967578015625 0.185215946875 0.80673278125 0.18853820625 0.811721309375 0.18853820625 0.8154606265625001 0.182724253125 0.8403991140624999 0.173588040625 0.8466326953125 0.16860465156249999 0.8466326953125 0.1586378734375 0.8416462453125 0.151162790625 0.8254356062499999 0.1436877078125 0.8029934624999999 0.1436877078125 0.7917713515625 0.15199335625 0.7793021078125 0.16611295625 0.7793021078125 0.17441860468749998
1 0.7157108390625 0.1254152828125 0.7107223109375 0.14700996718749998 0.7157108390625 0.151162790625 0.723191553125 0.1528239203125 0.7381550609375 0.1453488375 0.7605992828125 0.14784053125000002 0.766832865625 0.144518271875 0.7942635375 0.14119601406249999 0.798004934375 0.13787375468750002 0.7967578015625 0.1287375421875 0.7406493249999999 0.08970099687500001 0.730674346875 0.0905315609375 0.7244386859375 0.10963455156249999 0.7157108390625 0.1254152828125
1 0.4962592265625 0.107973421875 0.4750621375 0.107973421875 0.4551121796875 0.1162790703125 0.452617915625 0.1245847171875 0.46259289375 0.130398671875 0.48129571875000005 0.1312292359375 0.49376496249999996 0.12707641249999999 0.51995058125 0.123754153125 0.5224448453125 0.11544850468750001 0.516209184375 0.11129568125 0.4962592265625 0.107973421875
1 0.50124775625 0.17524916875000002 0.4750621375 0.1835548171875 0.4688285546875 0.18853820625 0.466334290625 0.19601328906249998 0.4725678734375 0.20099667812500002 0.49002564531250004 0.2026578078125 0.5037399406249999 0.20681063125 0.5074813375 0.210132890625 0.5224448453125 0.20930232499999998 0.5461341203125001 0.1985049828125 0.5498755171874999 0.19269102968750002 0.5498755171874999 0.18687707656250002 0.5448869890625 0.182724253125 0.5224448453125 0.17524916875000002 0.50124775625 0.17524916875000002
1 0.547381253125 0.1345514953125 0.5211977125 0.153654484375 0.5187034484375 0.1677740859375 0.52493703125 0.172757475 0.5486283859375 0.178571428125 0.5648369468750001 0.1769102984375 0.5710726078125 0.1719269109375 0.573566871875 0.153654484375 0.5773061890625 0.14784053125000002 0.5822947187499999 0.144518271875 0.5935168296875 0.1428571421875 0.6034918078125 0.13870431875 0.6034918078125 0.1279069765625 0.58354185 0.11960132812499999 0.5635918921874999 0.1187707640625 0.5586033640625 0.12043189375 0.547381253125 0.1345514953125
1 0.6458859875 0.1594684390625 0.6209475015625 0.157807309375 0.5935168296875 0.173588040625 0.5922696968750001 0.1810631234375 0.5997504109375 0.185215946875 0.6109725218750001 0.185215946875 0.6309224796875 0.1769102984375 0.6471331203124999 0.17441860468749998 0.655860965625 0.166943521875 0.6458859875 0.1594684390625
1 0.6795502421874999 0.1835548171875 0.69576088125 0.1910299 0.7369079296875001 0.20182724218749998 0.74438864375 0.1993355484375 0.7568578859375 0.1893687703125 0.754363621875 0.18189368749999998 0.7331665328125 0.1710963453125 0.7182051031250001 0.17026578125 0.7044887281250001 0.1619601328125 0.699502278125 0.15448504999999998 0.685785903125 0.14700996718749998 0.6745637921875 0.1370431890625 0.6583531515625001 0.1345514953125 0.6508724375 0.142026578125 0.6508724375 0.1528239203125 0.6571080984375001 0.16528239218750002 0.6795502421874999 0.1835548171875
1 0.7605992828125 0.1860465109375 0.7418943796875 0.20182724218749998 0.7431415109375 0.210132890625 0.753116490625 0.21843853750000003 0.76309146875 0.21843853750000003 0.7830414265625001 0.1993355484375 0.7880299546875 0.18687707656250002 0.7830414265625001 0.1810631234375 0.77182139375 0.18189368749999998 0.7605992828125 0.1860465109375
1 0.8192020234375 0.235049834375 0.83915198125 0.2408637875 0.8466326953125 0.23837209375 0.8628433359375001 0.2392026578125 0.8665826531249999 0.231727575 0.8478798281250001 0.21843853750000003 0.8329183984374999 0.21345515 0.824190553125 0.2076411953125 0.799252065625 0.2043189375 0.7880299546875 0.2051495015625 0.7867828234375 0.2117940203125 0.7942635375 0.22093023281250002 0.8192020234375 0.235049834375
1 0.8192020234375 0.23837209375 0.804238515625 0.240033221875 0.7880299546875 0.23837209375 0.7867828234375 0.24750830625 0.80673278125 0.255813953125 0.8179548921875 0.25830564843750004 0.8528683562499999 0.25830564843750004 0.8653375999999999 0.253322259375 0.8653375999999999 0.2425249171875 0.861596203125 0.2392026578125 0.8379048484375 0.2408637875 0.8192020234375 0.23837209375
1 0.50623420625 0.22591362187500003 0.49376496249999996 0.2300664453125 0.4925178296875 0.2392026578125 0.5099756015625 0.255813953125 0.5211977125 0.2607973421875 0.53865340625 0.2607973421875 0.55236978125 0.23421926875 0.55112265 0.22425249218749999 0.5324198234375 0.2234219265625 0.514962053125 0.22674418593749998 0.50623420625 0.22591362187500003
1 0.43765648593749995 0.2325581390625 0.41396513281249997 0.2392026578125 0.38902664531250003 0.25249169375 0.38902664531250003 0.2607973421875 0.3915209109375 0.262458471875 0.416459396875 0.26162790625 0.4364093546875 0.25664451875 0.4650871578125 0.24335548125 0.4775564015625 0.240033221875 0.5037399406249999 0.22093023281250002 0.5037399406249999 0.21096345468750002 0.50124775625 0.20930232499999998 0.4912727765625 0.20930232499999998 0.44887859687500004 0.22425249218749999 0.43765648593749995 0.2325581390625
1 0.41396513281249997 0.21096345468750002 0.3802988 0.20930232499999998 0.3690766875 0.21594684375 0.3653373703125 0.22508305625 0.377804534375 0.23588039843750003 0.38653445937500003 0.23671096406249997 0.39027377812499997 0.240033221875 0.40149588906250006 0.23837209375 0.40773155 0.240033221875 0.42394011093749995 0.2333887046875 0.4364093546875 0.23089700937500002 0.4451372 0.22425249218749999 0.440148671875 0.21677740937499998 0.4339150890625 0.2142857140625 0.41396513281249997 0.21096345468750002
1 0.3516209953125 0.2491694359375 0.36284310625 0.255813953125 0.3790516671875 0.2574750828125 0.3827930640625 0.2541528234375 0.3827930640625 0.2450166109375 0.36782955624999997 0.23089700937500002 0.36284310625 0.22093023281250002 0.3478795984375 0.22009966718750001 0.3291767734375 0.2117940203125 0.3079796828125 0.2117940203125 0.2942633078125 0.2151162796875 0.2805490109375 0.22425249218749999 0.310473946875 0.2333887046875 0.335412434375 0.23837209375 0.3428931484375 0.24335548125 0.3478795984375 0.24418604687499998 0.3516209953125 0.2491694359375
1 0.255610525 0.25913621249999996 0.2942633078125 0.26162790625 0.31172107968749996 0.25913621249999996 0.3154603984375 0.2541528234375 0.31421534375000004 0.2450166109375 0.3079796828125 0.23671096406249997 0.2992518359375 0.2300664453125 0.290523990625 0.2325581390625 0.288029725 0.22425249218749999 0.2855354609375 0.2234219265625 0.25685765781250003 0.2275747515625 0.23940196406249997 0.2275747515625 0.22319132343749998 0.23671096406249997 0.21945200625 0.24335548125 0.22319132343749998 0.2541528234375 0.2406490953125 0.259966778125 0.255610525 0.25913621249999996
1 0.215710609375 0.1993355484375 0.20324136718750002 0.20847176093750003 0.1995020484375 0.22093023281250002 0.20324136718750002 0.2325581390625 0.2132163453125 0.2333887046875 0.2344134359375 0.22840531562500002 0.24438841406249998 0.22009966718750001 0.24314128125 0.2076411953125 0.23316630312500003 0.2001661125 0.22817985312500003 0.1985049828125 0.215710609375 0.1993355484375
1 0.4451372 0.173588040625 0.4513707828125 0.178571428125 0.4688285546875 0.1802325578125 0.49376496249999996 0.17441860468749998 0.49875349062499996 0.16860465156249999 0.4950120953125 0.15697674374999998 0.480050665625 0.1453488375 0.478803534375 0.139534884375 0.4650871578125 0.135382059375 0.4501236515625 0.12292358750000001 0.4339150890625 0.12209302343749999 0.408976603125 0.130398671875 0.41022373593749994 0.139534884375 0.43765648593749995 0.1503322265625 0.4426429359375 0.1594684390625 0.4451372 0.173588040625
1 0.321696059375 0.11295681093750001 0.3316710375 0.1245847171875 0.340398884375 0.1287375421875 0.3516209953125 0.1254152828125 0.359101709375 0.11794020000000001 0.3640902375 0.107973421875 0.3690766875 0.083056478125 0.3653373703125 0.0755813953125 0.35785457656249997 0.0722591359375 0.326682509375 0.0722591359375 0.3179546625 0.07973421875 0.321696059375 0.11295681093750001
1 0.28678259375000004 0.178571428125 0.2768076140625 0.187707640625 0.278054746875 0.195182725 0.28179614375 0.1985049828125 0.295510440625 0.2001661125 0.309226815625 0.19767441875 0.3316710375 0.1901993359375 0.359101709375 0.176079734375 0.371570953125 0.1503322265625 0.3703238203125 0.13787375468750002 0.36284310625 0.1320598 0.354115259375 0.130398671875 0.3379046203125 0.1461794015625 0.3304239046875 0.151162790625 0.3254353765625 0.15199335625 0.321696059375 0.1594684390625 0.31172107968749996 0.166943521875 0.30548541875 0.16528239218750002 0.30049896875000004 0.1710963453125 0.28678259375000004 0.178571428125
1 0.30049896875000004 0.1370431890625 0.31920179375 0.139534884375 0.32792964062499996 0.1370431890625 0.3316710375 0.1312292359375 0.3254353765625 0.1245847171875 0.3017461015625 0.1187707640625 0.27930187968750003 0.117109634375 0.245635546875 0.11960132812499999 0.2369077 0.123754153125 0.2319191703125 0.130398671875 0.2369077 0.135382059375 0.2481298109375 0.1370431890625 0.30049896875000004 0.1370431890625
1 0.20324136718750002 0.09800664375 0.22319132343749998 0.11129568125 0.22568558906249997 0.1162790703125 0.23316630312500003 0.117109634375 0.2406490953125 0.11129568125 0.2481298109375 0.1121262453125 0.2618461859375 0.10299003281250001 0.2668326359375 0.0938538203125 0.260599053125 0.08887043125 0.25685765781250003 0.07973421875 0.24688267812500003 0.0722591359375 0.2344134359375 0.0681063125 0.2182048734375 0.0681063125 0.201994234375 0.07724252499999999 0.1982549171875 0.08887043125 0.20324136718750002 0.09800664375
1 0.1770578265625 0.1495016609375 0.178304959375 0.16112956875 0.1895270703125 0.1802325578125 0.2044884984375 0.191860465625 0.2182048734375 0.19601328906249998 0.23067411718750003 0.19269102968750002 0.2581047890625 0.17441860468749998 0.2630912390625 0.16860465156249999 0.2693269 0.1528239203125 0.2693269 0.144518271875 0.264338371875 0.139534884375 0.23940196406249997 0.1403654484375 0.2344134359375 0.142026578125 0.1907721234375 0.13870431875 0.1807971453125 0.1403654484375 0.1770578265625 0.1495016609375
1 0.1458857578125 0.12043189375 0.1359107796875 0.126245846875 0.1359107796875 0.13870431875 0.14713289062499998 0.14700996718749998 0.1608471875 0.14784053125000002 0.17206929843750002 0.1403654484375 0.1733164296875 0.1287375421875 0.16209431875 0.12043189375 0.1458857578125 0.12043189375
1 0.06234453125 0.1312292359375 0.07231950937500001 0.1461794015625 0.08104735625000001 0.153654484375 0.08977520312500001 0.1553156140625 0.11970013906250002 0.139534884375 0.12468866875 0.132890365625 0.1234415359375 0.1254152828125 0.11845300781250001 0.12043189375 0.1097251609375 0.11960132812499999 0.0872809390625 0.1121262453125 0.071072378125 0.10215946875 0.0685781140625 0.0971760796875 0.05985026718749999 0.09219269062499999 0.0561088703125 0.0872093015625 0.044886759375 0.0863787375 0.0124696375 0.10215946875 0.014961823437499999 0.10963455156249999 0.0236917484375 0.1088039859375 0.047381023437499996 0.12043189375 0.06234453125 0.1312292359375
1 0.10099731406250001 0.23421926875 0.1134665578125 0.237541528125 0.1259358 0.23671096406249997 0.133416515625 0.2416943515625 0.1583550015625 0.2325581390625 0.1645885828125 0.22674418593749998 0.1645885828125 0.2176079734375 0.1596000546875 0.20681063125 0.1608471875 0.18853820625 0.16832997968750002 0.1810631234375 0.179552090625 0.1769102984375 0.1807971453125 0.1710963453125 0.178304959375 0.16528239218750002 0.16832997968750002 0.1586378734375 0.1458857578125 0.1528239203125 0.12468866875 0.151162790625 0.11097229374999999 0.15448504999999998 0.102244446875 0.15448504999999998 0.0935166 0.157807309375 0.08104735625000001 0.16611295625 0.077305959375 0.17441860468749998 0.0910223359375 0.1810631234375 0.10099731406250001 0.195182725 0.102244446875 0.210132890625 0.09850305000000001 0.2300664453125 0.10099731406250001 0.23421926875
1 0 0.15055875937500002 0.0249368015625 0.1528239203125 0.028678198437500003 0.14784053125000002 0.027431065625 0.142026578125 0.01870321875 0.136212625 0.0037397125000000002 0.1345514953125 0 0.13340170468749998 0 0.15055875937500002