1 0.302918978125 0.5104899296875 0.33211751875 0.51398576875 0.3503649640625 0.49650437031249994 0.354015328125 0.47552492968750004 0.3248167890625 0.42307632812499996 0.3175182484375 0.42657437031249995 0.29197007343750003 0.4825166078125 0.29197007343750003 0.493006328125 0.302918978125 0.5104899296875
1 0.1934299265625 0.506994090625 0.178832846875 0.506994090625 0.1605832109375 0.493006328125 0.14963430625000002 0.500000209375 0.14963430625000002 0.5244754890625 0.155108759375 0.5384610484375 0.178832846875 0.5664343703125 0.1970802921875 0.5664343703125 0.21350365 0.55594465 0.2262766421875 0.5314693703125 0.22445255468749997 0.5104899296875 0.2153277375 0.49650437031249994 0.1934299265625 0.506994090625
5 0.205055475 0.949824615625 0.2178109484375 0.9467142656249999 0.2178109484375 0.942308671875 0.2031021890625 0.94793681875 0.205055475 0.949824615625
1 0.1715321171875 0.22377604843749999 0.1916058390625 0.22028020937499998 0.19890437968750002 0.20629464999999997 0.19890437968750002 0.17832132812499998 0.1861313875 0.1678316078125 0.16423357656249998 0.1678316078125 0.1587591234375 0.1748254890625 0.1587591234375 0.19930076875 0.1715321171875 0.22377604843749999
1 0.2153277375 0.2272718875 0.2281029203125 0.2272718875 0.24635036562499998 0.2027966078125 0.2427 0.1678316078125 0.2281029203125 0.1573418875 0.2189781015625 0.1608399296875 0.20802919687500002 0.18531520937499998 0.206205109375 0.2167821671875 0.2153277375 0.2272718875
1 0.35948978125000003 0.8986007687500001 0.366788321875 0.8951049296875 0.395984671875 0.8391604890625001 0.395984671875 0.8216790906250001 0.3740868609375 0.7902099296875 0.35948978125000003 0.7902099296875 0.33576569375 0.8181810484375 0.3248167890625 0.8531460484375 0.3375919703125 0.8881110484375 0.35948978125000003 0.8986007687500001
1 0.239051825 0.82867076875 0.260949634375 0.82867076875 0.2664240875 0.8181810484375 0.2664240875 0.8041954890625 0.2591233578125 0.79370576875 0.248174453125 0.79370576875 0.239051825 0.80069965 0.235401459375 0.8181810484375 0.239051825 0.82867076875
1 0.43795620468749996 0.6433560484374999 0.45255547500000004 0.6433560484374999 0.4635043796875 0.62587465 0.46532846718750004 0.604895209375 0.43795620468749996 0.5944054890625 0.4306576640625 0.604895209375 0.4306576640625 0.62587465 0.43795620468749996 0.6433560484374999
1 0.5802919703125 0.6783210484375 0.6003656937499999 0.6643354890625 0.6149627734374999 0.639860209375 0.6167890515625001 0.6153849296875 0.57664160625 0.5979013281250001 0.5656926999999999 0.6293704890625 0.5583941609374999 0.6713293703125001 0.5802919703125 0.6783210484375
1 0.6532839421875 0.42307632812499996 0.662408759375 0.41608465 0.664232846875 0.3986010484375 0.65875839375 0.3846154890625 0.6423350359375 0.38811132812500004 0.6405109484375 0.4125866078125 0.6441613140625 0.4195804890625 0.6532839421875 0.42307632812499996
1 0.68248248125 0.5804199296875 0.695255475 0.5804199296875 0.7025540140625 0.5664343703125 0.7025540140625 0.5524466078125 0.6934313875 0.5384610484375 0.6806562046875 0.541959090625 0.6715335765625 0.5524466078125 0.6715335765625 0.5664343703125 0.68248248125 0.5804199296875
1 0.6423350359375 0.7307696499999999 0.6405109484375 0.7062943703125 0.6149627734374999 0.681819090625 0.6012766421875 0.6898593 0.60218978125 0.716784090625 0.6149627734374999 0.744755209375 0.6423350359375 0.7307696499999999
1 0.609488321875 0.8671338109375 0.6186131390625 0.8671338109375 0.6277379562500001 0.8531460484375 0.6277379562500001 0.8426563281250001 0.6240875906250001 0.83566465 0.6058401453125 0.83566465 0.60218978125 0.8531460484375 0.609488321875 0.8671338109375
1 0.695255475 0.751749090625 0.7080284671875 0.7552449296875 0.744525546875 0.7272738109375 0.75 0.6993004890625001 0.7408751828125 0.681819090625 0.70985474375 0.6783210484375 0.68613065625 0.6923066078125 0.6788321171875 0.7062943703125 0.6788321171875 0.7202799296875 0.695255475 0.751749090625
1 0.9343073000000001 0.8811193703125 0.9434299265625 0.86363576875 0.9434299265625 0.83566465 0.9343073000000001 0.8181810484375 0.9215321171875 0.8181810484375 0.9142335765625 0.83566465 0.9142335765625 0.8566440906249999 0.9233583937500001 0.8811193703125 0.9343073000000001 0.8811193703125
1 0.9489043796875001 0.6013993703125 0.9671540140625 0.6013993703125 0.9762766421875 0.5839157687500001 0.9762766421875 0.55594465 0.9653277375 0.5384610484375 0.95073065625 0.5384610484375 0.9397817515625 0.55594465 0.9379554750000001 0.5804199296875 0.9489043796875001 0.6013993703125
2 0.6528044890625 1 0.609488321875 0.9615390906249999 0.5291978109375 0.9020988109375001 0.5182489046875001 0.90559465 0.5237233578125 0.9440554890625 0.5748189828125 1 0.6528044890625 1
2 0 0.9214312687499999 0.0018240875 0.9230760484375 0.0364970796875 0.9265740906250001 0.06386934375 0.912586328125 0.09124160625 0.8846152093749999 0.1003642328125 0.8531460484375 0.1003642328125 0.807691328125 0.0766423359375 0.7377613281250001 0.06386934375 0.7202799296875 0.052920437499999994 0.7202799296875 0.0510941609375 0.7832160484374999 0.032846715625 0.8216790906250001 0.007298540625 0.8426563281250001 0 0.8436553703125 0 0.9214312687499999
2 0 0.5335666015625 0.0218978109375 0.541959090625 0.052920437499999994 0.5349652093749999 0.0766423359375 0.506994090625 0.06751751875 0.4545454890625 0.052920437499999994 0.4335660484375 0 0.39735255937499997 0 0.5335666015625
2 0.193553040625 0 0.1952562046875 0.003496328125 0.2189781015625 0.0279716078125 0.2536489046875 0.031467446875 0.2810211671875 0.0139860484375 0.2889841734375 0 0.193553040625 0
2 0.383212275 0 0.383211678125 4.890625e-7 0.36131386875 0.045455209375 0.3521890515625 0.09440576875 0.355839415625 0.16433576875 0.36131386875 0.18531520937499998 0.3850357671875 0.2272718875 0.40875985468750003 0.24475548906250003 0.44160656875 0.24475548906250003 0.4689788328125 0.22377604843749999 0.48722627812499997 0.18881104843750002 0.49452481718749997 0.1608399296875 0.49817518281249995 0.0769221671875 0.481751825 0.0174818875 0.4685728078125 0 0.383212275 0
2 0.8952041265625 0 0.890511678125 0.0139860484375 0.8886854015625 0.05944076875 0.9051087593749999 0.0979016078125 0.932481021875 0.1223768875 0.9908759125 0.12937076875 1 0.12562454843749998 1 0 0.8952041265625 0
2 0.8594890515625 0.38111965 0.863139415625 0.3426566078125 0.863139415625 0.24125965 0.8594890515625 0.213286328125 0.837591240625 0.18881104843750002 0.8029204375000001 0.18531520937499998 0.746349634375 0.20979048906250003 0.7116788328125 0.24475548906250003 0.6989058390625 0.26923076875 0.691605109375 0.318181328125 0.6970795625 0.3986010484375 0.7080284671875 0.44055992968749996 0.7262781015625001 0.47202688750000005 0.7737218984374999 0.506994090625 0.804744525 0.506994090625 0.8302927 0.4825166078125 0.8485401453125 0.4335660484375 0.8594890515625 0.38111965
1 0.297444525 0.12937076875 0.297444525 0.108391328125 0.2901459859375 0.073426328125 0.27189854062499996 0.0489510484375 0.248174453125 0.0629366078125 0.239051825 0.0874118875 0.2408759125 0.12937076875 0.25547518281250003 0.1573418875 0.2645978109375 0.16433576875 0.2901459859375 0.1538460484375 0.297444525 0.12937076875
1 0.27919707968749996 0.9265740906250001 0.2883218984375 0.912586328125 0.27189854062499996 0.8776213281249999 0.26277372187500003 0.8776213281249999 0.2572992703125 0.90559465 0.260949634375 0.9230760484375 0.27919707968749996 0.9265740906250001
1 0.11344351718750001 0 0.114963503125 0.0174818875 0.13138686093750002 0.0419571671875 0.153284671875 0.0349654890625 0.1587591234375 0.003496328125 0.15754278593749999 0 0.11344351718750001 0
1 0.1715321171875 0.30419576875 0.18248102187499998 0.3076916078125 0.1934299265625 0.2937060484375 0.1952562046875 0.26923076875 0.1897817515625 0.2587410484375 0.17700656875 0.255245209375 0.1624094890625 0.2727266078125 0.1605832109375 0.2867143703125 0.1715321171875 0.30419576875
1 0.127736496875 0.7202799296875 0.14781021875 0.716784090625 0.153284671875 0.68881076875 0.14598613124999998 0.65384576875 0.1386854015625 0.646854090625 0.12591240937499998 0.6503499296874999 0.10401459843750001 0.681819090625 0.10583868593750001 0.702796328125 0.127736496875 0.7202799296875
1 0.0766423359375 0.98251853125 0.0802927 0.9895102093749999 0.1076649640625 0.9860143703125 0.1094890515625 0.9440554890625 0.1003642328125 0.9370638109374999 0.0784664234375 0.9615390906249999 0.0766423359375 0.98251853125
1 0.020073721875 0.6083910484375 0.032846715625 0.61888076875 0.0456197078125 0.6153849296875 0.0492700734375 0.5979013281250001 0.041971532812500004 0.5734260484375 0.0273722625 0.5734260484375 0.0182474453125 0.5839157687500001 0.020073721875 0.6083910484375
1 0.1003642328125 0.38811132812500004 0.10583868593750001 0.3706299296875 0.1094890515625 0.2867143703125 0.10583868593750001 0.2797204890625 0.089415328125 0.27622464999999996 0.0784664234375 0.3216793703125 0.062043065625000005 0.3566443703125 0.0437956203125 0.38111965 0.0437956203125 0.40209688750000006 0.0492700734375 0.4125866078125 0.06569343125 0.4125866078125 0.1003642328125 0.38811132812500004
1 0.1021905109375 0.17832132812499998 0.0967160578125 0.1608399296875 0.0839408765625 0.1468521671875 0.0711678828125 0.15035020937500002 0.062043065625000005 0.18881104843750002 0.0729919703125 0.20979048906250003 0.09124160625 0.213286328125 0.1021905109375 0.2027966078125 0.1021905109375 0.17832132812499998
1 0.041971532812500004 0.080420209375 0.0364970796875 0.0699304890625 0.025548175 0.06643465 0.0091248171875 0.0839160484375 0.0109489046875 0.0979016078125 0.0237218984375 0.1188810484375 0.0364970796875 0.1223768875 0.04014525625 0.115385209375 0.041971532812500004 0.080420209375
1 0.1952562046875 0.9860143703125 0.20802919687500002 0.9580410484374999 0.2045627734375 0.9517476578125 0.199088321875 0.9458045109375 0.18248102187499998 0.9440554890625 0.14963430625000002 0.9650349296874999 0.14781021875 0.98251853125 0.1569350359375 0.996504090625 0.17518248125 0.9999999296875 0.1952562046875 0.9860143703125
1 0.12043795625 0.9195802093750001 0.1441598546875 0.9195802093750001 0.153284671875 0.9090904890625 0.153284671875 0.8776213281249999 0.14781021875 0.87062965 0.11861386874999999 0.87062965 0.113139415625 0.8776213281249999 0.113139415625 0.90559465 0.12043795625 0.9195802093750001
1 0.1332109484375 0.4685310484375 0.14781021875 0.465035209375 0.153284671875 0.4475516078125 0.151460584375 0.430070209375 0.1386854015625 0.41608465 0.127736496875 0.4195804890625 0.12226204375000001 0.4335660484375 0.12226204375000001 0.45804132812500004 0.1332109484375 0.4685310484375
1 0.0409873484375 1 0.02919635 0.97552465 0.0164233578125 0.9790204890625 0.0109489046875 0.996504090625 0.0109489046875 1 0.0409873484375 1
1 0.005866021875 0 0.003650365625 0.003496328125 0.003650365625 0.0174818875 0.0364970796875 0.031467446875 0.06386934375 0.0069921671874999996 0.06508523125 0 0.005866021875 0
5 0.20571240937500002 0.9579727625000001 0.2191248171875 0.9567127624999999 0.2184678828125 0.949824615625 0.204744525 0.951084615625 0.20571240937500002 0.9579727625000001
2 0.6625905109375 0.2216789859375 0.6459854015625 0.2167821671875 0.5675189781250001 0.19930076875 0.562955475 0.20244856718749998 0.5675189781250001 0.2587410484375 0.57481751875 0.27622464999999996 0.60218978125 0.30069992968750003 0.633212409375 0.2972018875 0.6496357671874999 0.27622464999999996 0.65875839375 0.2517471671875 0.6625905109375 0.2216789859375
4 0.19556496406249999 0.7583222375 0.1988321171875 0.939720384375 0.4608218984375 0.494054859375 0.352263503125 0.494054859375 0.24943357656249998 0.6019588812500001 0.19556496406249999 0.7583222375
3 1 0.63053576875 0.9963503656249999 0.632866328125 0.9926999999999999 0.6503499296874999 0.9945262781249999 0.6643354890625 1 0.6643354890625 1 0.63053576875
3 0.956205109375 0.3566443703125 0.96350365 0.3216793703125 0.9379554750000001 0.283216328125 0.928832846875 0.283216328125 0.9178839421875 0.3426566078125 0.9397817515625 0.3566443703125 0.956205109375 0.3566443703125
1 0.8722620437499999 0.96853076875 0.87043795625 0.94055965 0.8613131390625 0.9230760484375 0.8503642328125001 0.9265740906250001 0.8467160578125 0.9580410484374999 0.8540145984375 0.97552465 0.866787590625 0.9790204890625 0.8722620437499999 0.96853076875
3 0.7244518249999999 0.12937076875 0.7481759125 0.10489548906249999 0.7609489046875 0.0699304890625 0.7627729921874999 0.020979929687500003 0.7116788328125 0.0349654890625 0.7135029203125 0.1258749296875 0.7244518249999999 0.12937076875
1 0.689781021875 0.86363576875 0.695255475 0.8741254890624999 0.70985474375 0.87062965 0.70985474375 0.83566465 0.689781021875 0.8461543703125001 0.689781021875 0.86363576875
1 0.609488321875 0.41608465 0.6204372265625 0.40209688750000006 0.6240875906250001 0.3846154890625 0.6167890515625001 0.3671318875 0.594891240625 0.3671318875 0.5912408765625 0.395105209375 0.594891240625 0.40909076874999994 0.609488321875 0.41608465
1 0.6697073 0.17832132812499998 0.6806562046875 0.1573418875 0.6806562046875 0.1258749296875 0.6751817515625 0.115385209375 0.6569343062499999 0.115385209375 0.6514598546875 0.12937076875 0.6514598546875 0.15035020937500002 0.6605846718749999 0.1748254890625 0.6697073 0.17832132812499998
1 0.6149627734374999 0.1748254890625 0.63138613125 0.1678316078125 0.6405109484375 0.1468521671875 0.6405109484375 0.1118871671875 0.625911678125 0.10489548906249999 0.6058401453125 0.115385209375 0.598539415625 0.13286660781249998 0.60218978125 0.1608399296875 0.6149627734374999 0.1748254890625
1 0.54744525625 0.18181716718750002 0.5529197078125 0.17132965 0.5312036499999999 0.12412590937500001 0.5073000000000001 0.0699304890625 0.5018255468749999 0.080420209375 0.505473721875 0.1468521671875 0.514598540625 0.1608399296875 0.54744525625 0.18181716718750002
1 0.562044525 0.47202688750000005 0.5656926999999999 0.46153937031250003 0.571167153125 0.3426566078125 0.5656926999999999 0.3286710484375 0.54926934375 0.3286710484375 0.5456211671875 0.33916076875 0.5401467156249999 0.46153937031250003 0.5456211671875 0.47202688750000005 0.562044525 0.47202688750000005
1 0.5291978109375 0.72377576875 0.5401467156249999 0.7202799296875 0.54744525625 0.702796328125 0.54744525625 0.68881076875 0.5310218984375 0.68881076875 0.5237233578125 0.716784090625 0.5291978109375 0.72377576875
1 0.5328459859375 0.8041954890625 0.5401467156249999 0.79370576875 0.543794890625 0.76573465 0.5401467156249999 0.75874076875 0.5218970796875 0.7622388109375 0.5200729921875 0.7832160484374999 0.5255474453125 0.80069965 0.5328459859375 0.8041954890625
1 0.5383204375 0.8601399296875 0.5401467156249999 0.8461543703125001 0.53649635 0.83566465 0.5182489046875001 0.83566465 0.5200729921875 0.8566440906249999 0.5291978109375 0.86363576875 0.5383204375 0.8601399296875
1 0.47080281875 1 0.47080292031250004 0.9999999296875 0.474453284375 0.9895102093749999 0.4726270078125 0.94755353125 0.45985401406250004 0.94755353125 0.40693357656250007 0.9930060484375 0.4074554 1 0.47080281875 1
1 0.4689788328125 0.8146852093750001 0.46715255468750005 0.7902099296875 0.44343065625 0.72377576875 0.4324817515625 0.72377576875 0.423356934375 0.744755209375 0.423356934375 0.7622388109375 0.4288313875 0.779720209375 0.45072919687499996 0.8181810484375 0.4689788328125 0.8146852093750001
1 0.447081021875 0.4335660484375 0.4854021890625 0.4335660484375 0.49452481718749997 0.42657437031249995 0.49452481718749997 0.36363604843749997 0.489050365625 0.353146328125 0.43795620468749996 0.360140209375 0.4361321171875 0.4195804890625 0.447081021875 0.4335660484375
1 0.27919707968749996 0.6223766078125 0.2901459859375 0.61888076875 0.30656934375 0.5979013281250001 0.297444525 0.569930209375 0.2883218984375 0.569930209375 0.2773729921875 0.5874116078125 0.273722628125 0.611889090625 0.27919707968749996 0.6223766078125
1 0.394160584375 0.5244754890625 0.40875985468750003 0.5244754890625 0.4124080296875 0.5174816078125 0.41058394218750005 0.500000209375 0.395984671875 0.493006328125 0.38686204375 0.5034960484375001 0.394160584375 0.5244754890625