1 1 0.22226964218749998 0.9884625890625 0.2235494875 0.984615665625 0.2278157 0.9858979734375 0.2542662109375 0.9935896828124999 0.26450511875 1 0.2629052609375 1 0.22226964218749998
1 0.9166661812499999 0.1894197953125 0.90640985625 0.21075085312500003 0.9102567796875001 0.2158703078125 0.925640196875 0.2209897609375 0.9512820765625 0.22013651875 0.9666676328125 0.21672355 0.971794725 0.2098976109375 0.9730770328125 0.1783276453125 0.984615665625 0.1612627984375 0.9910250671874999 0.1569965875 0.98718028125 0.14931740625 0.974359340625 0.13822525624999998 0.946152846875 0.1313993171875 0.920513103125 0.1313993171875 0.9128213953125 0.13310580156250001 0.8935889171875001 0.141638225 0.8858972078124999 0.14846416406250001 0.8884618234375001 0.1535836171875 0.9089744718749999 0.1680887375 0.9153838734375 0.1766211609375 0.9166661812499999 0.1894197953125
1 1 0.12855521406249998 0.9961542968750001 0.128839590625 0.9794864343749999 0.13395904375 0.9858979734375 0.141638225 0.9974366046875 0.1467576796875 1 0.14701359375 1 0.12855521406249998
1 1 0.4262799109375 0.984615665625 0.4146757671875 0.962820709375 0.4146757671875 0.9538466921875 0.419795221875 0.944872675 0.4300341296875 0.9423080609375001 0.4360068265625 0.9435903671875 0.45221842968750003 0.9512820765625 0.45733788437499995 0.962820709375 0.46075085312499997 0.9756416484375 0.46245733749999995 0.9884625890625 0.4616040953125 1 0.455460490625 1 0.4262799109375
1 1 0.3011700421875 0.987577796875 0.3130546078125 0.9927946515625001 0.323472696875 1 0.3202800578125 1 0.3011700421875
1 0.9667061015625 0.2588566546875 0.9061533953125 0.2595563140625 0.8967562171875001 0.2644197953125 0.9917559828125 0.274837884375 0.9729616249999999 0.2637201359375 0.9667061015625 0.2588566546875
1 1 0.2824232484375 0.9961542968750001 0.27986348125 0.984615665625 0.278156996875 0.9730770328125 0.27986348125 0.9615384015625 0.2841296921875 0.9487174609375 0.285836178125 0.920513103125 0.2977815703125 0.90640985625 0.30204778125 0.8961535328125001 0.30290102343749997 0.8846149000000001 0.308020478125 0.8769231906250001 0.30375426562499996 0.8717939609375 0.30631399375 0.8705137890625 0.3139931734375 0.865384559375 0.3216723546875 0.8666668671875 0.3344709890625 0.8705137890625 0.33959044375 0.8846149000000001 0.34726962499999997 0.892308746875 0.3575085328125 0.9102567796875001 0.3720136515625 0.9333340437500001 0.38395904375 0.9423080609375001 0.382252559375 0.9423080609375001 0.371160409375 0.9243600265625 0.3498293515625 0.9192307968750001 0.3404436859375 0.9192307968750001 0.33191126249999997 0.9282048125 0.32423208125 0.9435903671875 0.315699659375 0.952564384375 0.31313993125 0.9666676328125 0.30375426562499996 0.9794864343749999 0.30290102343749997 1 0.2937995765625 1 0.2824232484375
1 0.833333278125 0.326791809375 0.833333278125 0.336177475 0.8371802015625001 0.34470989687500003 0.8461542171875 0.352389078125 0.855128234375 0.35068259375 0.8628199437499999 0.341296928125 0.8705137890625 0.3199658703125 0.8705137890625 0.30375426562499996 0.8615376359375 0.2977815703125 0.8512813109374999 0.2986348125 0.8410249875 0.3046075078125 0.8410249875 0.3122866890625 0.83589789375 0.3182593859375 0.833333278125 0.326791809375
1 0.719231403125 0.25255972656250003 0.7115375562499999 0.2602389078125 0.7102573859375 0.27645051249999997 0.7269231109375001 0.2977815703125 0.7397440515625 0.2986348125 0.7487180671875 0.2943686 0.770513025 0.2918088734375 0.7884610578125 0.2841296921875 0.79230798125 0.26791808906250003 0.78717875 0.25767918125 0.7807693484375 0.25255972656250003 0.76538379375 0.2474402734375 0.7423086671875 0.24573378906249999 0.72820541875 0.248293515625 0.719231403125 0.25255972656250003
1 0.7538451609375 0.3105802046875 0.7641036234375 0.31484641562500004 0.7858964421875 0.33276450468749996 0.7961549031249999 0.33276450468749996 0.8064112281250001 0.3199658703125 0.8076913984375 0.3088737203125 0.8051289203125 0.30290102343749997 0.794872596875 0.2960750859375 0.7807693484375 0.2918088734375 0.750000375 0.2943686 0.735897128125 0.2994880546875 0.7320523421875 0.30546075156249997 0.735897128125 0.308020478125 0.7538451609375 0.3105802046875
1 0.2743582578125 0.5699658703125 0.260257146875 0.5776450515625 0.260257146875 0.5870307171875 0.2692311640625 0.5964163828125 0.2858968890625 0.597269625 0.2987178296875 0.587883959375 0.297435521875 0.576791809375 0.2858968890625 0.5699658703125 0.2743582578125 0.5699658703125
1 0.555128075 0.42832764531249995 0.5410248281250001 0.43771331093750004 0.5371800421875 0.44368600625 0.5371800421875 0.45051194531250005 0.5397446578125 0.4556314 0.5474363671875 0.45904436875 0.5820522625 0.4581911265625 0.594871065625 0.4564846421875 0.601282603125 0.45307167187499997 0.6051273890625 0.4445392484375 0.6025649109375 0.4402730375 0.5884616640625 0.43259385625 0.56025730625 0.427474403125 0.555128075 0.42832764531249995
2 0.4371792765625 0.255972696875 0.41538432031249994 0.2773037546875 0.40128107343749997 0.3088737203125 0.40641030312500004 0.33020477812500004 0.41923124375 0.3421501703125 0.451282525 0.358361775 0.47307748125 0.37542662187500003 0.48974320625 0.3796928328125 0.49871722343749997 0.3848122859375 0.5076912390625 0.401023890625 0.5166673937499999 0.4069965875 0.5371800421875 0.41382252499999994 0.589743971875 0.4146757671875 0.6153837140625 0.41040955625000003 0.6243598671874999 0.40187713281250004 0.6358984999999999 0.3796928328125 0.6961541390625 0.3464163828125 0.7115375562499999 0.3353242328125 0.7205137109375 0.3216723546875 0.72179388125 0.3071672359375 0.7025635390625 0.26791808906250003 0.682050890625 0.251706484375 0.6692299515625 0.24658703124999998 0.638460978125 0.24573378906249999 0.5910262796875 0.25 0.5858970484375 0.25255972656250003 0.573076109375 0.2542662109375 0.5641020921875 0.25255972656250003 0.5538457671875 0.2568259390625 0.5423071359375 0.2568259390625 0.49615474531250003 0.2474402734375 0.47307748125 0.24573378906249999 0.45769192500000005 0.248293515625 0.4371792765625 0.255972696875
1 0.341025434375 0.2491467578125 0.33205141718750003 0.2585324234375 0.329486803125 0.2755972703125 0.341025434375 0.2883959046875 0.3551286828125 0.2943686 0.394871671875 0.2918088734375 0.4076926109375 0.2824232078125 0.411537396875 0.2653583625 0.4076926109375 0.2568259390625 0.3961539796875 0.2491467578125 0.3794861171875 0.24488054531249998 0.3641026984375 0.24402730312499998 0.341025434375 0.2491467578125
1 0.357693296875 0.29692832812500003 0.34871714374999996 0.300341296875 0.34615466562499997 0.31313993125 0.357693296875 0.322525596875 0.3743590234375 0.3233788390625 0.38076842499999997 0.3199658703125 0.38589765468750004 0.3046075078125 0.3794861171875 0.2986348125 0.3743590234375 0.29692832812500003 0.357693296875 0.29692832812500003
1 0.2743582578125 0.31911262812499996 0.324359709375 0.3344709890625 0.3371785109375 0.33191126249999997 0.3423077421875 0.32849829375 0.34487235781250003 0.3233788390625 0.34359005 0.31484641562500004 0.3205127859375 0.30375426562499996 0.2987178296875 0.2977815703125 0.2846145828125 0.2986348125 0.2743582578125 0.30290102343749997 0.270513471875 0.3088737203125 0.270513471875 0.31484641562500004 0.2743582578125 0.31911262812499996
1 0.40384568906249996 0.33276450468749996 0.389744578125 0.33191126249999997 0.38076842499999997 0.3344709890625 0.3641026984375 0.348976109375 0.3551286828125 0.3643344703125 0.351281759375 0.3856655296875 0.3525640671875 0.3950511953125 0.362820390625 0.405290103125 0.37564133125 0.4078498296875 0.41794893593750004 0.40614334531249996 0.43333235312499996 0.402730375 0.438461584375 0.39931740625 0.451282525 0.40443685937499996 0.4910255140625 0.4035836171875 0.49487243750000004 0.401023890625 0.49359012968749993 0.3924914671875 0.44230850781250003 0.3558020484375 0.40384568906249996 0.33276450468749996
1 0.2230766359375 0.449658703125 0.22179432812500002 0.46245733749999995 0.226923559375 0.4709897609375 0.23717988281250002 0.4786689421875 0.2474362078125 0.4786689421875 0.2551279171875 0.4744027296875 0.260257146875 0.468430034375 0.2589748390625 0.46075085312499997 0.26666654843750004 0.44795221874999996 0.27820518125000004 0.43686006875 0.308974153125 0.43259385625 0.3153835546875 0.4300341296875 0.3166658625 0.42150170625000005 0.297435521875 0.41040955625000003 0.2858968890625 0.4095563140625 0.260257146875 0.4129692828125 0.25128099375 0.4223549484375 0.2474362078125 0.4360068265625 0.2230766359375 0.449658703125
1 0.2153849265625 0.273890784375 0.21282031093749998 0.2977815703125 0.199999371875 0.31740614375 0.199999371875 0.326791809375 0.2089733890625 0.3276450515625 0.21666723437500002 0.322525596875 0.2230766359375 0.3216723546875 0.23333296093749997 0.31484641562500004 0.23846219062500001 0.3139931734375 0.243589284375 0.308020478125 0.26794885625 0.30290102343749997 0.27307595 0.2960750859375 0.28333227499999997 0.29095563125 0.297435521875 0.29010238906249997 0.3102564609375 0.27986348125 0.3269221875 0.251706484375 0.32179509375 0.2491467578125 0.280769796875 0.2491467578125 0.2743582578125 0.2508532421875 0.24871851562499997 0.2508532421875 0.2307683453125 0.2551194546875 0.2205120203125 0.26450511875 0.2153849265625 0.273890784375
2 0 0.3208760890625 0.1610385890625 0.3678583625 0.19176909375 0.3269624578125 0.20793685625 0.2946757671875 0.2063211484375 0.2785324234375 0.162654296875 0.2516211609375 0.07857765625 0.2214931734375 0 0.20741259374999998 0 0.3208760890625
1 0.095602428125 0.331655290625 0.0784622484375 0.3310580203125 0.0775518109375 0.33645904375 0.1037172984375 0.348472696875 0.139820671875 0.34967576718750004 0.14071828749999998 0.34726962499999997 0.1127426078125 0.33586177500000003 0.095602428125 0.331655290625
1 1 0.48412988749999997 0.9948719890625 0.48208191093749997 0.9884625890625 0.47013651875000007 0.9833333578125 0.46672355000000004 0.9641030171875 0.4616040953125 0.944872675 0.45989761093750003 0.9307694281250001 0.4675767921875 0.9269225046875 0.4726962453125 0.9243600265625 0.48208191093749997 0.9269225046875 0.490614334375 0.925640196875 0.498293515625 0.9320517359375 0.51109215 0.9423080609375001 0.5196245734375 0.9423080609375001 0.5298634812499999 0.952564384375 0.5366894203125 0.9641030171875 0.5401023890625 0.9730770328125 0.5401023890625 0.9935896828124999 0.53327645 1 0.5256921140624999 1 0.48412988749999997
1 0.9076921640625001 0.51450511875 0.90640985625 0.5281569968750001 0.9153838734375 0.5358361781250001 0.9282048125 0.5375426625 0.9371788296875 0.534982934375 0.9423080609375001 0.5307167234375 0.9435903671875 0.5196245734375 0.9346163515624999 0.5102389078125 0.920513103125 0.5068259390625001 0.9128213953125 0.5085324234375 0.9076921640625001 0.51450511875
1 0.7423086671875 0.4786689421875 0.7487180671875 0.482935153125 0.770513025 0.490614334375 0.7833339640625 0.49146757656249995 0.8025643046875001 0.48464163750000006 0.8128206296875 0.47013651875000007 0.8141029375000001 0.45989761093750003 0.8064112281250001 0.44368600625 0.7961549031249999 0.43686006875 0.7858964421875 0.43344709843749996 0.7692307171875 0.43259385625 0.7564097765625 0.43686006875 0.7397440515625 0.446245734375 0.735897128125 0.45221842968750003 0.7371794359375 0.468430034375 0.7423086671875 0.4786689421875
1 0.584614740625 0.4726962453125 0.5858970484375 0.4803754265625 0.6051273890625 0.4931740609375 0.621795253125 0.5 0.633333884375 0.5 0.643590209375 0.49402730312500004 0.6538465328124999 0.48122866875000003 0.6615382421875 0.482935153125 0.66282055 0.4786689421875 0.6692299515625 0.476109215625 0.6769237968749999 0.468430034375 0.7012812328125 0.46245733749999995 0.7115375562499999 0.4539249140625 0.7115375562499999 0.44368600625 0.7064104625 0.43259385625 0.6910249078125 0.42150170625000005 0.6743591828125 0.4129692828125 0.6512819171875 0.40870307187500005 0.6230775609375 0.4112627984375 0.6205129453125 0.419795221875 0.6230775609375 0.43771331093750004 0.6102566203124999 0.45221842968750003 0.58717935625 0.468430034375 0.584614740625 0.4726962453125
1 0.47307748125 0.47013651875000007 0.4807691890625 0.482935153125 0.503846453125 0.49573378906250004 0.5205121796875 0.49402730312500004 0.5448717515625 0.476109215625 0.548718675 0.46672355000000004 0.546154059375 0.46075085312499997 0.5179497015625001 0.43771331093750004 0.514102778125 0.41211604062499996 0.508973546875 0.4078498296875 0.49999953125 0.40614334531249996 0.48205149687500004 0.4078498296875 0.4743597890625 0.40614334531249996 0.460256540625 0.40870307187500005 0.44615329375 0.41382252499999994 0.42692295312499995 0.4300341296875 0.4230760296875 0.43686006875 0.4230760296875 0.45307167187499997 0.4538471390625 0.45733788437499995 0.47307748125 0.47013651875000007
1 0.319230478125 0.465017065625 0.3205127859375 0.476109215625 0.324359709375 0.48122866875000003 0.341025434375 0.49232081875 0.3564109890625 0.490614334375 0.40128107343749997 0.45307167187499997 0.41666662812500005 0.44709897656250003 0.41794893593750004 0.4300341296875 0.40897491874999997 0.42150170625000005 0.394871671875 0.41894197968749997 0.362820390625 0.419795221875 0.360255775 0.424914675 0.341025434375 0.4360068265625 0.32564201718749997 0.45051194531250005 0.319230478125 0.465017065625
1 0.297435521875 0.53327645 0.30512723125 0.5324232078125 0.3128210765625 0.5341296921875001 0.319230478125 0.5315699656249999 0.3397431265625 0.512798634375 0.3423077421875 0.5042662109375 0.341025434375 0.4974402734375 0.335898340625 0.490614334375 0.319230478125 0.4786689421875 0.31153876875000003 0.4786689421875 0.297435521875 0.4744027296875 0.27307595 0.4735494875 0.256410225 0.47696245781249996 0.2500008234375 0.482935153125 0.24871851562499997 0.49573378906250004 0.265384240625 0.5162116046875 0.275640565625 0.5247440265625001 0.297435521875 0.53327645
1 0 0.5221846265625001 0.0076916875 0.5255972703125 0.016665703125 0.5264505125000001 0.0230772421875 0.5221842999999999 0.0307689515625 0.5221842999999999 0.0371804890625 0.5162116046875 0.04615450625 0.512798634375 0.051281600000000004 0.5051194546875 0.06153792500000001 0.498293515625 0.06410253906249999 0.48890785000000003 0.0602556171875 0.482935153125 0.0384606609375 0.4726962453125 0.026922028125000004 0.47184300312499994 0.01923031875 0.4735494875 0.0038469015625 0.48634812343749995 0 0.4936615875 0 0.5221846265625001
1 1 0.641808840625 0.9897427593750001 0.6424914671875 0.96025609375 0.6348122859374999 0.9423080609375001 0.6348122859374999 0.9333340437500001 0.6373720140625 0.920513103125 0.6450511953125 0.914101565625 0.658703071875 0.9179484890625 0.6697952218750001 0.9423080609375001 0.680887371875 0.9961542968750001 0.6783276453125 1 0.6774744375 1 0.641808840625
1 1 0.559169790625 0.941025753125 0.5375426625 0.9307694281250001 0.5418088734375 0.9102567796875001 0.5631399312500001 0.9051275484374999 0.5793515359375 0.9192307968750001 0.6015358359375 0.935896521875 0.6092150171874999 0.955129 0.62286689375 0.965385325 0.6237201359375 0.9884625890625 0.6040955625 1 0.5989761765625 1 0.559169790625
1 0.867949175 0.5494880546875 0.855128234375 0.5554607515625001 0.8448719109375 0.5708191125 0.8538459265625 0.5827645046875001 0.8615376359375 0.5870307171875 0.8717939609375 0.587883959375 0.8935889171875001 0.5802047781249999 0.9012827625 0.575085325 0.90640985625 0.5665529015625 0.9051275484374999 0.5546075078125 0.8858972078124999 0.5486348125 0.867949175 0.5494880546875
2 0.8025643046875001 0.5383959046875 0.8166675531250001 0.5401023890625 0.847436525 0.55204778125 0.8641022515625 0.5494880546875 0.8769231906250001 0.523890784375 0.8769231906250001 0.5162116046875 0.8692314828125 0.5085324234375 0.8166675531250001 0.498293515625 0.797435075 0.49232081875 0.7756401171875 0.49232081875 0.735897128125 0.48122866875000003 0.724358496875 0.48122866875000003 0.6897426 0.4752559734375 0.6743591828125 0.48122866875000003 0.6653851656249999 0.512798634375 0.6756414890625 0.5196245734375 0.7102573859375 0.5230375421875 0.7205137109375 0.520477815625 0.7641036234375 0.5290102390625 0.7782047328125 0.5298634812499999 0.8025643046875001 0.5383959046875
1 0.529486196875 0.54095563125 0.530768503125 0.5529010234375 0.5346154265624999 0.5605802046874999 0.548718675 0.5733788390625 0.5576926906249999 0.5716723546875 0.5858970484375 0.55204778125 0.60384721875 0.542662115625 0.6025649109375 0.53327645 0.5961533734375 0.5255972703125 0.579487646875 0.5179180890625 0.562819784375 0.5179180890625 0.5346154265624999 0.5273037546875 0.529486196875 0.54095563125
1 0.3000001375 0.6109215015625 0.3038470609375 0.6186006828124999 0.3179481703125 0.630546075 0.351281759375 0.6484641640625 0.367949621875 0.6501706484375 0.4205135515625 0.64931740625 0.4474356015625 0.6424914671875 0.460256540625 0.6373720140625 0.48461611250000003 0.619453925 0.5102558546875 0.6092150171874999 0.530768503125 0.5921501703125001 0.5320508109375 0.5631399312500001 0.528206025 0.55204778125 0.528206025 0.5213310578125 0.524359103125 0.51109215 0.46794824999999995 0.47952218437500005 0.45256483281250004 0.4778157 0.438461584375 0.4735494875 0.41666662812500005 0.4735494875 0.4076926109375 0.4752559734375 0.40128107343749997 0.47952218437500005 0.3935893640625 0.48890785000000003 0.36666731406249997 0.4931740609375 0.3499994515625 0.498293515625 0.33846081875 0.5196245734375 0.3269221875 0.5281569968750001 0.30512723125 0.5554607515625001 0.3000001375 0.5699658703125 0.30256475312500003 0.587883959375 0.2987178296875 0.5930034125 0.3000001375 0.6109215015625
1 0.243589284375 0.6220136515625 0.265384240625 0.6262798640625 0.2987178296875 0.6262798640625 0.3038470609375 0.6237201359375 0.29487090625 0.6151877140625001 0.2641019328125 0.6058020484375 0.2346152671875 0.6023890781250001 0.2089733890625 0.6023890781250001 0.1987170640625 0.606655290625 0.199999371875 0.61604095625 0.2064109109375 0.6186006828124999 0.243589284375 0.6220136515625
1 0.44358867812499997 0.6638225249999999 0.4141020125 0.6689419796875 0.37692363906250004 0.6817406140625 0.36666731406249997 0.6902730375 0.3717944078125 0.6962457343749999 0.37692363906250004 0.6970989765625 0.40897491874999997 0.6911262796875 0.44615329375 0.6783276453125 0.465383634375 0.67576791875 0.47051286562500005 0.6672354953124999 0.46282115625 0.6638225249999999 0.44358867812499997 0.6638225249999999
1 0.235897575 0.6723549484375 0.2461539 0.6766211609375 0.28333227499999997 0.6706484640625 0.2910261203125 0.6604095562500001 0.2910261203125 0.6518771328125 0.2858968890625 0.6441979515625 0.25128099375 0.628839590625 0.235897575 0.628839590625 0.22179432812500002 0.63395904375 0.2064109109375 0.63395904375 0.1935899703125 0.6296928328125 0.1717950140625 0.6313993171875001 0.156409459375 0.6262798640625 0.13974373281250002 0.6168941984375 0.1256404859375 0.6151877140625001 0.10384552968750001 0.6220136515625 0.0948715125 0.628839590625 0.09102458906250001 0.636518771875 0.092306896875 0.6467576796875 0.097436128125 0.6535836171875 0.11025706718749999 0.662116040625 0.119231084375 0.6646757671875 0.13974373281250002 0.6638225249999999 0.1500000578125 0.6612627984375 0.1615386890625 0.6638225249999999 0.2025639875 0.6638225249999999 0.20769321718749997 0.666382253125 0.21666723437500002 0.6646757671875 0.22179432812500002 0.6689419796875 0.2256412515625 0.6689419796875 0.2307683453125 0.6655290109374999 0.235897575 0.6723549484375
2 0 0.5810580203125 0.053846215625000006 0.5810580203125 0.06153792500000001 0.56740614375 0.0628202328125 0.5341296921875001 0.0525639078125 0.5290102390625 0.014103225 0.5298634812499999 0 0.5273607421875 0 0.5810580203125
1 1 0.6883961000000001 0.9897427593750001 0.684300340625 0.9596149390625 0.6792662109375 0.946152846875 0.68259385625 0.941025753125 0.6894197953125001 0.947435153125 0.7022184296875 0.9435903671875 0.715017065625 0.9346163515624999 0.7201365187500001 0.9230777187499999 0.73122866875 0.9025650703125001 0.7414675765625 0.9012827625 0.75 0.90640985625 0.75767918125 0.9192307968750001 0.767064846875 0.9346163515624999 0.773890784375 0.9512820765625 0.7747440265625001 0.9589737859374999 0.7721842999999999 0.9833333578125 0.751706484375 0.9948719890625 0.7457337890625 1 0.7451649375 1 0.6883961000000001
1 0.85256361875 0.7858361781250001 0.867949175 0.79095563125 0.8833325921874999 0.7918088734375 0.9051275484374999 0.789249146875 0.9102567796875001 0.7866894203125 0.9128213953125 0.7807167234375 0.9089744718749999 0.773890784375 0.88974413125 0.76450511875 0.8717939609375 0.7585324234375 0.8512813109374999 0.74232081875 0.8461542171875 0.7278157000000001 0.8461542171875 0.7158703078124999 0.85256361875 0.6894197953125001 0.847436525 0.6834470984375 0.8397426796874999 0.6834470984375 0.8269238765625 0.6902730375 0.8115383218750001 0.7192832765625 0.8025643046875001 0.748293515625 0.8064112281250001 0.7679180890625 0.8179477234375 0.7790102390625 0.85256361875 0.7858361781250001
1 0.72820541875 0.7798634812499999 0.750000375 0.7858361781250001 0.7807693484375 0.7824232078125 0.794872596875 0.7781569968750001 0.7999996890625 0.76450511875 0.7961549031249999 0.751706484375 0.7666661015625 0.7269624578125 0.750000375 0.7081911265625 0.7435888375 0.70477815625 0.7320523421875 0.70477815625 0.714102171875 0.7098976109375 0.7012812328125 0.7209897609375 0.6961541390625 0.7346416375 0.6974364468750001 0.75 0.7115375562499999 0.770477815625 0.72820541875 0.7798634812499999
2 0.46282115625 0.740614334375 0.460256540625 0.76109215 0.465383634375 0.7875426625 0.47563995937500003 0.796928328125 0.48974320625 0.8029010234375 0.5051287609374999 0.8063139937500001 0.5153850859375 0.8046075078125 0.5474363671875 0.784982934375 0.5589749984375 0.7815699656249999 0.59743568125 0.7619453921875 0.6538465328124999 0.73890785 0.6743591828125 0.7269624578125 0.6935895234375 0.7209897609375 0.7487180671875 0.6902730375 0.7602567 0.6868600687499999 0.79230798125 0.67150170625 0.8051289203125 0.6689419796875 0.8243592609375 0.658703071875 0.833333278125 0.6578498296874999 0.8512813109374999 0.6501706484375 0.8641022515625 0.636518771875 0.8666668671875 0.62713310625 0.865384559375 0.6075085328125 0.847436525 0.583617746875 0.8307686625 0.5665529015625 0.821794646875 0.5605802046874999 0.8166675531250001 0.5597269625 0.7910256734375001 0.5435153578125 0.776922425 0.5383959046875 0.7641036234375 0.5366894203125 0.757692084375 0.53327645 0.72820541875 0.5298634812499999 0.7166667875 0.5264505125000001 0.7051281546875 0.5281569968750001 0.6897426 0.5255972703125 0.6833331984375 0.5290102390625 0.6756414890625 0.5273037546875 0.6205129453125 0.5383959046875 0.562819784375 0.5699658703125 0.5346154265624999 0.5921501703125001 0.519229871875 0.6075085328125 0.5153850859375 0.6151877140625001 0.5051287609374999 0.62286689375 0.48589842031249997 0.651023890625 0.478204575 0.6723549484375 0.46794824999999995 0.6894197953125001 0.4615388484375 0.7158703078124999 0.46282115625 0.740614334375
1 0.40256338124999996 0.7175767921875 0.39230705625 0.7346416375 0.389744578125 0.75 0.3935893640625 0.75767918125 0.40128107343749997 0.755972696875 0.4141020125 0.7457337890625 0.4256406453125 0.740614334375 0.45640961718749995 0.7346416375 0.45897423281250005 0.729522184375 0.45769192500000005 0.7235494874999999 0.438461584375 0.7098976109375 0.41923124375 0.70904436875 0.41025722656249997 0.7116040953125 0.40256338124999996 0.7175767921875
1 0.18205133906249998 0.73122866875 0.2064109109375 0.74658703125 0.2230766359375 0.7662116046875 0.23846219062500001 0.767064846875 0.26794885625 0.7551194546875 0.2743582578125 0.7491467578125001 0.2769228734375 0.7397610921875 0.2589748390625 0.7269624578125 0.24871851562499997 0.7141638218749999 0.2461539 0.7064846421875 0.2474362078125 0.6791808875 0.24102466875 0.6766211609375 0.2230766359375 0.674914675 0.199999371875 0.67576791875 0.18205133906249998 0.680887371875 0.1615386890625 0.6928327640624999 0.14871775 0.7116040953125 0.14871775 0.7209897609375 0.156409459375 0.7252559734374999 0.162820996875 0.7252559734374999 0.18205133906249998 0.73122866875
1 0 0.6669509421875001 0.0179480109375 0.6629692828125 0.021794934374999998 0.6604095562500001 0.0230772421875 0.651023890625 0.0128209171875 0.641638225 0.0012822859375000001 0.636518771875 0 0.6364023953125 0 0.6669509421875001
1 0.0384606609375 0.7192832765625 0.041025275 0.7380546078125 0.048716984375 0.7474402734375001 0.0602556171875 0.7525597265624999 0.09358920468750001 0.7525597265624999 0.1089747609375 0.7491467578125001 0.1064101453125 0.7414675765625 0.112819546875 0.7380546078125 0.12179569999999999 0.7278157000000001 0.1179487765625 0.70477815625 0.10512783750000002 0.6953924921875 0.0987184359375 0.69368600625 0.0743588640625 0.69368600625 0.0666671546875 0.6953924921875 0.0423075828125 0.7116040953125 0.0384606609375 0.7192832765625
1 0.034615875000000004 0.7653583625 0.0423075828125 0.7730375421875 0.058973309375000005 0.800341296875 0.07307655625000001 0.8122866890625 0.08333288125 0.8097269624999999 0.09102458906250001 0.8037542656250001 0.11410185312500001 0.7764505125000001 0.1230758703125 0.7721842999999999 0.1256404859375 0.755972696875 0.11410185312500001 0.75341296875 0.0679494625 0.75341296875 0.051281600000000004 0.7508532421874999 0.0358981828125 0.75341296875 0.032051259375 0.755972696875 0.034615875000000004 0.7653583625
1 0 0.8340667921874999 0.0179480109375 0.8353242328125001 0.029486643750000003 0.8310580203125 0.0371804890625 0.8250853250000001 0.041025275 0.8182593859375 0.0397429671875 0.8011945390624999 0.032051259375 0.7918088734375 0.006409379687499999 0.7790102390625 0 0.771544809375 0 0.8340667921874999
1 0.132052025 0.8216723546875 0.14359065625 0.8276450515624999 0.19487227812500002 0.833617746875 0.2179495421875 0.8259385671875 0.2205120203125 0.814846415625 0.21410261875 0.8063139937500001 0.20128167968750002 0.7977815703125 0.18205133906249998 0.79095563125 0.167948090625 0.7901023890625 0.1525646734375 0.7935153578125 0.1423083484375 0.7986348125 0.1307697171875 0.8088737203124999 0.129487409375 0.8165529015624999 0.132052025 0.8216723546875
1 0.5076912390625 0.8139931734375001 0.5076912390625 0.8233788390625 0.5115381625000001 0.8302047781249999 0.5269237171875 0.8370307171875 0.535897734375 0.8353242328125001 0.548718675 0.8250853250000001 0.5474363671875 0.81313993125 0.5320508109375 0.8054607515625 0.5128204703125 0.808020478125 0.5076912390625 0.8139931734375001
1 0.282052103125 0.8353242328125001 0.2884615046875 0.8404436859375 0.2961532140625 0.8421501703125 0.2961532140625 0.8464163828125001 0.2987178296875 0.8464163828125001 0.3012824453125 0.841296928125 0.307691846875 0.8404436859375 0.324359709375 0.8319112625 0.3371785109375 0.814846415625 0.3397431265625 0.8088737203124999 0.3397431265625 0.789249146875 0.335898340625 0.7824232078125 0.3307691109375 0.7807167234375 0.31153876875000003 0.7798634812499999 0.3038470609375 0.7824232078125 0.28717919687500004 0.792662115625 0.280769796875 0.8088737203124999 0.282052103125 0.8353242328125001
1 0.5666667078125001 0.815699659375 0.5525634609375001 0.822525596875 0.546154059375 0.8387372015624999 0.548718675 0.8489761093749999 0.5576926906249999 0.8540955625000001 0.573076109375 0.8566552906249999 0.601282603125 0.8549488046875 0.6128212359375 0.8498293515625001 0.6346161921875 0.8353242328125001 0.6371786703125 0.8302047781249999 0.6346161921875 0.8216723546875 0.6243598671874999 0.815699659375 0.61410354375 0.8139931734375001 0.579487646875 0.81313993125 0.5666667078125001 0.815699659375
4 0 0.826875571875 0.074474271875 0.8816552906249999 0.122103453125 0.8168259390625 0.13292399375 0.753430034375 0.11343505312499999 0.691476109375 0.05282036875 0.6381740609375 0 0.6084260234375 0 0.826875571875
1 0.2897438125 0.73890785 0.3038470609375 0.7414675765625 0.3179481703125 0.7525597265624999 0.324359709375 0.7542662109375 0.335898340625 0.7542662109375 0.3474348359375 0.7508532421874999 0.38076842499999997 0.74658703125 0.3871799625 0.7431740609374999 0.3910247484375 0.73549488125 0.3910247484375 0.7252559734374999 0.38589765468750004 0.7116040953125 0.378205946875 0.7022184296875 0.357693296875 0.691979521875 0.33461603281249996 0.6877133109375 0.3064095390625 0.6894197953125001 0.2910261203125 0.6945392484374999 0.2794874890625 0.703071671875 0.2717957796875 0.7184300343750001 0.27820518125000004 0.732935153125 0.2897438125 0.73890785
1 0.546154059375 0.48208191093749997 0.5346154265624999 0.4880546078125 0.5256414109375 0.4974402734375 0.5269237171875 0.5068259390625001 0.53846235 0.5119453921875 0.5743584171875 0.5136518765625 0.6025649109375 0.5085324234375 0.6051273890625 0.501706484375 0.5961533734375 0.4880546078125 0.5807699546875 0.4803754265625 0.56025730625 0.47952218437500005 0.546154059375 0.48208191093749997
1 0.319230478125 0.41552901093749994 0.324359709375 0.41808873750000003 0.33461603281249996 0.4291808875 0.3499994515625 0.427474403125 0.3564109890625 0.4223549484375 0.357693296875 0.40870307187500005 0.3499994515625 0.3924914671875 0.3499994515625 0.3626279859375 0.32564201718749997 0.3430034125 0.29487090625 0.32849829375 0.2692311640625 0.3199658703125 0.2551279171875 0.31911262812499996 0.22948817500000002 0.325085325 0.21410261875 0.3370307171875 0.20128167968750002 0.3430034125 0.19743689375 0.3498293515625 0.2025639875 0.3549488046875 0.2230766359375 0.36177474374999996 0.260257146875 0.380546075 0.2743582578125 0.3848122859375 0.280769796875 0.393344709375 0.2910261203125 0.39931740625 0.30256475312500003 0.4112627984375 0.31153876875000003 0.416382253125 0.319230478125 0.41552901093749994
1 0.7051281546875 0.42320819062500004 0.7115375562499999 0.42576791875 0.7269231109375001 0.427474403125 0.7410263593749999 0.4266211609375 0.7589743921875 0.41808873750000003 0.767948409375 0.41211604062499996 0.7730776390625 0.405290103125 0.801281996875 0.3873720140625 0.7999996890625 0.380546075 0.78205165625 0.36006825937500003 0.7717953328125 0.3532423203125 0.7615390078125001 0.3515358359375 0.72179388125 0.3370307171875 0.7128198640625001 0.3370307171875 0.682050890625 0.3540955625 0.66282055 0.367747440625 0.652564225 0.3703071671875 0.646154825 0.3796928328125 0.6589736265624999 0.3967576796875 0.6692299515625 0.4035836171875 0.6897426 0.41211604062499996 0.7051281546875 0.42320819062500004
4 1 0.270837725 0.8983334546874999 0.25290955625 0.8391528171875 0.2561262796875 0.8041158968750001 0.3791211609375 0.8234488234375 0.47076791875 0.9031656171875 0.5173976109375 0.9647698171875 0.395204778125 1 0.3399954578125 1 0.270837725
2 0.2179149640625 1 0.21282031093749998 0.9735494875 0.2089733890625 0.968430034375 0.19102535468749998 0.9650170656249999 0.16025638281250001 0.9650170656249999 0.134614503125 0.9675767921875 0.087179803125 0.9658703078125 0.0820505734375 0.9675767921875 0.0679494625 0.9675767921875 0.0602556171875 0.9641638218749999 0.048716984375 0.9650170656249999 0.034615875000000004 0.9624573375000001 0 0.9608500546875 0 1 0.2179149640625 1
1 0.34602579375000003 1 0.34871714374999996 0.994027303125 0.34871714374999996 0.9769624578125 0.34487235781250003 0.9692832765625001 0.33205141718750003 0.9598976109375 0.3153835546875 0.9539249140624999 0.3012824453125 0.953071671875 0.282052103125 0.9581911265624999 0.2743582578125 0.96672355 0.27307595 0.9795221843749999 0.282052103125 0.9948805453125 0.2897433859375 1 0.34602579375000003 1
1 0.4674675171875 1 0.460256540625 0.9872013656249999 0.4615388484375 0.9752559734374999 0.4743597890625 0.9547781562500001 0.4807691890625 0.949658703125 0.4807691890625 0.9411262796875001 0.47563995937500003 0.9377133109375 0.45640961718749995 0.9325938562499999 0.44615329375 0.927474403125 0.42692295312499995 0.9249146749999999 0.4076926109375 0.927474403125 0.378205946875 0.9411262796875001 0.3717944078125 0.94795221875 0.3743590234375 0.9564846421875 0.3961539796875 0.9752559734374999 0.40641030312500004 0.9914675765625001 0.40435861093750003 1 0.4674675171875 1
1 0.599533225 1 0.6076920046875001 0.994027303125 0.61410354375 0.9829351531249999 0.61410354375 0.9675767921875 0.6102566203124999 0.960750853125 0.5910262796875 0.94795221875 0.5820522625 0.9462457343749999 0.5538457671875 0.9488054609375001 0.5423071359375 0.9564846421875 0.5371800421875 0.96672355 0.5371800421875 0.9803754265625001 0.54358944375 0.9957337890625 0.5509153890625 1 0.599533225 1
1 0.7589743921875 1 0.7807693484375 0.99658703125 0.8141029375000001 0.99658703125 0.8205123390625 0.994027303125 0.838462509375 0.9624573375000001 0.8397426796874999 0.9556314 0.8269238765625 0.9223549484375001 0.81923003125 0.916382253125 0.8102560140625 0.9121160406250001 0.7807693484375 0.9044368593750001 0.7487180671875 0.9044368593750001 0.7153844796875 0.897610921875 0.7025635390625 0.897610921875 0.6910249078125 0.9018771328125 0.6756414890625 0.9044368593750001 0.6717945671875001 0.9095563140625 0.6717945671875001 0.9155290109375 0.6807685828125 0.934300340625 0.679486275 0.9505119453124999 0.6602559343750001 0.9752559734374999 0.652564225 0.9914675765625001 0.653419096875 1 0.7589743921875 1
1 0.33461603281249996 0.9035836171874999 0.31153876875000003 0.9069965874999999 0.30512723125 0.9112627984375001 0.307691846875 0.927474403125 0.32179509375 0.935153584375 0.335898340625 0.9360068265624999 0.34359005 0.9223549484375001 0.3551286828125 0.9146757671874999 0.3705121 0.908703071875 0.40384568906249996 0.9061433453125 0.4076926109375 0.9044368593750001 0.4128197046875 0.8984641640625 0.41025722656249997 0.8882252562499999 0.3871799625 0.87713310625 0.36666731406249997 0.8762798640625 0.353846375 0.8779863484374999 0.34871714374999996 0.8822525593749999 0.34487235781250003 0.8967576796875001 0.33461603281249996 0.9035836171874999
2 0.0128209171875 0.9121160406250001 0.014103225 0.9206484640625 0.0230772421875 0.934300340625 0.034615875000000004 0.9453924921875 0.0448721984375 0.9505119453124999 0.0602556171875 0.9470989765625 0.1256404859375 0.9215017062499999 0.134614503125 0.9197952218750001 0.2230766359375 0.8831058015625001 0.2256412515625 0.8788395906250001 0.22435894374999998 0.8686006828125 0.20128167968750002 0.8430034125000001 0.19102535468749998 0.8404436859375 0.1717950140625 0.8481228671875 0.162820996875 0.8481228671875 0.11025706718749999 0.8711604093749999 0.0961538203125 0.8737201359375 0.07948809531249999 0.88395904375 0.0666671546875 0.8865187718750001 0.058973309375000005 0.8941979515625 0.048716984375 0.8950511953125 0.021794934374999998 0.9044368593750001 0.0128209171875 0.9121160406250001
1 0 0.20648464843749997 0.0115386109375 0.2098976109375 0.065384846875 0.21672355 0.0743588640625 0.214163821875 0.08333288125 0.207337884375 0.09358920468750001 0.18088737187499998 0.092306896875 0.1706484640625 0.0679494625 0.151023890625 0.028204335937500002 0.1348122859375 0.0089739953125 0.13310580156250001 0 0.13406911562499998 0 0.20648464843749997
1 0.40000090312500003 0.139931740625 0.3935893640625 0.14078498281250001 0.3871799625 0.14931740625 0.38589765468750004 0.1578498296875 0.3935893640625 0.166382253125 0.40641030312500004 0.169795221875 0.41794893593750004 0.169795221875 0.44487098593749996 0.16467576718750002 0.4615388484375 0.15614334531250001 0.45769192500000005 0.14931740625 0.44487098593749996 0.1424914671875 0.42820526093750005 0.1373720140625 0.40897491874999997 0.1348122859375 0.40000090312500003 0.139931740625
1 0.600000296875 0.19624573437499998 0.579487646875 0.2226962453125 0.573076109375 0.2380546078125 0.573076109375 0.24573378906249999 0.5884616640625 0.24658703124999998 0.600000296875 0.2414675765625 0.6564111484375 0.2431740609375 0.7051281546875 0.24061433437500002 0.72179388125 0.24573378906249999 0.735897128125 0.24061433437500002 0.7397440515625 0.24232081875000003 0.7589743921875 0.2431740609375 0.7641036234375 0.237201365625 0.75512746875 0.22866894218749997 0.7512826828125 0.2158703078125 0.7333325125 0.1928327640625 0.72179388125 0.18856655312499998 0.7128198640625001 0.1902730375 0.7064104625 0.1860068265625 0.6666674734375 0.18686006875 0.6602559343750001 0.185153584375 0.655128840625 0.18771331093750002 0.6423079015625001 0.18856655312499998 0.616666021875 0.18771331093750002 0.600000296875 0.19624573437499998
4 0.1896276390625 0.21004266249999998 0.15651204375 0.23302047812499999 0.1447682421875 0.24343856718749998 0.9414104453125001 0.24343856718749998 0.9092694031249999 0.2164675765625 0.8407813484375 0.1783276453125 0.8002561515625001 0.1560068265625 0.7471408296875001 0.1364675765625 0.6982314765625001 0.11693685937500001 0.656295740625 0.10763651875 0.56684623125 0.096476109375 0.5514734984375 0.094616040625 0.47180799687499997 0.10112627968750001 0.3907554640625 0.1130290109375 0.2800645265625 0.159163821875 0.21143541875 0.19813993125 0.1896276390625 0.21004266249999998
1 0.41666662812500005 0.0682593859375 0.41538432031249994 0.07849829375 0.41794893593750004 0.08276450468749999 0.44358867812499997 0.0938566546875 0.45897423281250005 0.091296928125 0.465383634375 0.086177475 0.4717951734375 0.0759385671875 0.47051286562500005 0.0588737203125 0.4615388484375 0.053754265625 0.44358867812499997 0.0546075078125 0.43333235312499996 0.058020478125 0.41666662812500005 0.0682593859375
4 0.8014415093749999 0 0.8149877296874999 0.039069965625 0.8667438046875 0.0821245734375 0.9314234046875001 0.10579351562499999 0.9831666578125 0.11548634843750001 1 0.11548634843750001 1 0 0.8014415093749999 0
1 0.2961532140625 0.8779863484374999 0.3064095390625 0.8813993171875 0.31410338437499996 0.8813993171875 0.324359709375 0.8762798640625 0.32564201718749997 0.8651877140625001 0.3179481703125 0.8592150171874999 0.3012824453125 0.8549488046875 0.275640565625 0.8438566546875 0.23846219062500001 0.8370307171875 0.22948817500000002 0.8378839593749999 0.232050653125 0.847269625 0.2961532140625 0.8779863484374999
2 0.41538432031249994 0.8822525593749999 0.48974320625 0.9069965874999999 0.5128204703125 0.9112627984375001 0.5205121796875 0.9061433453125 0.5371800421875 0.8831058015625001 0.5397446578125 0.8745733781249999 0.5346154265624999 0.8703071671875 0.519229871875 0.8651877140625001 0.5076912390625 0.858361775 0.49871722343749997 0.8575085328125001 0.4769222671875 0.8489761093749999 0.46794824999999995 0.8481228671875 0.44230850781250003 0.8370307171875 0.42179585937499997 0.8319112625 0.373076715625 0.8139931734375001 0.353846375 0.81313993125 0.341025434375 0.819112628125 0.324359709375 0.8438566546875 0.3282044953125 0.8540955625000001 0.3794861171875 0.8711604093749999 0.39230705625 0.8720136515625001 0.41538432031249994 0.8822525593749999
2 1 0.77613059375 0.9820510499999999 0.773890784375 0.9564113078125001 0.7755972703125 0.9089744718749999 0.7901023890625 0.8910264390625 0.7935153578125 0.843589603125 0.7901023890625 0.8064112281250001 0.7841296921875001 0.794872596875 0.7841296921875001 0.7564097765625 0.79095563125 0.7346148203125 0.8250853250000001 0.730770034375 0.8353242328125001 0.72820541875 0.8540955625000001 0.7333325125 0.8703071671875 0.7397440515625 0.8788395906250001 0.7641036234375 0.8950511953125 0.7756401171875 0.9001706484374999 0.7910256734375001 0.9035836171874999 0.8243592609375 0.916382253125 0.8423072953125 0.9283276453125 0.849999003125 0.9436860062499999 0.860257465625 0.9505119453124999 0.9115390874999999 0.9564846421875 0.9371788296875 0.9564846421875 0.965385325 0.9513651875000001 0.97692395625 0.9462457343749999 0.9961542968750001 0.9325938562499999 1 0.9280438312499999 1 0.77613059375
2 0.0628202328125 0.57423208125 0.048716984375 0.613481228125 0.048716984375 0.6237201359375 0.058973309375000005 0.630546075 0.0666671546875 0.630546075 0.0743588640625 0.625426621875 0.08974441875 0.6262798640625 0.112819546875 0.6109215015625 0.12051339218749998 0.6117747437500001 0.1282051015625 0.608361775 0.134614503125 0.608361775 0.141026040625 0.6040955625 0.17435962968750002 0.5964163828125 0.20384629531249998 0.5964163828125 0.2205120203125 0.5921501703125001 0.2448715921875 0.575085325 0.2525633015625 0.572525596875 0.260257146875 0.572525596875 0.2692311640625 0.564846415625 0.26794885625 0.5537542656250001 0.25769253281250004 0.542662115625 0.232050653125 0.49232081875 0.2256412515625 0.4744027296875 0.2192297125 0.4675767921875 0.21666723437500002 0.4513651875 0.2064109109375 0.42320819062500004 0.2025639875 0.3856655296875 0.1935899703125 0.3686006828125 0.1871784328125 0.3651877140625 0.1423083484375 0.3703071671875 0.1371791171875 0.367747440625 0.12051339218749998 0.36604095625 0.111539375 0.35921501718750004 0.10384552968750001 0.3651877140625 0.0987184359375 0.36604095625 0.0961538203125 0.3703071671875 0.08333288125 0.36604095625 0.0743588640625 0.369453925 0.0666671546875 0.369453925 0.058973309375000005 0.37372013593750003 0.05641083125 0.378839590625 0.0602556171875 0.40870307187500005 0.065384846875 0.416382253125 0.065384846875 0.42320819062500004 0.0717942484375 0.43686006875 0.07307655625000001 0.5196245734375 0.0679494625 0.5418088734375 0.0717942484375 0.5494880546875 0.0666671546875 0.5529010234375 0.0628202328125 0.57423208125
1 0.628204653125 0.930887371875 0.6371786703125 0.935153584375 0.6641028578125 0.93686006875 0.673076875 0.934300340625 0.6743591828125 0.9266211609375 0.6653851656249999 0.9129692828125 0.6615382421875 0.897610921875 0.655128840625 0.8907849828125001 0.638460978125 0.880546075 0.589743971875 0.8626279859375 0.57051363125 0.8626279859375 0.5474363671875 0.8745733781249999 0.5179497015625001 0.9146757671874999 0.5179497015625001 0.9283276453125 0.5269237171875 0.935153584375 0.5346154265624999 0.934300340625 0.567949015625 0.9215017062499999 0.5820522625 0.9215017062499999 0.5961533734375 0.9189419796875 0.6179483296875 0.9215017062499999 0.628204653125 0.930887371875
1 0.21153800312499998 0.889931740625 0.199999371875 0.897610921875 0.199999371875 0.9121160406250001 0.20769321718749997 0.9197952218750001 0.22820586718750002 0.927474403125 0.24230697656250003 0.9283276453125 0.25128099375 0.9223549484375001 0.26666654843750004 0.9172354953124999 0.275640565625 0.9112627984375001 0.28333227499999997 0.9018771328125 0.28717919687500004 0.8907849828125001 0.28717919687500004 0.8796928328125 0.2846145828125 0.8762798640625 0.26666654843750004 0.8720136515625001 0.22948817500000002 0.8796928328125 0.22179432812500002 0.8873720140625 0.21153800312499998 0.889931740625
1 0.6538465328124999 0.8634812281249999 0.6756414890625 0.8651877140625001 0.6974364468750001 0.8822525593749999 0.7064104625 0.8822525593749999 0.7269231109375001 0.8686006828125 0.725640803125 0.8592150171874999 0.7115375562499999 0.8498293515625001 0.698718753125 0.8250853250000001 0.6910249078125 0.8216723546875 0.6692299515625 0.8233788390625 0.655128840625 0.8284982937500001 0.6448725171875 0.8370307171875 0.64102559375 0.8455631406249999 0.6423079015625001 0.8575085328125001 0.6538465328124999 0.8634812281249999
1 1 0.0716721421875 0.9884625890625 0.0639931734375 0.9794864343749999 0.0622866890625 0.965385325 0.07423208125 0.965385325 0.09044368593749999 0.974359340625 0.094709896875 0.984615665625 0.0964163828125 1 0.0952787640625 1 0.0716721421875
1 0.8141029375000001 0.07423208125 0.8128206296875 0.07849829375 0.8166675531250001 0.09300341250000001 0.8307686625 0.09812286718749999 0.8410249875 0.0938566546875 0.847436525 0.0844709890625 0.8448719109375 0.072525596875 0.8320509703125 0.065699659375 0.8141029375000001 0.07423208125
1 0.7715243609375 0 0.776922425 0.0085324234375 0.776922425 0.025597270312499996 0.7692307171875 0.05204778125 0.770513025 0.06058020468750001 0.774359946875 0.0622866890625 0.7807693484375 0.06058020468750001 0.7858964421875 0.0546075078125 0.7961549031249999 0.035836178125 0.7987173828125 0.025597270312499996 0.7987173828125 0.0042662109375 0.7972607 0 0.7715243609375 0
1 0.687180121875 0.0588737203125 0.6935895234375 0.098976109375 0.6974364468750001 0.1058020484375 0.7012812328125 0.10750853281249999 0.72179388125 0.108361775 0.72820541875 0.10494880468750001 0.735897128125 0.0921501703125 0.7435888375 0.0665529015625 0.7397440515625 0.0597269625 0.730770034375 0.0554607515625 0.6974364468750001 0.0546075078125 0.6897426 0.05631399375 0.687180121875 0.0588737203125
1 0.64102559375 0.06911262812499999 0.6307692687500001 0.07423208125 0.6307692687500001 0.09044368593749999 0.643590209375 0.0964163828125 0.6589736265624999 0.094709896875 0.6666674734375 0.087883959375 0.66794978125 0.0810580203125 0.6653851656249999 0.07508532500000001 0.655128840625 0.06911262812499999 0.64102559375 0.06911262812499999
1 0.719231403125 0.0341296921875 0.6897426 0.03327645 0.6589736265624999 0.0435153578125 0.652564225 0.05290102343750001 0.6602559343750001 0.0554607515625 0.692307215625 0.0554607515625 0.7294877265624999 0.0494880546875 0.7333325125 0.046928328125 0.7333325125 0.04095563125 0.730770034375 0.037542662500000004 0.719231403125 0.0341296921875
1 0.7012812328125 0 0.698718753125 0.021331057812500002 0.7051281546875 0.02986348125 0.735897128125 0.0366894203125 0.7474357609375 0.031569965625 0.7538451609375 0.0247440265625 0.757692084375 0.0162116046875 0.757692084375 0.0008532421874999999 0.7572648265625 0 0.7012812328125 0
2 0.3495065890625 0 0.35249995156249997 0.0175511953125 0.422039496875 0.019701365625 0.5514093828125 0.08857508593749999 0.56434573125 0.09180887343750001 0.633872453125 0.0584470984375 0.66298725 0.0089419796875 0.6473106765625001 0 0.3495065890625 0
1 0.38589765468750004 0.0511945390625 0.3935893640625 0.0546075078125 0.405127996875 0.0546075078125 0.41666662812500005 0.0477815703125 0.41666662812500005 0.035836178125 0.4128197046875 0.0307167234375 0.38846227031249997 0.020477815625 0.378205946875 0.020477815625 0.3525640671875 0.02986348125 0.34871714374999996 0.035836178125 0.34871714374999996 0.046928328125 0.3551286828125 0.05204778125 0.38589765468750004 0.0511945390625
1 0.297435521875 0.0494880546875 0.30512723125 0.0486348125 0.319230478125 0.053754265625 0.3423077421875 0.05631399375 0.3474348359375 0.0494880546875 0.34615466562499997 0.0290102390625 0.3397431265625 0.011945392187499999 0.333333725 0.00767918125 0.32564201718749997 0.009385665625000001 0.2897438125 0.02986348125 0.2884615046875 0.04095563125 0.297435521875 0.0494880546875
1 0.265384240625 0 0.262819625 0.0247440265625 0.26666654843750004 0.0435153578125 0.282052103125 0.06058020468750001 0.2884615046875 0.0554607515625 0.28717919687500004 0.0162116046875 0.29221859375000003 0 0.265384240625 0
1 0.08751743906250001 0 0.0708325171875 0.0198293515625 0.06524379375 0.0309897609375 0.06803922500000001 0.038430034375 0.2651021328125 0.0412201359375 0.256717978125 0.0291296921875 0.23767272031250003 0 0.08751743906250001 0
2 0 0 0 0.042662115625000004 0.0012822859375000001 0.042662115625000004 0.0076916875 0.039249146875 0.048716984375 0.0418088734375 0.057693139062499996 0.039249146875 0.06153792500000001 0.035836178125 0.06410253906249999 0.026450512500000002 0.06410253906249999 0.0025597265625 0.061538459375 0 0 0
1 0.8141029375000001 0.1569965875 0.8230769531250001 0.16040955625 0.8320509703125 0.1680887375 0.8423072953125 0.17150170625 0.847436525 0.17150170625 0.8512813109374999 0.1655290109375 0.8769231906250001 0.15614334531250001 0.8833325921874999 0.151023890625 0.8833325921874999 0.14078498281250001 0.8782054984375 0.13310580156250001 0.8615376359375 0.125426621875 0.838462509375 0.125426621875 0.8269238765625 0.13395904375 0.8141029375000001 0.14846416406250001 0.8141029375000001 0.1569965875
1 0.7487180671875 0.10665529062500001 0.7435888375 0.128839590625 0.7487180671875 0.13310580156250001 0.7564097765625 0.1348122859375 0.7717953328125 0.12713310625000002 0.794872596875 0.1296928328125 0.801281996875 0.1262798640625 0.8294863546875 0.12286689375 0.833333278125 0.119453925 0.8320509703125 0.110068259375 0.774359946875 0.0699658703125 0.7641036234375 0.0708191125 0.757692084375 0.09044368593749999 0.7487180671875 0.10665529062500001
1 0.5230767953125001 0.0887372015625 0.5012818390625 0.0887372015625 0.4807691890625 0.097269625 0.478204575 0.1058020484375 0.4884608984375 0.11177474375 0.5076912390625 0.11262798593750001 0.5205121796875 0.108361775 0.5474363671875 0.10494880468750001 0.5500009828125 0.0964163828125 0.54358944375 0.0921501703125 0.5230767953125001 0.0887372015625
1 0.528206025 0.1578498296875 0.5012818390625 0.166382253125 0.49487243750000004 0.17150170625 0.492307821875 0.1791808875 0.49871722343749997 0.184300340625 0.5166673937499999 0.1860068265625 0.530768503125 0.1902730375 0.5346154265624999 0.19368600625000001 0.5500009828125 0.1928327640625 0.5743584171875 0.1817406140625 0.5782053390625 0.17576791875 0.5782053390625 0.169795221875 0.573076109375 0.1655290109375 0.5500009828125 0.1578498296875 0.528206025 0.1578498296875
1 0.575640725 0.11604095625 0.548718675 0.1356655296875 0.546154059375 0.1501706484375 0.5525634609375001 0.155290103125 0.5769230328125 0.1612627984375 0.5935887578125 0.15955631406249998 0.600000296875 0.154436859375 0.6025649109375 0.1356655296875 0.606409696875 0.1296928328125 0.611538928125 0.1262798640625 0.6230775609375 0.124573378125 0.633333884375 0.12030716718750001 0.633333884375 0.1092150171875 0.6128212359375 0.10068259375 0.5923085875 0.0998293515625 0.58717935625 0.1015358359375 0.575640725 0.11604095625
1 0.6769237968749999 0.141638225 0.6512819171875 0.139931740625 0.6230775609375 0.15614334531250001 0.621795253125 0.163822525 0.6294869609375 0.1680887375 0.64102559375 0.1680887375 0.6615382421875 0.15955631406249998 0.6782061046875001 0.1569965875 0.687180121875 0.14931740625 0.6769237968749999 0.141638225
1 0.7115375562499999 0.166382253125 0.72820541875 0.1740614328125 0.770513025 0.185153584375 0.7782047328125 0.18259385625 0.7910256734375001 0.17235494843750002 0.7884610578125 0.16467576718750002 0.7666661015625 0.1535836171875 0.7512826828125 0.152730375 0.7371794359375 0.14419795156249998 0.7320523421875 0.136518771875 0.7179490953125 0.128839590625 0.7064104625 0.1186006828125 0.6897426 0.11604095625 0.682050890625 0.1237201359375 0.682050890625 0.1348122859375 0.6884624296874999 0.147610921875 0.7115375562499999 0.166382253125
1 0.794872596875 0.1689419796875 0.7756401171875 0.185153584375 0.776922425 0.19368600625000001 0.78717875 0.20221842968749998 0.797435075 0.20221842968749998 0.8179477234375 0.18259385625 0.8230769531250001 0.169795221875 0.8179477234375 0.163822525 0.8064112281250001 0.16467576718750002 0.794872596875 0.1689419796875
1 0.855128234375 0.2192832765625 0.8756408828125 0.2252559734375 0.8833325921874999 0.2226962453125 0.9000004546874999 0.2235494875 0.903845240625 0.2158703078125 0.8846149000000001 0.20221842968749998 0.8692314828125 0.1970989765625 0.860257465625 0.1911262796875 0.8346155859375 0.18771331093750002 0.8230769531250001 0.18856655312499998 0.821794646875 0.19539249218750002 0.8294863546875 0.20477815625 0.855128234375 0.2192832765625
1 0.855128234375 0.2226962453125 0.8397426796874999 0.22440272968750002 0.8230769531250001 0.2226962453125 0.821794646875 0.2320819109375 0.8423072953125 0.24061433437500002 0.8538459265625 0.2431740609375 0.88974413125 0.2431740609375 0.9025650703125001 0.2380546078125 0.9025650703125001 0.22696245781250002 0.8987181468750001 0.2235494875 0.8743585749999999 0.2252559734375 0.855128234375 0.2226962453125
1 0.53333311875 0.2098976109375 0.5205121796875 0.214163821875 0.519229871875 0.2235494875 0.5371800421875 0.24061433437500002 0.548718675 0.24573378906249999 0.5666667078125001 0.24573378906249999 0.5807699546875 0.218430034375 0.579487646875 0.2081911265625 0.56025730625 0.207337884375 0.5423071359375 0.21075085312500003 0.53333311875 0.2098976109375
1 0.46282115625 0.21672355 0.438461584375 0.2235494875 0.4128197046875 0.237201365625 0.4128197046875 0.24573378906249999 0.41538432031249994 0.2474402734375 0.44102620000000003 0.24658703124999998 0.4615388484375 0.2414675765625 0.4910255140625 0.2278157 0.503846453125 0.22440272968750002 0.530768503125 0.20477815625 0.530768503125 0.19453924843749998 0.528206025 0.1928327640625 0.5179497015625001 0.1928327640625 0.4743597890625 0.2081911265625 0.46282115625 0.21672355
1 0.438461584375 0.19453924843749998 0.40384568906249996 0.1928327640625 0.39230705625 0.199658703125 0.38846227031249997 0.20904436875000001 0.40128107343749997 0.22013651875 0.41025722656249997 0.2209897609375 0.4141020125 0.22440272968750002 0.4256406453125 0.2226962453125 0.4320521828125 0.22440272968750002 0.448717909375 0.21757679218749998 0.4615388484375 0.21501706562499998 0.47051286562500005 0.2081911265625 0.465383634375 0.2005119453125 0.45897423281250005 0.19795221875 0.438461584375 0.19453924843749998
1 0.3743590234375 0.2337883953125 0.38589765468750004 0.24061433437500002 0.40256338124999996 0.24232081875000003 0.40641030312500004 0.23890785 0.40641030312500004 0.229522184375 0.3910247484375 0.21501706562499998 0.38589765468750004 0.20477815625 0.3705121 0.2039249140625 0.351281759375 0.19539249218750002 0.329486803125 0.19539249218750002 0.3153835546875 0.1988054609375 0.3012824453125 0.2081911265625 0.33205141718750003 0.21757679218749998 0.357693296875 0.2226962453125 0.36538500625000003 0.2278157 0.3705121 0.22866894218749997 0.3743590234375 0.2337883953125
1 0.275640565625 0.24402730312499998 0.3153835546875 0.24658703124999998 0.333333725 0.24402730312499998 0.3371785109375 0.23890785 0.335898340625 0.229522184375 0.329486803125 0.2209897609375 0.3205127859375 0.214163821875 0.31153876875000003 0.21672355 0.308974153125 0.2081911265625 0.3064095390625 0.207337884375 0.2769228734375 0.21160409531250002 0.2589748390625 0.21160409531250002 0.24230697656250003 0.2209897609375 0.23846219062500001 0.2278157 0.24230697656250003 0.23890785 0.260257146875 0.24488054531249998 0.275640565625 0.24402730312499998
1 0.2346152671875 0.18259385625 0.22179432812500002 0.191979521875 0.2179495421875 0.20477815625 0.22179432812500002 0.21672355 0.232050653125 0.21757679218749998 0.253845609375 0.2124573375 0.2641019328125 0.2039249140625 0.262819625 0.1911262796875 0.2525633015625 0.1834470984375 0.2474362078125 0.1817406140625 0.2346152671875 0.18259385625
1 0.47051286562500005 0.15614334531250001 0.4769222671875 0.1612627984375 0.49487243750000004 0.1629692828125 0.5205121796875 0.1569965875 0.5256414109375 0.151023890625 0.5217944875 0.1390784984375 0.5064110687500001 0.12713310625000002 0.5051287609374999 0.12116040937500001 0.4910255140625 0.1168941984375 0.47563995937500003 0.1040955625 0.45897423281250005 0.1032423203125 0.43333235312499996 0.11177474375 0.4346146609375 0.12116040937500001 0.46282115625 0.132252559375 0.46794824999999995 0.141638225 0.47051286562500005 0.15614334531250001
1 0.34359005 0.0938566546875 0.353846375 0.1058020484375 0.362820390625 0.110068259375 0.3743590234375 0.10665529062500001 0.3820507328125 0.098976109375 0.3871799625 0.0887372015625 0.39230705625 0.06313993125 0.38846227031249997 0.0554607515625 0.38076842499999997 0.05204778125 0.34871714374999996 0.05204778125 0.3397431265625 0.0597269625 0.34359005 0.0938566546875
1 0.307691846875 0.1612627984375 0.297435521875 0.1706484640625 0.2987178296875 0.1783276453125 0.30256475312500003 0.1817406140625 0.3166658625 0.1834470984375 0.3307691109375 0.18088737187499998 0.353846375 0.17320819062499998 0.3820507328125 0.158703071875 0.394871671875 0.132252559375 0.3935893640625 0.119453925 0.38589765468750004 0.11348122812500001 0.37692363906250004 0.11177474375 0.360255775 0.1279863484375 0.3525640671875 0.13310580156250001 0.3474348359375 0.13395904375 0.34359005 0.141638225 0.333333725 0.14931740625 0.3269221875 0.147610921875 0.32179509375 0.1535836171875 0.307691846875 0.1612627984375
1 0.32179509375 0.1186006828125 0.341025434375 0.12116040937500001 0.3499994515625 0.1186006828125 0.353846375 0.11262798593750001 0.3474348359375 0.1058020484375 0.32307740156250003 0.0998293515625 0.3000001375 0.09812286718749999 0.265384240625 0.10068259375 0.256410225 0.10494880468750001 0.25128099375 0.11177474375 0.256410225 0.1168941984375 0.26794885625 0.1186006828125 0.32179509375 0.1186006828125
1 0.22179432812500002 0.07849829375 0.24230697656250003 0.0921501703125 0.2448715921875 0.097269625 0.2525633015625 0.09812286718749999 0.260257146875 0.0921501703125 0.26794885625 0.09300341250000001 0.282052103125 0.083617746875 0.28717919687500004 0.07423208125 0.280769796875 0.06911262812499999 0.2769228734375 0.0597269625 0.26666654843750004 0.05204778125 0.253845609375 0.0477815703125 0.23717988281250002 0.0477815703125 0.2205120203125 0.057167235937500005 0.21666723437500002 0.06911262812499999 0.22179432812500002 0.07849829375
1 0.19487227812500002 0.1313993171875 0.1961545859375 0.143344709375 0.20769321718749997 0.1629692828125 0.2230766359375 0.174914675 0.23717988281250002 0.1791808875 0.2500008234375 0.17576791875 0.27820518125000004 0.1569965875 0.28333227499999997 0.151023890625 0.2897438125 0.1348122859375 0.2897438125 0.1262798640625 0.2846145828125 0.12116040937500001 0.2589748390625 0.12201365156249999 0.253845609375 0.1237201359375 0.2089733890625 0.12030716718750001 0.1987170640625 0.12201365156249999 0.19487227812500002 0.1313993171875
1 0.162820996875 0.1015358359375 0.1525646734375 0.10750853281249999 0.1525646734375 0.12030716718750001 0.1641033046875 0.128839590625 0.178204415625 0.1296928328125 0.18974304687500002 0.12201365156249999 0.19102535468749998 0.110068259375 0.1794867234375 0.1015358359375 0.162820996875 0.1015358359375
1 0.07692347968749999 0.11262798593750001 0.087179803125 0.1279863484375 0.0961538203125 0.1356655296875 0.10512783750000002 0.1373720140625 0.1358968109375 0.12116040937500001 0.141026040625 0.11433447031249999 0.13974373281250002 0.10665529062500001 0.134614503125 0.1015358359375 0.1256404859375 0.10068259375 0.102563221875 0.09300341250000001 0.085897496875 0.08276450468749999 0.08333288125 0.0776450515625 0.0743588640625 0.072525596875 0.070511940625 0.06740614375000001 0.058973309375000005 0.0665529015625 0.025641857812500002 0.08276450468749999 0.028204335937500002 0.09044368593749999 0.0371804890625 0.08959044375 0.06153792500000001 0.1015358359375 0.07692347968749999 0.11262798593750001
1 0.11666646875 0.218430034375 0.129487409375 0.221843003125 0.1423083484375 0.2209897609375 0.1500000578125 0.22610921562500003 0.17564193749999998 0.21672355 0.18205133906249998 0.21075085312500003 0.18205133906249998 0.2013651875 0.1769221078125 0.1902730375 0.178204415625 0.17150170625 0.1858982609375 0.163822525 0.19743689375 0.15955631406249998 0.1987170640625 0.1535836171875 0.1961545859375 0.147610921875 0.1858982609375 0.14078498281250001 0.162820996875 0.1348122859375 0.141026040625 0.13310580156250001 0.12692279374999998 0.136518771875 0.1179487765625 0.136518771875 0.1089747609375 0.139931740625 0.0961538203125 0.14846416406250001 0.092306896875 0.1569965875 0.1064101453125 0.163822525 0.11666646875 0.1783276453125 0.1179487765625 0.19368600625000001 0.11410185312500001 0.214163821875 0.11666646875 0.218430034375
1 0 0.133769396875 0.010256303125000001 0.132252559375 0.0384606609375 0.1348122859375 0.0423075828125 0.1296928328125 0.041025275 0.1237201359375 0.032051259375 0.117747440625 0.016665703125 0.11604095625 0 0.11092150781250001 0 0.133769396875