1 0.6457571953125 0.48239394375 0.616235425 0.4788734859375 0.597785978125 0.49647799218750005 0.594095203125 0.5176051765625 0.6236169734375 0.570423134375 0.6309963093750001 0.5669004578125 0.6568273062500001 0.5105642609375 0.6568273062500001 0.50000066875 0.6457571953125 0.48239394375
1 0.756458303125 0.4859144015625 0.7712169734375001 0.4859144015625 0.789668634375 0.50000066875 0.8007387453125 0.49295753593749997 0.8007387453125 0.46830989375 0.795203690625 0.4542258453125 0.7712169734375001 0.426055528125 0.7527675281249999 0.426055528125 0.7361623609375 0.4366191203125 0.7232479703125 0.4612667609375 0.7250922515625 0.48239394375 0.73431808125 0.49647799218750005 0.756458303125 0.4859144015625
5 0.744704059375 0.0399653515625 0.7318073796875 0.043097606249999997 0.7318073796875 0.047534225 0.7466789671875 0.041866443749999996 0.744704059375 0.0399653515625
1 0.7785985234374999 0.7711269359374999 0.7583025828125 0.77464739375 0.750923246875 0.7887314437499999 0.750923246875 0.8169017609375 0.7638376390625 0.8274653515624999 0.785977859375 0.8274653515624999 0.791512915625 0.8204222187499999 0.791512915625 0.795774578125 0.7785985234374999 0.7711269359374999
1 0.73431808125 0.767606478125 0.7214014765625001 0.767606478125 0.7029520296875 0.7922541203125 0.7066428046875 0.8274653515624999 0.7214014765625001 0.83802894375 0.7306273062499999 0.8345062671875001 0.7416974171875 0.8098586265625001 0.743541696875 0.7781700703125 0.73431808125 0.767606478125
1 0.588560146875 0.0915499296875 0.5811808125 0.09507038749999999 0.5516612546874999 0.151408803125 0.5516612546874999 0.169013309375 0.5738014765624999 0.200704084375 0.588560146875 0.200704084375 0.6125468640625 0.1725359859375 0.6236169734375 0.137324753125 0.61070036875 0.102113521875 0.588560146875 0.0915499296875
1 0.710331365625 0.16197239375 0.68819114375 0.16197239375 0.6826560890625 0.1725359859375 0.6826560890625 0.1866200359375 0.6900376390625 0.1971836265625 0.7011077484375 0.1971836265625 0.710331365625 0.1901404921875 0.714022140625 0.1725359859375 0.710331365625 0.16197239375
1 0.5092250921875 0.34859214843749997 0.49446420625 0.34859214843749997 0.48339409531250005 0.3661966546875 0.48154981562500004 0.3873238375 0.5092250921875 0.3978874296875 0.516604428125 0.3873238375 0.516604428125 0.3661966546875 0.5092250921875 0.34859214843749997
1 0.36531365312499997 0.313380915625 0.3450177125 0.3274649640625 0.330259040625 0.35211260625 0.328412546875 0.376760246875 0.369004428125 0.39436697187499997 0.3800745390625 0.36267619687499997 0.387453875 0.32042183125 0.36531365312499997 0.313380915625
1 0.291513653125 0.570423134375 0.28228782343750003 0.57746405 0.2804435421875 0.595070775 0.2859785984375 0.6091548234374999 0.3025837640625 0.6056343656250001 0.30442804375 0.580986725 0.30073726875 0.5739435921875 0.291513653125 0.570423134375
1 0.26199188125 0.411971478125 0.249077490625 0.411971478125 0.24169815468750003 0.426055528125 0.24169815468750003 0.4401417953125 0.250921771875 0.4542258453125 0.2638383765625 0.45070316874999994 0.2730619921875 0.4401417953125 0.2730619921875 0.426055528125 0.26199188125 0.411971478125
1 0.3025837640625 0.2605629578125 0.30442804375 0.2852105984375 0.330259040625 0.3098582390625 0.3440966796875 0.3017614078125 0.34317343125 0.2746470078125 0.330259040625 0.24647890781249998 0.3025837640625 0.2605629578125
1 0.3357940953125 0.1232384859375 0.326568265625 0.1232384859375 0.3173424359375 0.137324753125 0.3173424359375 0.1478883453125 0.3210332109375 0.15492926093749998 0.33948265625 0.15492926093749998 0.34317343125 0.137324753125 0.3357940953125 0.1232384859375
1 0.249077490625 0.23943577500000002 0.23616310000000001 0.2359153171875 0.19926199218750001 0.264083415625 0.1937269375 0.2922537328125 0.2029527671875 0.3098582390625 0.23431660468749999 0.313380915625 0.2583033203125 0.299296865625 0.26568265625 0.2852105984375 0.26568265625 0.27112655 0.249077490625 0.23943577500000002
1 0 0.15844976093750002 0.0073793359375 0.1725359859375 0.020295940625 0.1725359859375 0.0276752765625 0.15492926093749998 0.0276752765625 0.133802078125 0.018449446875 0.1091544359375 0.0073793359375 0.1091544359375 0 0.12324066250000001 0 0.15844976093750002
2 0.3039428859375 0 0.3357940953125 0.0281683796875 0.41697343125 0.08802725312500001 0.42804354218749996 0.08450679531250001 0.42250848750000003 0.04577510625 0.380533634375 0 0.3039428859375 0
2 1 0.12675989375000002 0.981549078125 0.09507038749999999 0.950185240625 0.0669022890625 0.9151284140625 0.0633796125 0.8874531359375 0.0774658796875 0.8597778593750001 0.105633978125 0.8505542437500001 0.137324753125 0.8505542437500001 0.183099578125 0.8745387453125 0.2535220421875 0.8874531359375 0.27112655 0.8985232468750001 0.27112655 0.9003697421875 0.20774721875000002 0.9188191874999999 0.169013309375 0.9446501843749999 0.1478883453125 0.9963099625 0.1408452109375 1 0.126763978125 1 0.12675989375000002
2 1 0.489436528125 0.96679040625 0.4647894359375 0.9298892984375 0.45070316874999994 0.8985232468750001 0.457746303125 0.8745387453125 0.4859144015625 0.883764575 0.538732359375 0.8985232468750001 0.5598595421875 0.976014021875 0.61267528125 1 0.6355624265625 1 0.489436528125
2 0.7580559296875 1 0.7546118078124999 0.992957921875 0.7306273062499999 0.96831028125 0.69557269375 0.9647898234375001 0.6678974171875 0.9823943312500001 0.6578334765625 1 0.7580559296875 1
2 0.5602699624999999 1 0.5645756453125 0.9964783796875001 0.5867158671875 0.95070355625 0.595941696875 0.901408275 0.5922509218750001 0.830985809375 0.5867158671875 0.8098586265625001 0.562731365625 0.767606478125 0.53874465 0.749999753125 0.5055343171875 0.749999753125 0.477859040625 0.7711269359374999 0.45940959374999996 0.80633816875 0.45203025781250006 0.8345062671875001 0.4483394828125 0.9190149999999999 0.46494464999999996 0.9788738734375 0.48093463593749997 1 0.5602699624999999 1
2 0.0457292921875 1 0.051659778125 0.9823943312500001 0.053506273437499995 0.9366195078124999 0.036901106249999996 0.8978878171875 0.009225829687500001 0.8732401765625 0 0.8721396125 0 1 0.0457292921875 1
2 0.0830258296875 0.61267528125 0.07933505468749999 0.651409190625 0.07933505468749999 0.7535202109375 0.0830258296875 0.7816905281250001 0.1051660515625 0.80633816875 0.1402206640625 0.8098586265625001 0.1974177125 0.7852109859375 0.23247232499999998 0.749999753125 0.24538671562499997 0.7253521125 0.252768265625 0.67605683125 0.2472332109375 0.595070775 0.23616310000000001 0.5528164078125 0.21771143906249998 0.5211278515625 0.1697424359375 0.4859144015625 0.138376384375 0.4859144015625 0.11254538750000001 0.5105642609375 0.094095940625 0.5598595421875 0.0830258296875 0.61267528125
1 0.6512922515625 0.8661970421875 0.6512922515625 0.8873242250000001 0.6586715859375001 0.9225354578125 0.6771210328125 0.9471830984375 0.7011077484375 0.93309905 0.710331365625 0.9084514078125 0.708487084375 0.8661970421875 0.6937262 0.83802894375 0.6845025828125 0.830985809375 0.6586715859375001 0.8415494015625 0.6512922515625 0.8661970421875
1 0.669741696875 0.0633796125 0.6605158671875 0.0774658796875 0.6771210328125 0.11267711250000001 0.6863468640625 0.11267711250000001 0.6918819187499999 0.08450679531250001 0.68819114375 0.0669022890625 0.669741696875 0.0633796125
1 0.837637546875 1 0.8357933578125 0.9788738734375 0.8191881921874999 0.9542262328125 0.7970479703125 0.9612671484374999 0.791512915625 0.992957921875 0.7939725828124999 1 0.837637546875 1
1 0.7785985234374999 0.6901408796874999 0.7675284140625 0.686620421875 0.756458303125 0.700704471875 0.7546118078124999 0.7253521125 0.7601468640625 0.7359157046875 0.77306346875 0.7394361625 0.787822140625 0.7218316546875 0.789668634375 0.7077453874999999 0.7785985234374999 0.6901408796874999
1 0.8228789671875001 0.27112655 0.8025830265625 0.2746470078125 0.7970479703125 0.3028173234375 0.80442730625 0.33802855625 0.8118088562500001 0.345069471875 0.8247232468749999 0.3415490140625 0.84686346875 0.3098582390625 0.8450191874999999 0.288733275 0.8228789671875001 0.27112655
1 0.8745387453125 0.007041196875 0.8708479703125 2.8125e-7 0.84317269375 0.0035207390625 0.8413284140625 0.04577510625 0.8505542437500001 0.052816021874999994 0.872694465625 0.0281683796875 0.8745387453125 0.007041196875
1 0.9317335796874999 0.3838033796875 0.9188191874999999 0.3732397890625 0.905904796875 0.376760246875 0.902214021875 0.39436697187499997 0.9095933578125001 0.4190146125 0.9243542437500001 0.4190146125 0.9335800734375 0.40845102187500004 0.9317335796874999 0.3838033796875
1 0.8505542437500001 0.6056343656250001 0.8450191874999999 0.6232388734375001 0.8413284140625 0.7077453874999999 0.8450191874999999 0.714788521875 0.8616243546875 0.7183089781249999 0.872694465625 0.6725341546875 0.8892996312499999 0.637322921875 0.907749078125 0.61267528125 0.907749078125 0.5915503171875 0.902214021875 0.580986725 0.88560885625 0.580986725 0.8505542437500001 0.6056343656250001
1 0.8487077484375 0.8169017609375 0.8542428046874999 0.8345062671875001 0.867159409375 0.8485925359375001 0.8800738000000001 0.8450698593749999 0.8892996312499999 0.80633816875 0.8782295203125001 0.7852109859375 0.8597778593750001 0.7816905281250001 0.8487077484375 0.7922541203125 0.8487077484375 0.8169017609375
1 0.9095933578125001 0.9154923234375 0.9151284140625 0.926055915625 0.9261985234375001 0.9295763734375001 0.942803690625 0.9119718656250001 0.940959409375 0.8978878171875 0.92804501875 0.876760634375 0.9151284140625 0.8732401765625 0.911439853125 0.8802810921875001 0.9095933578125001 0.9154923234375
1 1 0.0183094296875 0.9963099625 0.014084331250000002 0.985239853125 0.0176047890625 0.9833955718749999 0.04577510625 0.9889306265625001 0.052816021874999994 1 0.0497985140625 1 0.0183094296875
1 1 0.22247158437499998 0.99815424375 0.22183126718750001 0.9926191875000001 0.2288721828125 0.9907749078125001 0.2535220421875 1 0.2887304578125 1 0.22247158437499998
1 0.7596854000000001 0 0.7546118078124999 0.0035207390625 0.7416974171875 0.03169105625 0.7452022140625 0.0380287671875 0.75073726875 0.044013767187500004 0.7675284140625 0.04577510625 0.8007387453125 0.024647921875 0.8025830265625 0.007041196875 0.7979706531249999 0 0.7596854000000001 0
1 0.830258303125 0.070422746875 0.8062737999999999 0.070422746875 0.7970479703125 0.0809863375 0.7970479703125 0.11267711250000001 0.8025830265625 0.11971802812500001 0.8321025828125 0.11971802812500001 0.8376376390625 0.11267711250000001 0.8376376390625 0.08450679531250001 0.830258303125 0.070422746875
1 0.8173439109375 0.5246483093750001 0.8025830265625 0.5281687671874999 0.7970479703125 0.5457754921875 0.7988922515625 0.56338 0.8118088562500001 0.57746405 0.8228789671875001 0.5739435921875 0.828414021875 0.5598595421875 0.828414021875 0.5352119015625 0.8173439109375 0.5246483093750001
1 0.9438582640625001 1 0.9483387453125 0.992957921875 0.9483387453125 0.9788738734375 0.9151284140625 0.9647898234375001 0.8874531359375 0.9894374640624999 0.8856090406250001 1 0.9438582640625001 1
5 0.744039853125 0.0317598234375 0.7304789671874999 0.033028696875 0.7311431734375 0.0399653515625 0.74501845 0.038696478125 0.744039853125 0.0317598234375
2 0.282104059375 0.7732387671875001 0.2988929890625 0.7781700703125 0.37822804374999996 0.795774578125 0.3828420671875 0.7926046125 0.37822804374999996 0.7359157046875 0.3708487078125 0.7183089781249999 0.34317343125 0.6936613375 0.3118073796875 0.6971840140625 0.2952022140625 0.7183089781249999 0.2859785984375 0.7429588375 0.282104059375 0.7732387671875001
4 0.75429963125 0.2328163375 0.750996309375 0.050140739062499995 0.4861062734375 0.498944753125 0.5958664203125 0.498944753125 0.6998346859375 0.3902808453125 0.75429963125 0.2328163375
3 0 0.7057337 0.0036907750000000003 0.7112680640625 0.012914390625 0.7112680640625 0.0239845015625 0.651409190625 0.0018442796875 0.637322921875 0 0.637322921875 0 0.7057337
1 0.0701114390625 0.0211274640625 0.0719557203125 0.049295564062500005 0.08118155 0.0669022890625 0.09225166093750001 0.0633796125 0.095940221875 0.03169105625 0.0885608859375 0.014084331250000002 0.07564649375 0.0105638734375 0.0701114390625 0.0211274640625
3 0.2195579328125 0.8661970421875 0.19557121718749998 0.8908446828125 0.18265682656249999 0.926055915625 0.18081254687499998 0.975351196875 0.23247232499999998 0.9612671484374999 0.23062804374999998 0.8697174999999999 0.2195579328125 0.8661970421875
1 0.254612546875 0.1267611625 0.249077490625 0.1161975703125 0.23431660468749999 0.11971802812500001 0.23431660468749999 0.15492926093749998 0.254612546875 0.14436566875 0.254612546875 0.1267611625
1 0.3357940953125 0.57746405 0.3247239859375 0.5915503171875 0.3210332109375 0.6091548234374999 0.328412546875 0.62676155 0.3505527671875 0.62676155 0.3542435421875 0.5985912328125 0.3505527671875 0.5845071828124999 0.3357940953125 0.57746405
1 0.27490848749999997 0.8169017609375 0.2638383765625 0.83802894375 0.2638383765625 0.8697174999999999 0.26937343125 0.8802810921875001 0.28782287812499996 0.8802810921875001 0.2933579328125 0.8661970421875 0.2933579328125 0.8450698593749999 0.28413210312500004 0.8204222187499999 0.27490848749999997 0.8169017609375
1 0.330259040625 0.8204222187499999 0.313653875 0.8274653515624999 0.30442804375 0.8485925359375001 0.30442804375 0.8838037671875 0.3191889296875 0.8908446828125 0.33948265625 0.8802810921875001 0.34686420625 0.862676584375 0.34317343125 0.8345062671875001 0.330259040625 0.8204222187499999
1 0.3985239859375 0.813381303125 0.3929889296875 0.8239426765625 0.4149453875 0.8714788375 0.439113653125 0.926055915625 0.4446487078125 0.9154923234375 0.440960146875 0.8485925359375001 0.4317343171875 0.8345062671875001 0.3985239859375 0.813381303125
1 0.3837631 0.5211278515625 0.3800745390625 0.531689225 0.3745394828125 0.651409190625 0.3800745390625 0.6654932390625 0.3966797046875 0.6654932390625 0.40036826562499994 0.6549296484375 0.4059033203125 0.531689225 0.40036826562499994 0.5211278515625 0.3837631 0.5211278515625
1 0.41697343125 0.2676060921875 0.4059033203125 0.27112655 0.3985239859375 0.288733275 0.3985239859375 0.3028173234375 0.4151291515625 0.3028173234375 0.42250848750000003 0.2746470078125 0.41697343125 0.2676060921875
1 0.4132848703125 0.1866200359375 0.4059033203125 0.1971836265625 0.40221475937499995 0.22535172499999997 0.4059033203125 0.23239485937499998 0.42435498125000004 0.2288721828125 0.42619926250000006 0.20774721875000002 0.42066420625 0.1901404921875 0.4132848703125 0.1866200359375
1 0.407749815625 0.13028162031249998 0.4059033203125 0.14436566875 0.4095940953125 0.15492926093749998 0.42804354218749996 0.15492926093749998 0.42619926250000006 0.133802078125 0.41697343125 0.1267611625 0.407749815625 0.13028162031249998
1 0.47232408281250005 0 0.4723239859375 2.8125e-7 0.47417047968750003 0.042252429687499996 0.4870848703125 0.042252429687499996 0.5364762046875 0 0.47232408281250005 0
1 0.477859040625 0.17605644375 0.479705534375 0.200704084375 0.5036900375 0.2676060921875 0.5147601468749999 0.2676060921875 0.523985978125 0.24647890781249998 0.523985978125 0.2288721828125 0.518450921875 0.21126767656249998 0.4963107015625 0.1725359859375 0.477859040625 0.17605644375
1 0.4999992625 0.5598595421875 0.461253875 0.5598595421875 0.45203025781250006 0.5669004578125 0.45203025781250006 0.6302820078125 0.45756531406249995 0.6408455984375 0.5092250921875 0.6338024640625 0.5110693734375 0.5739435921875 0.4999992625 0.5598595421875
1 0.669741696875 0.36971933125 0.6586715859375001 0.3732397890625 0.6420664203124999 0.39436697187499997 0.6512922515625 0.4225350703125 0.6605158671875 0.4225350703125 0.671585978125 0.40493056406249994 0.675276753125 0.38028070468749997 0.669741696875 0.36971933125
1 0.5535055343749999 0.46830989375 0.53874465 0.46830989375 0.5350560890625 0.47535302812499997 0.53690036875 0.49295753593749997 0.5516612546874999 0.50000066875 0.5608848703125 0.48943707812500004 0.5535055343749999 0.46830989375