1 1 0.3428577734375 0.994444778125 0.3445385796875 0.98611155625 0.3571438828125 0.9888886109374999 0.4075630171875 0.994444778125 0.41596724375000005 1 0.41596724375000005 1 0.3428577734375
1 1 0.7899181296875 0.98333244375 0.8109243953125 0.9777783328125 0.9201689656250001 1 0.964985453125 1 0.7899181296875
1 0 0.7917167093749999 0.00555605625 0.785713790625 0.0166663328125 0.7521010343750001 0.0111101671875 0.7184882765625 0 0.7226893109375 0 0.7917167093749999
1 0.11726071406250001 0 0.11388794375 0.0084027140625 0.1083338328125 0.046218621875 0.13611055625 0.050419696874999996 0.152777 0.042017546875 0.180555778125 0.0042016390625 0.181423846875 0 0.11726071406250001 0
1 0.15833316718749998 0.6218490078125 0.125000278125 0.61344478125 0.0972215 0.6386553859374999 0.086111221875 0.6806723703124999 0.10000061093749998 0.6974787484375 0.13611055625 0.693277671875 0.16944344375 0.6722681421875001 0.17222255625 0.6512606890625 0.15833316718749998 0.6218490078125
1 0.1277773328125 0.18907595 0.1472228890625 0.23109293281249998 0.17222255625 0.2478993109375 0.20555544375 0.2521003859375 0.233334221875 0.2352940078125 0.24722155625000003 0.21008340312499998 0.25277772187499997 0.1386547390625 0.2388883328125 0.09243668125 0.2194448328125 0.067226075 0.17222255625 0.063025 0.152777 0.07983137812499999 0.13055644375 0.1218483609375 0.1277773328125 0.18907595
1 0.6555556109375 0.1302525875 0.6666658890625 0.1512600421875 0.697221721875 0.172269571875 0.716667278125 0.16806642031250002 0.7138881671874999 0.1302525875 0.6944446671875 0.09663775625 0.669445 0.09243668125 0.6583326671874999 0.10504198281249999 0.6555556109375 0.1302525875
5 0.051666278125 0.3480256390625 0.0105551671875 0.3419751765625 0.0105551671875 0.36319226875 0.050667278125000006 0.3723105125 0.051666278125 0.3480256390625
1 0.47777677812499997 0.8529413781249999 0.46388944375 0.86974775625 0.458333278125 0.9117647390625001 0.46944355625 0.93277219375 0.49166616718749995 0.9369753453125 0.5083326109375 0.915965815625 0.511111721875 0.8739488312500001 0.4999993890625 0.857142453125 0.47777677812499997 0.8529413781249999
1 0.3249996671875 0.54621926875 0.35277844375 0.5672267234375 0.37222194375 0.6050426296875 0.3805551671875 0.592437328125 0.3805551671875 0.5336139656250001 0.363888721875 0.499999134375 0.347222278125 0.4873959078125 0.30277705625 0.4915969828125 0.2777773890625 0.5336139656250001 0.2777773890625 0.5588224953125 0.3249996671875 0.54621926875
1 0.3194435 0.9663870250000001 0.3555555 0.9621838734375 0.383334278125 0.983193403125 0.40277777812500004 0.983193403125 0.4055548328125 0.9621838734375 0.3972216109375 0.915965815625 0.3694448890625 0.8613435296875 0.33333288906249997 0.836135 0.3055561671875 0.8319318484375 0.2944438328125 0.840336075 0.2861106109375 0.86554668125 0.2861106109375 0.9033605124999999 0.2944438328125 0.9369753453125 0.3194435 0.9663870250000001
1 0.6000001109374999 0.26890676406249997 0.5638881109375 0.26890676406249997 0.530555221875 0.3109237484375 0.522222 0.3739502609375 0.5277781671875 0.3865555625 0.54166755625 0.3865555625 0.5777775 0.3613449578125 0.59444394375 0.3613449578125 0.6388891671875 0.3781513359375 0.641666221875 0.3319332765625 0.6277768328125 0.2941173703125 0.6000001109374999 0.26890676406249997
1 0.7833330562499999 0.11344620937500001 0.780556 0.147058965625 0.7944453890625 0.16806642031250002 0.8138888890624999 0.16806642031250002 0.8305553328125 0.1512600421875 0.8305553328125 0.1302525875 0.7999995 0.09663775625 0.7833330562499999 0.11344620937500001
1 0.7555563328125 0.3277301265625 0.7972224437500001 0.35294073125000003 0.8222221109375001 0.3865555625 0.8583341109375 0.3823524125 0.8694443890624999 0.35294073125000003 0.8694443890624999 0.3277301265625 0.8611111671874999 0.28991629375 0.847221778125 0.2647056890625 0.8249991671875 0.2478993109375 0.788889221875 0.2478993109375 0.76388955625 0.273109915625 0.752777221875 0.306722671875 0.7555563328125 0.3277301265625
1 0.7944453890625 0.4873959078125 0.7944453890625 0.499999134375 0.8138888890624999 0.5420161171875 0.844444721875 0.5546214203125001 0.8500008890625 0.5336139656250001 0.847221778125 0.49579805937500004 0.8333323890625 0.46218530312499995 0.81944505625 0.45798422656250004 0.7944453890625 0.4873959078125
1 0.680555278125 0.6806723703124999 0.680555278125 0.7016798234375 0.7000008328125 0.726890428125 0.744444 0.7352946546875 0.7500001671875001 0.689076596875 0.7250004999999999 0.6554617640625 0.697221721875 0.6554617640625 0.680555278125 0.6806723703124999
1 0.045832843750000005 1 0.0666656671875 0.9579827984374999 0.0638886109375 0.93277219375 0.052778332812499995 0.9243700421875 0.033332778125000004 0.9285711171875001 0.0083331109375 0.9495806468750001 0 0.963986428125 0 1 0.045832843750000005 1
1 0.35277844375 0.3151268984375 0.327778778125 0.3109237484375 0.308333221875 0.3277301265625 0.30277705625 0.3571438828125 0.3055561671875 0.365546034375 0.35277844375 0.365546034375 0.363888721875 0.3571438828125 0.363888721875 0.3277301265625 0.35277844375 0.3151268984375
1 0.396031621875 0 0.39444455624999997 0.0084027140625 0.40277777812500004 0.016806940625 0.4250003890625 0.016806940625 0.43888977812499996 0.0042016390625 0.4652749921875 0 0.396031621875 0