2 0 0.8985153890625 0.006920415625 0.9051948046874999 0.0268159171875 0.9155844156249999 0.032871971875 0.9155844156249999 0.0441183390625 0.9090909093749999 0.060552940624999996 0.8857142859374999 0.06920415156250001 0.8662337656249999 0.0709335640625 0.8493506500000001 0.0596892734375 0.835064934375 0.0588235296875 0.8168831171875001 0.054498962500000005 0.80649350625 0.05363321875 0.784415584375 0.0570941171875 0.746753246875 0.038928028125 0.6623376624999999 0.032871971875 0.6480519484375 0.02335709375 0.635064934375 0.014705882812500001 0.6298701296875 0.0025958484375 0.628571428125 0 0.6306697609375 0 0.8985153890625
1 0.17301038124999998 0.4831168828125 0.1652249140625 0.4831168828125 0.1609003453125 0.4883116890625 0.155710034375 0.5103896109375 0.157439446875 0.5389610390625 0.1643591703125 0.553246753125 0.16954948125 0.5571428578125001 0.1903107265625 0.5558441562499999 0.23010380625 0.540259740625 0.2508650515625 0.5259740265625 0.2681653984375 0.50649350625 0.2724920421875 0.4883116890625 0.2724920421875 0.4766233765625 0.2698968859375 0.46493506562500003 0.2595162625 0.446753246875 0.24999930781250002 0.43766233750000005 0.2326989625 0.4259740265625 0.22318408281250002 0.4272727265625 0.213667128125 0.446753246875 0.1989619375 0.466233765625 0.1946373703125 0.46753246718749997 0.186851903125 0.4766233765625 0.17301038124999998 0.4831168828125
1 0.4411771625 0.27272727343750003 0.44896262968749995 0.259740259375 0.45242145312500004 0.24415584375 0.453287196875 0.2103896109375 0.44377231874999995 0.1896103890625 0.43771626250000006 0.16363636406249998 0.43858200625 0.1298701296875 0.4351211078125 0.1259740265625 0.42214532812499994 0.1259740265625 0.40570864999999995 0.133766234375 0.3858131484375 0.1584415578125 0.37456678125 0.1831168828125 0.37456678125 0.2051948046875 0.37975709375 0.2298701296875 0.3884083046875 0.24155844218750003 0.41695501718749994 0.26883116875 0.4342553640625 0.275324675 0.4411771625 0.27272727343750003
1 0.9740477515625001 0.48181818125 0.98096955 0.46753246718749997 0.9939453281249999 0.41818181875000004 0.994808996875 0.3922077921875 0.989618684375 0.3610389609375 0.98096955 0.3389610390625 0.9628034609375 0.3129870125 0.95155709375 0.3116883109375 0.9221446359375 0.34155844218750003 0.8935979234375001 0.3857142859375 0.8901391000000001 0.39480519531249997 0.8884076125 0.41688311718750004 0.8935979234375001 0.43636363593749994 0.8987882359375 0.446753246875 0.9230103812499999 0.475324675 0.9368519031250001 0.4831168828125 0.9636671281250001 0.4870129875 0.9740477515625001 0.48181818125
1 0.829584775 0.14935065 0.8399653984375 0.135064934375 0.8460214531249999 0.11818181875 0.848616609375 0.10259740312500001 0.848616609375 0.077922078125 0.842560553125 0.05974025937500001 0.83045051875 0.053246753125000004 0.814879584375 0.0571428578125 0.8079577859375 0.0623376625 0.7915231828125 0.0857142859375 0.7846013843749999 0.11298701250000001 0.785467128125 0.1298701296875 0.7915231828125 0.1415584421875 0.8079577859375 0.15584415625 0.8157432531250001 0.1584415578125 0.829584775 0.14935065
1 0.9764098140625 1 0.9753806234375 0.988571428125 0.9600961937499999 0.9618057140625 0.9499044984375 0.9694545453125001 0.9363245671874999 0.9847542859375 0.9329354234375 1 0.9764098140625 1
1 0.8784123421875 1 0.8788927328125 0.9870129875 0.8728366781249999 0.95064935 0.86072664375 0.9259740265625 0.8494802765625 0.9155844156249999 0.8365044984375001 0.9129870125 0.829584775 0.9181818187499999 0.8140138406249999 0.953246753125 0.8070941171875001 0.9831168828125 0.8048449828124999 1 0.8784123421875 1
1 0.91544186875 1 0.92128096875 0.9883116890625001 0.9290664359375 0.953246753125 0.9256055359375001 0.9428571421875 0.908305190625 0.94415584375 0.8987882359375 0.95064935 0.8953294125 0.98051948125 0.8987143968750001 1 0.91544186875 1
1 0.935120415625 0.9116883109374999 0.9342567468749999 0.8961038968749999 0.9316615921875 0.8870129875 0.9247397921875 0.8766233765625 0.9160906578124999 0.8727272734374999 0.9065737031250001 0.8740259734375 0.8961930796875001 0.884415584375 0.8935979234375001 0.890909090625 0.89100276875 0.9129870125 0.89100276875 0.9298701296875 0.8944636671874999 0.94415584375 0.903114878125 0.94415584375 0.9238761249999999 0.9298701296875 0.9333910031249999 0.91948051875 0.935120415625 0.9116883109374999
1 0.6682522484375 1 0.6730096890625 0.997402596875 0.6877169546874999 0.9792207796874999 0.6903121109375 0.964935065625 0.7006927328125 0.9376623374999999 0.7032878890625 0.9246753249999999 0.7032878890625 0.9051948046874999 0.7006927328125 0.8987012984374999 0.693770934375 0.8961038968749999 0.6816609 0.8987012984374999 0.6704145328125 0.9077922078125 0.647923875 0.9415584421875 0.6427335640625 0.9545454546875 0.636677509375 0.9831168828125 0.636677509375 0.9883116890625001 0.6401384078125 0.996103896875 0.6541522484375 1 0.6682522484375 1
1 0.6343718 1 0.635813840625 0.99350649375 0.635813840625 0.98051948125 0.6392726640624999 0.9636363640625 0.6444629749999999 0.95064935 0.647923875 0.9259740265625 0.6496532875 0.8987012984374999 0.6461944640625 0.8922077921874999 0.6392726640624999 0.8922077921874999 0.621106575 0.9090909093749999 0.604671971875 0.9350649343749999 0.59429135 0.964935065625 0.5925598609375 0.9753246750000001 0.5925598609375 1 0.6343718 1
1 0.5795840828125 0.8142857140625 0.5769889265625 0.8272727265625001 0.5778546718750001 0.8428571421875001 0.58477439375 0.84415584375 0.5951550171875 0.824675325 0.6081307953125 0.80649350625 0.609862284375 0.7896103890624999 0.605535640625 0.78051948125 0.5968865046875 0.777922078125 0.58996470625 0.7831168828124999 0.5795840828125 0.8142857140625
1 0.2993079578125 1 0.307958478125 0.9818181812500001 0.334775778125 0.9363636359375 0.3762982703125 0.8727272734374999 0.3840837375 0.8558441562500001 0.3858131484375 0.84415584375 0.3840837375 0.8376623375 0.3737031140625 0.8363636359375001 0.3589958484375 0.8415584421875 0.28892664375 0.8870129875 0.2811411765625 0.8987012984374999 0.264706575 0.95064935 0.2569211078125 0.9857142859374999 0.257712803125 1 0.2993079578125 1
1 0.1591688578125 0.80649350625 0.1600346015625 0.83116883125 0.16609065781250001 0.8519480515625 0.1764712796875 0.8662337656249999 0.189447059375 0.8740259734375 0.20761314843749998 0.8727272734374999 0.23356470625 0.8415584421875 0.246540484375 0.8129870125 0.2569211078125 0.764935065625 0.2569211078125 0.7389610390625 0.2534602078125 0.7272727265625 0.24826989687499998 0.71948051875 0.23961868437499997 0.7129870125 0.23010380625 0.7116883109375001 0.2084768171875 0.722077921875 0.20501799375 0.7272727265625 0.19809619375 0.753246753125 0.184256746875 0.7766233765624999 0.173876125 0.7870129875 0.1652249140625 0.790909090625 0.16176401406250002 0.7961038968749999 0.1591688578125 0.80649350625
1 0.7058830453125 0.7259740265625 0.7214539796875 0.7428571421875 0.728373703125 0.7454545453125 0.7361591703125 0.74415584375 0.7577861593749999 0.728571428125 0.7664352937500001 0.7129870125 0.7794110734374999 0.6740259734375 0.7837377156249999 0.633766234375 0.7837377156249999 0.60649350625 0.7802768171875 0.58051948125 0.77335709375 0.559740259375 0.7664352937500001 0.5493506499999999 0.7595155703125 0.5454545453125 0.7500006921875 0.5454545453125 0.742215225 0.5493506499999999 0.7326982703125 0.559740259375 0.711937025 0.6 0.6989612453125 0.6480519484375 0.6989612453125 0.702597403125 0.7058830453125 0.7259740265625
1 0.7361591703125 0.44155844218749996 0.724912803125 0.4519480515625 0.7205882359375 0.459740259375 0.7205882359375 0.46883116874999997 0.726644290625 0.4831168828125 0.735293425 0.49740259687500005 0.74134948125 0.502597403125 0.750864359375 0.49740259687500005 0.7586498265625 0.47402597343749997 0.760381315625 0.453246753125 0.7577861593749999 0.435064934375 0.7500006921875 0.433766234375 0.7361591703125 0.44155844218749996
1 0.6894463671875 0.622077921875 0.7024221453124999 0.60649350625 0.7162636671875 0.5701298703125001 0.7214539796875 0.533766234375 0.7205882359375 0.515584415625 0.7136685125 0.5 0.7084782 0.4792207796875 0.7024221453124999 0.47142857187500004 0.6859854671875001 0.46103896093749996 0.6721460203125 0.466233765625 0.6608996546875 0.48051948125 0.651384775 0.50649350625 0.6461944640625 0.5415584421874999 0.64705813125 0.5727272734375 0.6548435984375 0.6051948046875 0.6686851218750001 0.6233766234375 0.6747411765625 0.6259740265625 0.6894463671875 0.622077921875
1 0.56314948125 0.659740259375 0.573530103125 0.6493506499999999 0.5839107265625 0.6298701296875 0.5934256062500001 0.575324675 0.59429135 0.553246753125 0.59169619375 0.5415584421874999 0.5821792390625 0.5389610390625 0.5709349484375 0.5454545453125 0.56314948125 0.553246753125 0.5544982703125 0.5701298703125001 0.5510373703125 0.5857142859375 0.540656746875 0.609090909375 0.5389273359375 0.624675325 0.540656746875 0.65064935 0.547578546875 0.6623376624999999 0.55622768125 0.6636363640625 0.56314948125 0.659740259375
1 0.4299307953125 0.5844155843750001 0.439445675 0.602597403125 0.44896262968749995 0.6038961031250001 0.455016609375 0.5987012984375 0.4948096890625 0.5207792203125 0.5397930796875 0.4519480515625 0.56314948125 0.4272727265625 0.576125259375 0.409090909375 0.5830449828125001 0.3896103890625 0.5830449828125001 0.371428571875 0.576125259375 0.35584415625 0.5709349484375 0.35064934999999997 0.56314948125 0.3480519484375 0.5242221453125 0.35064934999999997 0.46626297499999997 0.40129870156249997 0.45242145312500004 0.41948051875000003 0.4446359859375 0.440259740625 0.4333916953125 0.49740259687500005 0.42733564062499996 0.559740259375 0.4299307953125 0.5844155843750001
1 0.7326982703125 0.28571428593750003 0.728373703125 0.2766233765625 0.6998269890625 0.266233765625 0.6851218 0.264935065625 0.6773363328124999 0.27142857187499997 0.67560484375 0.27922077968750003 0.6747411765625 0.302597403125 0.6764705875 0.31818181874999996 0.6894463671875 0.359740259375 0.692041521875 0.3636363640625 0.7006927328125 0.3636363640625 0.722317646875 0.3324675328125 0.7292394468750001 0.3168831171875 0.7326982703125 0.303896103125 0.7326982703125 0.28571428593750003
1 0.6548435984375 0.203896103125 0.6583044984375 0.1363636359375 0.65051903125 0.12077922031249999 0.6159162625 0.097402596875 0.604671971875 0.09350649375 0.5986159171875001 0.09610389687500001 0.59083045 0.11298701250000001 0.5839107265625 0.1545454546875 0.58477439375 0.197402596875 0.5968865046875 0.2571428578125 0.604671971875 0.27792207812499997 0.62543321875 0.309090909375 0.635813840625 0.309090909375 0.6435993078125 0.29220779218750004 0.64878961875 0.2636363640625 0.6548435984375 0.203896103125
1 0.5025951562500001 0.0571428578125 0.512110034375 0.0701298703125 0.5198955015625 0.071428571875 0.5224906578125 0.0675324671875 0.52768096875 0.0519480515625 0.52768096875 0.0363636359375 0.5242221453125 0.029870129687500004 0.5198955015625 0.0272727265625 0.5077854671875001 0.0324675328125 0.50086574375 0.046753246875 0.5025951562500001 0.0571428578125
1 0.45168116718749995 0 0.4679923875 0.015584415625 0.47577785468749995 0.0142857140625 0.4792387546875 0.0103896109375 0.4829655578125 0 0.45168116718749995 0