1 0.4795919640625 0.5178580359375 0.4795919640625 0.4999993625 0.43877461718750005 0.4974493625 0.43877461718750005 0.5153058671874999 0.44642895468750005 0.5229602046874999 0.461735459375 0.5255102046875 0.4795919640625 0.5178580359375
1 0.5739788265625 0.3954081625 0.59948966875 0.3979581625 0.6096940046875 0.3903059953125 0.6071418375000001 0.369897321875 0.5841831625 0.36734732187499997 0.5688766578125 0.37244948906249997 0.5663266578124999 0.3877559953125 0.5739788265625 0.3954081625
1 0.8010198984375 0.67346875 0.7882655609375 0.67091875 0.76275471875 0.6811230875 0.729591709375 0.7091839281250001 0.727041709375 0.724490434375 0.7551025515625 0.7397969390625 0.780611225 0.7321426015625 0.7959177296875 0.7117339281249999 0.8010198984375 0.67346875
1 0.7397960453125 0.5612253828125 0.7653068875 0.5586732140625 0.7678568875 0.5535710453125 0.7653068875 0.535714540625 0.732143878125 0.535714540625 0.727041709375 0.540816709375 0.727041709375 0.5535710453125 0.7397960453125 0.5612253828125
1 0.7959177296875 1 0.7959177296875 0.987244515625 0.76275471875 0.977040178125 0.7500003828125 0.9795923468750001 0.7462897578125001 1 0.7959177296875 1
1 0.6734700250000001 0.6913274234375 0.6658156890625 0.67857091875 0.630102678125 0.6836730875 0.632652678125 0.7015295921875 0.645409184375 0.7040817609375 0.6658156890625 0.7015295921875 0.6734700250000001 0.6913274234375
1 0.456633290625 0.489795025 0.46938762812499996 0.49489719374999996 0.4795919640625 0.47193852031250005 0.4770397953125 0.4387755109375 0.461735459375 0.4183668375 0.43112244843749997 0.42346900468750004 0.43622461718750005 0.45152984687500003 0.456633290625 0.489795025
1 0.43877461718750005 0.8265316328125 0.45918329062499996 0.8239794640625 0.4719397953125 0.811225128125 0.46938762812499996 0.8010207906250001 0.4285724484375 0.8010207906250001 0.42347028125 0.8061229593749999 0.42602028125 0.8214294640625001 0.43877461718750005 0.8265316328125
1 0.7857133921874999 0.7780621171875 0.8112242343749999 0.7806121171875 0.8188785718749999 0.7755099484375 0.8214285718750001 0.7627556125 0.8163264031249999 0.755101275 0.780611225 0.755101275 0.778061225 0.7653056125 0.7857133921874999 0.7780621171875
1 0.1709183671875 0.7193882656249999 0.193877040625 0.7015295921875 0.20153137812500002 0.6836730875 0.20153137812500002 0.6556122453125 0.18367270468750002 0.635203571875 0.1709183671875 0.635203571875 0.14795969375 0.6479600765625 0.13010102031249998 0.6862252546875001 0.13010102031249998 0.7015295921875 0.1403053578125 0.716836096875 0.1709183671875 0.7193882656249999
1 0 0.7040834625 0.007653315625 0.716836096875 0.025509821874999998 0.721938265625 0.056122831250000005 0.7091839281250001 0.061224999999999995 0.6964295921875 0.0535706625 0.6811230875 0.0535706625 0.6607144125 0.0408163265625 0.6479600765625 0.0306119890625 0.627551403125 0.010203315625 0.627551403125 0 0.6530596937500001 0 0.7040834625
1 0.6581635203125 0.15816275468750002 0.637754846875 0.188775765625 0.642857015625 0.20408227031249998 0.6760200249999999 0.2117344390625 0.716837371875 0.2091844390625 0.7551025515625 0.186223596875 0.77295905625 0.16581709218750001 0.7882655609375 0.13520408125 0.7933677296874999 0.099488903125 0.7882655609375 0.0688780609375 0.7653068875 0.0280607140625 0.7525503828125 0.0331628828125 0.7117352046875001 0.094386734375 0.6581635203125 0.15816275468750002
1 0.41698583906250003 0 0.41326594375000003 0.017856378125 0.36989859687500004 0.05357155625 0.3596942609375 0.0688780609375 0.3596942609375 0.10969323906249999 0.3928572703125 0.14795841875 0.41836811249999994 0.16326492343750001 0.44132678593749997 0.16581709218750001 0.464285459375 0.1556127546875 0.5204071421875 0.07142806093750001 0.5442171703125 0 0.41698583906250003 0
1 0.4209181125 0.6122448984375 0.4056116078125 0.635203571875 0.4056116078125 0.6887752546875 0.4209181125 0.721938265625 0.454081121875 0.76020344375 0.49489846875000004 0.7653056125 0.512754975 0.75765344375 0.5331636484375 0.7372447703125 0.538265815625 0.727040434375 0.5331636484375 0.7015295921875 0.4923463015625 0.6632644125 0.49744846875000004 0.6403057390625 0.49489846875000004 0.619897065625 0.46938762812499996 0.5994905609375001 0.4438767859375 0.5994905609375001 0.4209181125 0.6122448984375
1 0.724489540625 0.2066322703125 0.7117352046875001 0.2117344390625 0.6683678578125 0.26275612187499997 0.6530613515625 0.265306121875 0.632652678125 0.280612628125 0.630102678125 0.30612346874999996 0.6505091843749999 0.3367343109375 0.68112219375 0.352040815625 0.7117352046875001 0.352040815625 0.729591709375 0.3443886484375 0.7500003828125 0.32142780625 0.7653068875 0.2908169640625 0.7678568875 0.2602039546875 0.7576525515625 0.23214311250000003 0.7372438781249999 0.2091844390625 0.724489540625 0.2066322703125
1 0.32908125 0.2168366078125 0.3367355875 0.24744961718749997 0.3469377546875 0.25765395468749996 0.364796428125 0.265306121875 0.44132678593749997 0.270408290625 0.45918329062499996 0.25765395468749996 0.461735459375 0.221938775 0.4438767859375 0.178571428125 0.3622442609375 0.1301019125 0.3392855875 0.1301019125 0.3137747453125 0.14285625 0.3061225765625 0.15816275468750002 0.3061225765625 0.17346926093749998 0.32908125 0.2168366078125
1 0.272959565625 0.461734184375 0.2551030609375 0.5102036984375 0.2244900515625 0.535714540625 0.20663354531250003 0.5637753828125 0.2168357140625 0.589286225 0.247448725 0.619897065625 0.280611734375 0.635203571875 0.2984704078125 0.635203571875 0.3188769125 0.6249992343749999 0.3418377546875 0.591836225 0.3494899234375 0.5178580359375 0.3418377546875 0.489795025 0.32142908124999997 0.461734184375 0.3035704078125 0.45408201562499995 0.283163903125 0.45408201562499995 0.272959565625 0.461734184375
1 0 0.1198975765625 0.025509821874999998 0.1198975765625 0.10714234687499999 0.1275519125 0.112244515625 0.1224497453125 0.10714234687499999 0.099488903125 0.0867336734375 0.0739802296875 0.007653315625 0.0280607140625 0 0.020407398437499998 0 0.1198975765625
1 0.9362241078125001 0 0.9362241078125001 0.007652040625 0.9719392859375 0.0688780609375 0.9872457906250001 0.084184565625 1 0.08928668437500001 1 0 0.9362241078125001 0
1 0.8035720656249999 0.14795841875 0.8214285718750001 0.178571428125 0.8698980875 0.2168366078125 0.897958928125 0.22448877500000003 0.9438784437500001 0.221938775 0.9515306125 0.2142866078125 0.9489806125 0.191325765625 0.900511096875 0.1147954078125 0.8367350765625 0.0382650515625 0.8239785718749999 0.0331628828125 0.8137764031250001 0.0357150515625 0.7984698984375 0.07142806093750001 0.7959177296875 0.10969323906249999 0.8035720656249999 0.14795841875
1 0.543367984375 0.7474491078125001 0.543367984375 0.7729599484375 0.5612244890625 0.7882642859375 0.6224483421875 0.8214294640625001 0.6556113515625 0.8724489796875 0.68112219375 0.8749989796875 0.69387653125 0.8698989796875001 0.724489540625 0.8341838015624999 0.7397960453125 0.798468621875 0.7423460453125 0.7627556125 0.7346938781250001 0.7423469390624999 0.69387653125 0.724490434375 0.630102678125 0.7091839281250001 0.5892853312499999 0.7091839281250001 0.5663266578124999 0.721938265625 0.543367984375 0.7474491078125001
1 0.46938762812499996 0.982142346875 0.49744846875000004 0.9795923468750001 0.5025506375 0.974490178125 0.5025506375 0.9489793375 0.4770397953125 0.900509821875 0.44132678593749997 0.8596946421875 0.41326594375000003 0.8545924749999999 0.4005094390625 0.885203315625 0.4005094390625 0.9132663265625001 0.41326594375000003 0.9489793375 0.43112244843749997 0.9668358421875001 0.46938762812499996 0.982142346875
1 0.5586744890625 0.5229602046874999 0.5586744890625 0.538264540625 0.58673533125 0.58418405625 0.5892853312499999 0.627551403125 0.5969396687499999 0.6403057390625 0.6122440046875 0.6479600765625 0.67857219375 0.6428579078125 0.68877653125 0.635203571875 0.68877653125 0.6096948984375 0.6505091843749999 0.540816709375 0.637754846875 0.489795025 0.6275505109374999 0.47704068906249997 0.6071418375000001 0.47704068906249997 0.5714288265625 0.4999993625 0.5586744890625 0.5229602046874999
1 0 0.498979403125 0.0025511484375000002 0.50255153125 0.015305484375000001 0.5076536984375 0.0484684953125 0.50255153125 0.06632716875 0.487245025 0.08928584218749999 0.4387755109375 0.10969451562500002 0.41326466875 0.11479668437499999 0.3826538265625 0.10204017812499999 0.369897321875 0.063775 0.349490815625 0 0.33438516093750004 0 0.498979403125
1 0.8781515078125001 1 0.8750002546875001 0.9923466843750001 0.86479591875 0.982142346875 0.8443872453125 0.982142346875 0.8341834921875 1 0.8781515078125001 1
1 0.6250005109375001 0.938775 0.630102678125 0.9056119890625001 0.6147961734375 0.8801011484375 0.58673533125 0.8775511484375 0.543367984375 0.9056119890625001 0.5255093109375 0.938775 0.5306114796875 0.9693880109374999 0.551020153125 0.9795923468750001 0.5637744890625 0.9795923468750001 0.6250005109375001 0.938775
1 0.4374996078125 1 0.43877461718750005 0.9923466843750001 0.42347028125 0.9642858421874999 0.41071377499999995 0.9591836734375001 0.4030616078125 0.9795923468750001 0.4030616078125 1 0.4374996078125 1
1 0.3823641765625 1 0.36734642812499996 0.900509821875 0.36734642812499996 0.8622446421875001 0.35714209218750004 0.8520403062499999 0.3367355875 0.8520403062499999 0.32908125 0.8647968109375 0.32908125 0.9030619890624999 0.3367355875 0.93367283125 0.3443877546875 0.938775 0.3494899234375 0.9540815046875 0.3422405 1 0.3823641765625 1
1 0.0918358421875 0.982142346875 0.10204017812499999 0.9617336734374999 0.10204017812499999 0.938775 0.0765315046875 0.8749989796875 0.05867283125 0.8724489796875 0.0510206625 0.8622446421875001 0.0357141578125 0.8596946421875 0.0306119890625 0.8647968109375 0.0408163265625 0.8749989796875 0.07397933749999999 0.9693880109374999 0.0841836734375 0.982142346875 0.0918358421875 0.982142346875
1 0 0.7827988953125 0.015305484375000001 0.7857142859375 0.05867283125 0.7653056125 0.0714293375 0.7499991078125 0.0790815046875 0.724490434375 0.08928584218749999 0.7193882656249999 0.07397933749999999 0.7193882656249999 0.0382663265625 0.7321426015625 0 0.75429643125 0 0.7827988953125
1 0.0918358421875 0.7321426015625 0.0816336734375 0.7653056125 0.0816336734375 0.7933664546875 0.08928584218749999 0.8010207906250001 0.10969451562500002 0.803570790625 0.11989885156249999 0.7933664546875 0.11989885156249999 0.7780621171875 0.10714234687499999 0.7397969390625 0.0918358421875 0.7321426015625
1 0.2168088015625 1 0.1643113515625 0.887653571875 0.1583678578125 0.934362371875 0.1822198984375 0.9920149234375 0.20054210156250002 1 0.2168088015625 1
1 0.11461670937499999 0.9562238515624999 0.123572065625 0.9631886484375001 0.13152997500000002 0.9621933671875 0.13650420937500002 0.9492850765625 0.13152997500000002 0.9383413265625 0.12257678593750002 0.9383413265625 0.1156119890625 0.9443108421874999 0.11461670937499999 0.9562238515624999
1 0.154386734375 1 0.154386734375 0.9999489796875001 0.1484193875 0.9870406890625001 0.13650420937500002 0.98903125 0.1285463015625 0.9969891578125001 0.1295535765625 1 0.154386734375 1
1 0.0748727046875 0.8578580359375 0.0828306125 0.8687757656249999 0.0907906890625 0.8697710453124999 0.094745790625 0.86380153125 0.095738903125 0.8578580359375 0.0838258921875 0.8469142859375 0.0748727046875 0.8508932390625 0.0748727046875 0.8578580359375
1 0 0.9183663265625001 0.015305484375000001 0.9183663265625001 0.017857653125 0.892857653125 0 0.8705355875 0 0.9183663265625001
1 0.2984704078125 0.8061229593749999 0.275509565625 0.811225128125 0.25255089218750004 0.8443881375 0.2500008921875 0.8724489796875 0.2653052296875 0.93367283125 0.278061734375 0.9311228312500001 0.2984704078125 0.9056119890625001 0.30867257656249997 0.811225128125 0.2984704078125 0.8061229593749999
1 0.7066330359374999 0.8775511484375 0.68877653125 0.8954076531249999 0.6632656890625 0.9107141578125001 0.6530613515625 0.9234684953125001 0.6530613515625 0.93367283125 0.6658156890625 0.9515315046874999 0.69387653125 0.9693880109374999 0.7346938781250001 0.9795923468750001 0.7448982140625 0.974490178125 0.7551025515625 0.9489793375 0.7602047187500001 0.9030619890624999 0.7500003828125 0.8698989796875001 0.732143878125 0.8571424750000001 0.7091830359375 0.8673468109375 0.7066330359374999 0.8775511484375
1 0.85204158125 0.9056119890625001 0.8316329078125 0.892857653125 0.808674234375 0.8954076531249999 0.8035720656249999 0.9107141578125001 0.8221940046875 0.9257647953125 0.837754209375 0.9321419640625 0.8443872453125 0.938775 0.85459158125 0.9464293375 0.8596937499999999 0.9158163265624999 0.85204158125 0.9056119890625001
1 0.9081632656249999 0.9795923468750001 0.9260197703124999 0.9642858421874999 0.9209176015624999 0.938775 0.919386734375 0.9359691328125 0.90995 0.9283169640625 0.9040823984375 0.9234684953125001 0.8852045921875 0.9183663265625001 0.86479591875 0.9438771687499999 0.8698980875 0.9668358421875001 0.8928567609375 0.9795923468750001 0.9081632656249999 0.9795923468750001
1 1 0.9187316687499999 0.9693871171874999 0.8749989796875 0.9438784437500001 0.8571424750000001 0.903061096875 0.8571424750000001 0.897958928125 0.8647968109375 0.900511096875 0.900509821875 0.9209176015624999 0.9438771687499999 0.9642849484375 0.977040178125 0.9846936218750001 0.982142346875 1 0.9764032671875 1 0.9187316687499999
1 0.4897963015625 0.803570790625 0.4923463015625 0.8188772953125 0.510204975 0.8290816328125 0.5229593109375 0.8290816328125 0.538265815625 0.798468621875 0.538265815625 0.7831642859375 0.5229593109375 0.7831642859375 0.4897963015625 0.803570790625
1 0.32142908124999997 0.8061229593749999 0.364796428125 0.76785778125 0.372448596875 0.755101275 0.372448596875 0.7423469390624999 0.3545920921875 0.721938265625 0.3392855875 0.7193882656249999 0.285713903125 0.7653056125 0.280611734375 0.7806121171875 0.2933682390625 0.798468621875 0.3061225765625 0.8061229593749999 0.32142908124999997 0.8061229593749999
1 0.2627552296875 0.8061229593749999 0.275509565625 0.7448969390625 0.2602030609375 0.727040434375 0.23979655625000001 0.7346947703125 0.204081378125 0.7627556125 0.188774871875 0.7831642859375 0.191327040625 0.803570790625 0.2244900515625 0.8290816328125 0.2500008921875 0.8265316328125 0.2627552296875 0.8061229593749999
1 0.1326531890625 0.6071427296875 0.11479668437499999 0.6045927296875 0.0765315046875 0.617347065625 0.05867283125 0.627551403125 0.05867283125 0.6479600765625 0.06632716875 0.6530622453125 0.0841836734375 0.6505100765625 0.1250010203125 0.6249992343749999 0.1326531890625 0.6071427296875
1 0.244898725 0.6581622453125 0.2627552296875 0.6581622453125 0.283163903125 0.6479600765625 0.280611734375 0.6403057390625 0.23979655625000001 0.619897065625 0.2270400515625 0.627551403125 0.23214221875000002 0.6505100765625 0.244898725 0.6581622453125
1 0.285713903125 0.6530622453125 0.283163903125 0.6836730875 0.3010204078125 0.7066317609375 0.32908125 0.7117339281249999 0.3545920921875 0.6964295921875 0.35714209218750004 0.67857091875 0.3163269125 0.6505100765625 0.29591823906250003 0.6454079078125 0.285713903125 0.6530622453125
1 0.43877461718750005 0.7474491078125001 0.3928572703125 0.6862252546875001 0.377550765625 0.6836730875 0.36734642812499996 0.6938774234375 0.364796428125 0.7066317609375 0.3928572703125 0.755101275 0.4056116078125 0.76785778125 0.43112244843749997 0.76785778125 0.43877461718750005 0.76020344375 0.43877461718750005 0.7474491078125001
1 0.7397960453125 0.67346875 0.716837371875 0.67346875 0.7015308671875 0.6811230875 0.6862243625 0.6964295921875 0.6836743625 0.7117339281249999 0.7015308671875 0.714286096875 0.719387371875 0.7091839281250001 0.7397960453125 0.6862252546875001 0.7397960453125 0.67346875
1 0.8443872453125 0.76020344375 0.8596937499999999 0.75765344375 0.85714375 0.752551275 0.8775502546875 0.727040434375 0.8903067609375 0.6964295921875 0.8877545921875001 0.67091875 0.86224591875 0.6530622453125 0.8469394125 0.6581622453125 0.8265307390625001 0.6989795921875 0.8061220656250001 0.724490434375 0.8112242343749999 0.7372447703125 0.8443872453125 0.76020344375
1 1 0.5983993421875 0.9846936218750001 0.5612253828125 0.95918278125 0.543366709375 0.9438784437500001 0.5510210453125 0.9183676015625 0.6581622453125 0.9260197703124999 0.6938774234375 0.9438784437500001 0.727040434375 0.9566327812500001 0.724490434375 1 0.653732778125 1 0.5983993421875
1 0.9209176015624999 0.5637753828125 0.897958928125 0.540816709375 0.8852045921875 0.535714540625 0.8750002546875001 0.540816709375 0.85459158125 0.6147948984375 0.8596937499999999 0.635203571875 0.8852045921875 0.627551403125 0.913265434375 0.6071427296875 0.9260197703124999 0.589286225 0.9209176015624999 0.5637753828125
1 0.716837371875 0.6556122453125 0.732143878125 0.6581622453125 0.7423460453125 0.67091875 0.7423460453125 0.6607144125 0.7653068875 0.6454079078125 0.77295905625 0.6249992343749999 0.7653068875 0.591836225 0.7346938781250001 0.5637753828125 0.7142852046875 0.5637753828125 0.68877653125 0.58418405625 0.6862243625 0.6147948984375 0.69132653125 0.6301014031250001 0.716837371875 0.6556122453125
1 0.551020153125 0.67602091875 0.5637744890625 0.67091875 0.5841831625 0.622449234375 0.5816331625 0.6045927296875 0.5663266578124999 0.5969383921875 0.548470153125 0.5994905609375001 0.5280614796875 0.619897065625 0.5331636484375 0.635203571875 0.5229593109375 0.6505100765625 0.5229593109375 0.6607144125 0.551020153125 0.67602091875
1 0.2193878828125 0.5127558671875 0.2091835453125 0.5127558671875 0.1811227046875 0.5280602046875 0.1785705359375 0.545918878125 0.188774871875 0.5561232140625 0.20153137812500002 0.5586732140625 0.2244900515625 0.540816709375 0.2270400515625 0.5204080359375001 0.2193878828125 0.5127558671875
1 0.0918358421875 0.5280602046875 0.07397933749999999 0.540816709375 0.07397933749999999 0.5561232140625 0.08928584218749999 0.57652971875 0.10714234687499999 0.57652971875 0.1224488515625 0.5637753828125 0.1250010203125 0.543366709375 0.11479668437499999 0.5280602046875 0.0918358421875 0.5280602046875
1 0.2500008921875 0.47704068906249997 0.23979655625000001 0.4668363515625 0.1760205359375 0.44642767812499995 0.15816403125 0.44642767812499995 0.1326531890625 0.461734184375 0.13775535781249998 0.47449068906249997 0.204081378125 0.4974493625 0.22959221875 0.5178580359375 0.23979655625000001 0.5178580359375 0.2500008921875 0.5076536984375 0.2500008921875 0.47704068906249997
1 0.33163341874999996 0.47449068906249997 0.3443877546875 0.487245025 0.3596942609375 0.48469285781250004 0.364796428125 0.461734184375 0.3520399234375 0.44387767812499995 0.32653125 0.44387767812499995 0.32397908124999997 0.459184184375 0.33163341874999996 0.47449068906249997
1 0.4846941328125 0.4413255109375 0.4795919640625 0.44642767812499995 0.4821419640625 0.47959285781250005 0.5076528062500001 0.5127558671875 0.5306114796875 0.5127558671875 0.5331636484375 0.4974493625 0.5229593109375 0.47449068906249997 0.5000006375 0.4413255109375 0.4846941328125 0.4413255109375
1 0.5331636484375 0.50510153125 0.5280614796875 0.548468878125 0.540815815625 0.5586732140625 0.556122321875 0.548468878125 0.5637744890625 0.4999993625 0.556122321875 0.49489719374999996 0.540815815625 0.49489719374999996 0.5331636484375 0.50510153125
1 0.50510280625 0.548468878125 0.49744846875000004 0.5586732140625 0.49744846875000004 0.57397971875 0.512754975 0.589286225 0.538265815625 0.58673405625 0.548470153125 0.57652971875 0.548470153125 0.5612253828125 0.5153071421875 0.545918878125 0.50510280625 0.548468878125
1 0.721939540625 0.50510153125 0.69387653125 0.50510153125 0.6632656890625 0.535714540625 0.6632656890625 0.5637753828125 0.67857219375 0.5790818875 0.6989786984374999 0.5790818875 0.719387371875 0.5561232140625 0.729591709375 0.533162371875 0.721939540625 0.50510153125
1 0.7933677296874999 0.5561232140625 0.76275471875 0.5637753828125 0.7602047187500001 0.58418405625 0.7678568875 0.5943883921875 0.7857133921874999 0.5994905609375001 0.7959177296875 0.591836225 0.8035720656249999 0.5790818875 0.8035720656249999 0.5612253828125 0.7933677296874999 0.5561232140625
1 1 0.42439711406249997 0.9821436218749999 0.4260211734375 0.9209176015624999 0.45152984687500003 0.8826524234375 0.489795025 0.8801024234374999 0.5153058671874999 0.8954089281250001 0.5255102046875 0.95918278125 0.5204080359375001 0.9974479593750001 0.49234719374999997 1 0.49161808437500004 1 0.42439711406249997
1 1 0.341141084375 0.9795914546875 0.33928647968750003 0.95918278125 0.3443886484375 0.9540806125 0.354590815625 0.9540806125 0.3852038265625 0.9693871171874999 0.41071466875 0.9846936218750001 0.4081625 0.9872457906250001 0.37244948906249997 1 0.3611118796875 1 0.341141084375
1 0.8316329078125 0.42091900468750004 0.8316329078125 0.4362255109375 0.8596937499999999 0.45152984687500003 0.8852045921875 0.44642767812499995 0.900511096875 0.4362255109375 0.900511096875 0.4260211734375 0.8928567609375 0.4183668375 0.8367350765625 0.4158168375 0.8316329078125 0.42091900468750004
1 0.7678568875 0.2142866078125 0.77040905625 0.2857147953125 0.7653068875 0.3137756375 0.77040905625 0.3443886484375 0.7678568875 0.3801016578125 0.76275471875 0.3852038265625 0.7678568875 0.3954081625 0.7678568875 0.4387755109375 0.778061225 0.44642767812499995 0.8061220656250001 0.44642767812499995 0.8239785718749999 0.43367334218750003 0.8290807390625 0.29336696406249996 0.8239785718749999 0.23979528125 0.8163264031249999 0.2117344390625 0.775511225 0.2066322703125 0.7678568875 0.2142866078125
1 0.9540806125 0.30612346874999996 0.9209176015624999 0.30612346874999996 0.9081632656249999 0.3137756375 0.9081632656249999 0.32142780625 0.9234697703125001 0.3367343109375 0.941326275 0.3443886484375 0.9744892859375 0.34183647968750003 0.9923479593750001 0.32142780625 0.9795914546875 0.31122346875 0.9540806125 0.30612346874999996
1 0.7576525515625 0.3826538265625 0.7397960453125 0.3877559953125 0.7117352046875001 0.42346900468750004 0.719387371875 0.4362255109375 0.7397960453125 0.44642767812499995 0.7551025515625 0.44642767812499995 0.7653068875 0.43367334218750003 0.7653068875 0.3928581625 0.7576525515625 0.3826538265625
1 0.6862243625 0.354590815625 0.6760200249999999 0.37244948906249997 0.68112219375 0.4056125 0.69387653125 0.4158168375 0.719387371875 0.41326466875 0.7397960453125 0.3903059953125 0.7372438781249999 0.37244948906249997 0.719387371875 0.354590815625 0.6862243625 0.354590815625
1 0.7117352046875001 0.4285711734375 0.69387653125 0.4285711734375 0.68877653125 0.43367334218750003 0.68877653125 0.44642767812499995 0.6964286984375 0.459184184375 0.732143878125 0.48214285781250005 0.7474482140625 0.47449068906249997 0.7474482140625 0.459184184375 0.7397960453125 0.44642767812499995 0.7117352046875001 0.4285711734375
1 0.6173461734375 0.461734184375 0.6505091843749999 0.461734184375 0.6581635203125 0.44642767812499995 0.6581635203125 0.4183668375 0.647959184375 0.41326466875 0.6071418375000001 0.4158168375 0.6096940046875 0.45408201562499995 0.6173461734375 0.461734184375
1 0.6198983421875 0.369897321875 0.632652678125 0.3877559953125 0.645409184375 0.3877559953125 0.6581635203125 0.3749994890625 0.6581635203125 0.352040815625 0.6505091843749999 0.3443886484375 0.6198983421875 0.35714298437499997 0.6198983421875 0.369897321875
1 0.551020153125 0.4081625 0.538265815625 0.42091900468750004 0.5331636484375 0.47193852031250005 0.540815815625 0.49234719374999997 0.5586744890625 0.49489719374999996 0.5739788265625 0.47193852031250005 0.5739788265625 0.4285711734375 0.5688766578125 0.41326466875 0.551020153125 0.4081625
1 0.464285459375 0.3801016578125 0.456633290625 0.3877559953125 0.456633290625 0.4056125 0.46938762812499996 0.4260211734375 0.4897963015625 0.4362255109375 0.50510280625 0.4362255109375 0.512754975 0.4260211734375 0.510204975 0.3979581625 0.464285459375 0.3801016578125
1 0.3596942609375 0.4387755109375 0.377550765625 0.4285711734375 0.3877551015625 0.41326466875 0.3877551015625 0.3903059953125 0.380102934375 0.3826538265625 0.3443877546875 0.3801016578125 0.32397908124999997 0.3852038265625 0.3137747453125 0.3979581625 0.3163269125 0.43112334218750004 0.33418341875 0.44387767812499995 0.3596942609375 0.4387755109375
1 0.0867336734375 0.29336696406249996 0.08928584218749999 0.31122346875 0.10714234687499999 0.3341843109375 0.1250010203125 0.3341843109375 0.14285752499999999 0.31887780625 0.14285752499999999 0.30867346875 0.1224488515625 0.29336696406249996 0.10204017812499999 0.28826479531250004 0.0867336734375 0.29336696406249996
1 0 0.32827622968750003 0.015305484375000001 0.3290821421875 0.028061989062499997 0.32142780625 0.025509821874999998 0.29591913281250004 0 0.262559878125 0 0.32827622968750003
1 0 0.1855857140625 0.017857653125 0.2168366078125 0.05867283125 0.22704094375 0.0765315046875 0.2142866078125 0.0765315046875 0.193877934375 0.05867283125 0.17346926093749998 0.022959821875 0.15816275468750002 0.007653315625 0.15816275468750002 0 0.16390355625 0 0.1855857140625
1 0.4770397953125 0.2499996171875 0.43367244843749997 0.270408290625 0.4285724484375 0.2857147953125 0.43877461718750005 0.31122346875 0.44897895468750004 0.3163256375 0.46683762812499996 0.3137756375 0.4872441328125 0.28316262812500004 0.4897963015625 0.26275612187499997 0.4770397953125 0.2499996171875
1 0.6224483421875 0.278060459375 0.6198983421875 0.24744961718749997 0.5790809953125 0.2448974484375 0.5714288265625 0.2551017859375 0.5739788265625 0.2857147953125 0.6122440046875 0.2908169640625 0.6224483421875 0.278060459375
1 0.6862243625 0.22448877500000003 0.6836743625 0.2142866078125 0.6556113515625 0.2066322703125 0.6224483421875 0.186223596875 0.6096940046875 0.188775765625 0.6071418375000001 0.2168366078125 0.6173461734375 0.23979528125 0.630102678125 0.2525517859375 0.6505091843749999 0.2551017859375 0.67857219375 0.23979528125 0.6862243625 0.22448877500000003
1 0.7908155609375 0.1505105875 0.77295905625 0.17346926093749998 0.77295905625 0.193877934375 0.7831633921875001 0.20408227031249998 0.8112242343749999 0.2066322703125 0.8188785718749999 0.191325765625 0.8188785718749999 0.176021428125 0.8010198984375 0.1505105875 0.7908155609375 0.1505105875
1 0.8392850765625001 0.22704094375 0.8265307390625001 0.23979528125 0.8265307390625001 0.275510459375 0.8443872453125 0.2984691328125 0.8673459187500001 0.3035713015625 0.8877545921875001 0.2908169640625 0.8903067609375 0.2602039546875 0.8724480874999999 0.23469311249999997 0.8392850765625001 0.22704094375
1 1 0.2611610890625 0.9846936218750001 0.23724528125000002 0.9642849484375 0.2168366078125 0.9540806125 0.2168366078125 0.9515306125 0.23979528125 0.95918278125 0.267856121875 0.9872457906250001 0.3137756375 1 0.3201534203125 1 0.2611610890625
1 0.16071403125 0.13265408125 0.117346684375 0.1249997453125 0.10204017812499999 0.13775408125 0.1224488515625 0.1530605875 0.15816403125 0.1505105875 0.16836836718749998 0.14030625000000002 0.16071403125 0.13265408125
1 0.1785705359375 0.0816323984375 0.1734683671875 0.1198975765625 0.1811227046875 0.14285625 0.193877040625 0.1556127546875 0.2193878828125 0.15816275468750002 0.2346943875 0.13520408125 0.22959221875 0.10969323906249999 0.198979209375 0.0816323984375 0.1785705359375 0.0816323984375
1 0.10969451562500002 0 0.10969451562500002 0.025510714062500002 0.1250010203125 0.0484693875 0.16836836718749998 0.07653022968749999 0.186224871875 0.07653022968749999 0.188774871875 0.06122372499999999 0.1632661984375 0.012754209375 0.1473217421875 0 0.10969451562500002 0
1 0.4872441328125 0.15816275468750002 0.4719397953125 0.15816275468750002 0.44897895468750004 0.1709192609375 0.451531121875 0.193877934375 0.461735459375 0.2168366078125 0.46938762812499996 0.2168366078125 0.4897963015625 0.193877934375 0.4923463015625 0.16581709218750001 0.4872441328125 0.15816275468750002
1 0.5765309953125 0.14540841875 0.5765309953125 0.1275519125 0.5586744890625 0.11734757656249999 0.548470153125 0.1275519125 0.545917984375 0.14285625 0.5612244890625 0.1530605875 0.5765309953125 0.14540841875
1 0.5969396687499999 0.089286734375 0.59948966875 0.07653022968749999 0.5841831625 0.0510193875 0.553572321875 0.0510193875 0.5255093109375 0.0688780609375 0.5229593109375 0.10459107187500001 0.5357136484375 0.1224497453125 0.548470153125 0.1224497453125 0.5739788265625 0.099488903125 0.5969396687499999 0.089286734375
1 0.5739788031249999 0 0.5688766578125 0.0280607140625 0.5790809953125 0.0484693875 0.6096940046875 0.05357155625 0.630102678125 0.0306128828125 0.637754846875 0.002552040625 0.6366613375 0 0.5739788031249999 0
1 0.6736814796874999 0 0.647959184375 0.05612155625 0.5892853312499999 0.13775408125 0.5918375 0.14540841875 0.5739788265625 0.16581709218750001 0.5663266578124999 0.188775765625 0.5739788265625 0.2091844390625 0.5892853312499999 0.2091844390625 0.6122440046875 0.181121428125 0.6607135203125 0.084184565625 0.7117352046875001 0.007652040625 0.7117352046875001 0 0.6736814796874999 0
1 0.26247956562499997 0 0.2982405609375 0.0292858421875 0.333877678125 0.030534821875 0.332218878125 0.0247192609375 0.30271905625 0 0.26247956562499997 0
1 0.3197963015625 0.0694635203125 0.32558584218750003 0.0479338015625 0.3181375 0.0421182390625 0.30405612187500003 0.0421182390625 0.277959821875 0.096403315625 0.27711632656249996 0.107984565625 0.289541071875 0.1233170921875 0.302397321875 0.10301033125 0.31316326562499996 0.0893366078125 0.3197963015625 0.0694635203125
1 0.2005691578125 0 0.1984176015625 0.0135456625 0.21499910781249998 0.03798533125 0.2336232140625 0.0541331625 0.2415052296875 0.0495926015625 0.23900510156250002 0.0309446421875 0.229082653125 0.01107155625 0.2193136328125 0 0.2005691578125 0
1 0.49744846875000004 0.29336696406249996 0.4795919640625 0.31887780625 0.46938762812499996 0.3469386484375 0.46683762812499996 0.36734732187499997 0.4795919640625 0.3826538265625 0.50510280625 0.3903059953125 0.545917984375 0.3903059953125 0.5637744890625 0.3826538265625 0.5765309953125 0.349490815625 0.5714288265625 0.3035713015625 0.556122321875 0.280612628125 0.538265815625 0.275510459375 0.5178571421875 0.278060459375 0.49744846875000004 0.29336696406249996
4 0.21733349999999999 1 0.095738903125 0.721862371875 0 0.7557945515625 0 0.8789266046875 0.0507995203125 1 0.21733349999999999 1
4 0.16163232968750002 0 0.2725258921875 0.14448903125 0.334337371875 0.0249491078125 0.3143189265625 0 0.16163232968750002 0
4 1 0.10054254843749999 0.981402040625 0.0826536984375 0.8742608421875 0.070307015625 1 0.2695297625 1 0.10054254843749999
1 0.9362241078125001 0.8214294640625001 0.9438784437500001 0.7933664546875 0.941326275 0.7627556125 0.9234697703125001 0.7448969390625 0.8903067609375 0.7372447703125 0.8750002546875001 0.75765344375 0.8750002546875001 0.8086729593750001 0.8928567609375 0.8290816328125 0.905613265625 0.8341838015624999 0.9260197703124999 0.8316316328125 0.9362241078125001 0.8214294640625001
1 0.7602047187500001 0.8290816328125 0.7678568875 0.8341838015624999 0.7857133921874999 0.8290816328125 0.7984698984375 0.8010207906250001 0.778061225 0.7806121171875 0.7525503828125 0.7780621171875 0.7474482140625 0.7959186218750001 0.7602047187500001 0.8290816328125
1 0.364796428125 0.8290816328125 0.382652934375 0.8316316328125 0.4056116078125 0.803570790625 0.42347028125 0.7933664546875 0.42347028125 0.7780621171875 0.3979594390625 0.7729599484375 0.3596942609375 0.7806121171875 0.3469377546875 0.7933664546875 0.3367355875 0.8418359687500001 0.3469377546875 0.8443881375 0.364796428125 0.8290816328125
1 0.41071377499999995 0.5102036984375 0.4005094390625 0.50510153125 0.380102934375 0.5102036984375 0.3520399234375 0.5510210453125 0.3622442609375 0.57652971875 0.3877551015625 0.589286225 0.43112244843749997 0.5816318875 0.43622461718750005 0.57652971875 0.43367244843749997 0.538264540625 0.41071377499999995 0.5102036984375
1 0.7602047187500001 0.50510153125 0.76275471875 0.5178580359375 0.8010198984375 0.548468878125 0.8443872453125 0.5663275515625 0.8596937499999999 0.5612253828125 0.85714375 0.5204080359375001 0.8367350765625 0.489795025 0.7857133921874999 0.49489719374999996 0.7602047187500001 0.50510153125
1 0.44132678593749997 0.34183647968750003 0.44132678593749997 0.323979975 0.41581594375 0.28316262812500004 0.380102934375 0.2908169640625 0.3392855875 0.32142780625 0.3469377546875 0.3469386484375 0.364796428125 0.36734732187499997 0.3903051015625 0.3826538265625 0.41836811249999994 0.3775516578125 0.44132678593749997 0.34183647968750003
1 0.8877545921875001 0.23979528125 0.8877545921875001 0.25765395468749996 0.903061096875 0.278060459375 0.9311219390625001 0.280612628125 0.9540806125 0.26275612187499997 0.9540806125 0.23724528125000002 0.94642844375 0.22959094375000003 0.897958928125 0.22959094375000003 0.8877545921875001 0.23979528125
1 0.813776484375 0 0.8367350765625 0.0357150515625 0.8750002546875001 0.0510193875 0.9234697703125001 0.04336721875 0.9311219390625001 0.0357150515625 0.9321728546875001 0 0.813776484375 0
5 0.7091830359375 0.7091839281250001 0.7040808671875001 0.724490434375 0.719387371875 0.727040434375 0.719387371875 0.7091839281250001 0.7091830359375 0.7091839281250001
5 0.5306114796875 0.589286225 0.512754975 0.589286225 0.512754975 0.6020405609374999 0.5280614796875 0.6020405609374999 0.5306114796875 0.589286225
5 0.3061225765625 0.724490434375 0.32142908124999997 0.7295926015624999 0.32653125 0.721938265625 0.32397908124999997 0.7117339281249999 0.30867257656249997 0.7117339281249999 0.3061225765625 0.724490434375
5 0.50510280625 0.8290816328125 0.5076528062500001 0.8443881375 0.5229593109375 0.8418359687500001 0.5229593109375 0.8290816328125 0.50510280625 0.8290816328125
5 0.24234655625 0.8443881375 0.244898725 0.8265316328125 0.22959221875 0.8265316328125 0.2244900515625 0.8316316328125 0.2270400515625 0.8418359687500001 0.2346943875 0.8469381374999999 0.24234655625 0.8443881375
5 0.015305484375000001 0.2015301015625 0.012755484375 0.2142866078125 0.028061989062499997 0.219388775 0.0306119890625 0.20408227031249998 0.015305484375000001 0.2015301015625
5 0.3852051015625 0.58673405625 0.382652934375 0.6045927296875 0.3979594390625 0.6045927296875 0.4005094390625 0.591836225 0.3852051015625 0.58673405625
5 0.10714234687499999 0.3443886484375 0.112244515625 0.352040815625 0.1250010203125 0.352040815625 0.1275510203125 0.3367343109375 0.10969451562500002 0.3341843109375 0.10714234687499999 0.3443886484375
5 0.104592346875 0.57397971875 0.08928584218749999 0.5790818875 0.0918358421875 0.5943883921875 0.10714234687499999 0.589286225 0.104592346875 0.57397971875
5 0.778061225 0.6020405609374999 0.775511225 0.617347065625 0.7882655609375 0.619897065625 0.7908155609375 0.6045927296875 0.778061225 0.6020405609374999
5 0.36989859687500004 0.8418359687500001 0.377550765625 0.8469381374999999 0.3877551015625 0.8443881375 0.3903051015625 0.8316316328125 0.375000765625 0.8265316328125 0.36989859687500004 0.8418359687500001
1 1 0.156567503125 0.9719891578125001 0.200994515625 1 0.19176958125000002 1 0.156567503125
2 0.30867257656249997 0.188775765625 0.2933682390625 0.16326492343750001 0.25765306093749996 0.14030625000000002 0.23214221875000002 0.14540841875 0.2219378828125 0.16836709218749998 0.1811227046875 0.2117344390625 0.15816403125 0.2499996171875 0.14795969375 0.3341843109375 0.1352031890625 0.354590815625 0.1275510203125 0.3954081625 0.1403053578125 0.4260211734375 0.1658161984375 0.44387767812499995 0.196429209375 0.4413255109375 0.2168357140625 0.45408201562499995 0.2500008921875 0.45152984687500003 0.283163903125 0.4260211734375 0.2984704078125 0.3954081625 0.290816071875 0.3137756375 0.30867257656249997 0.188775765625
1 0.905613265625 0.41071466875 0.9311219390625001 0.3826538265625 0.9311219390625001 0.354590815625 0.905613265625 0.3341843109375 0.8698980875 0.3341843109375 0.8596937499999999 0.34183647968750003 0.8596937499999999 0.362245153125 0.8698980875 0.3801016578125 0.8724480874999999 0.40306033125 0.8826524234375 0.41326466875 0.905613265625 0.41071466875
1 0.8061220656250001 0.4693885203125 0.8035720656249999 0.456632015625 0.7831633921875001 0.45408201562499995 0.778061225 0.4642863515625 0.780611225 0.47704068906249997 0.8010198984375 0.47959285781250005 0.8061220656250001 0.4693885203125
1 0.5280614796875 0.1122454078125 0.50510280625 0.1122454078125 0.4897963015625 0.1275519125 0.4897963015625 0.1556127546875 0.49489846875000004 0.16581709218750001 0.5255093109375 0.191325765625 0.551020153125 0.188775765625 0.556122321875 0.16836709218749998 0.5357136484375 0.11734757656249999 0.5280614796875 0.1122454078125
1 0.8010198984375 0.6377557390625 0.8316329078125 0.635203571875 0.8265307390625001 0.6122448984375 0.8035720656249999 0.6122448984375 0.7984698984375 0.617347065625 0.8010198984375 0.6377557390625
1 0.86479591875 0.803570790625 0.85714375 0.798468621875 0.8392850765625001 0.8010207906250001 0.8392850765625001 0.8188772953125 0.8443872453125 0.8239794640625 0.86224591875 0.8239794640625 0.86479591875 0.803570790625
1 0.010203315625 0.589286225 0.0306119890625 0.5994905609375001 0.0408163265625 0.591836225 0.0433663265625 0.5790818875 0.0306119890625 0.5688775515625 0.020407653125 0.5688775515625 0.012755484375 0.57397971875 0.010203315625 0.589286225
1 0.4795919640625 0.5714275515625 0.4770397953125 0.5510210453125 0.451531121875 0.5535710453125 0.451531121875 0.5663275515625 0.45918329062499996 0.57652971875 0.4744897953125 0.57652971875 0.4795919640625 0.5714275515625
1 0.244898725 0.984694515625 0.2551030609375 0.989796684375 0.2704073984375 0.987244515625 0.275509565625 0.9642858421874999 0.2678573984375 0.9591836734375001 0.247448725 0.9617336734374999 0.24234655625 0.974490178125 0.244898725 0.984694515625
1 0.6071418375000001 0.36734732187499997 0.6122440046875 0.349490815625 0.5918375 0.34183647968750003 0.5841831625 0.349490815625 0.58673533125 0.364795153125 0.5969396687499999 0.369897321875 0.6071418375000001 0.36734732187499997
1 0.1352031890625 0.8392859687499999 0.1250010203125 0.8290816328125 0.11479668437499999 0.8290816328125 0.10969451562500002 0.8341838015624999 0.112244515625 0.8494903062500001 0.1326531890625 0.8571424750000001 0.1352031890625 0.8392859687499999
1 0.3418377546875 0.6326535718749999 0.3418377546875 0.6530622453125 0.372448596875 0.6530622453125 0.372448596875 0.6326535718749999 0.3418377546875 0.6326535718749999
1 0.5025506375 0.887755484375 0.5255093109375 0.890305484375 0.5306114796875 0.885203315625 0.5306114796875 0.8698989796875001 0.50510280625 0.8647968109375 0.5025506375 0.887755484375
1 0.1275510203125 0.5178580359375 0.1530618625 0.5229602046874999 0.16071403125 0.5102036984375 0.15816403125 0.4974493625 0.1530618625 0.49234719374999997 0.1326531890625 0.49234719374999997 0.1275510203125 0.4974493625 0.1275510203125 0.5178580359375
1 0.7117352046875001 0.48214285781250005 0.7066330359374999 0.47704068906249997 0.6862243625 0.47959285781250005 0.6862243625 0.50255153125 0.7015308671875 0.50510153125 0.7117352046875001 0.4999993625 0.7117352046875001 0.48214285781250005
1 0.4030616078125 0.4081625 0.4209181125 0.41071466875 0.42602028125 0.4056125 0.42602028125 0.3852038265625 0.4005094390625 0.3852038265625 0.4030616078125 0.4081625
1 0.7448982140625 0.3826538265625 0.7602047187500001 0.3826538265625 0.7653068875 0.3775516578125 0.7653068875 0.364795153125 0.7423460453125 0.3443886484375 0.727041709375 0.3469386484375 0.724489540625 0.35969298437499997 0.7448982140625 0.3826538265625
1 0.68112219375 0.48214285781250005 0.6709178578125 0.47704068906249997 0.640307015625 0.47959285781250005 0.640307015625 0.4974493625 0.645409184375 0.50255153125 0.68112219375 0.4999993625 0.68112219375 0.48214285781250005
1 0.13010102031249998 0.4693885203125 0.08928584218749999 0.4668363515625 0.0816336734375 0.47704068906249997 0.08928584218749999 0.49234719374999997 0.1224488515625 0.49234719374999997 0.13010102031249998 0.487245025 0.13010102031249998 0.4693885203125
1 0.6096940046875 0.6581622453125 0.5892853312499999 0.6581622453125 0.5637744890625 0.67091875 0.553572321875 0.6938774234375 0.556122321875 0.7117339281249999 0.5816331625 0.7091839281250001 0.6045918375 0.6989795921875 0.6122440046875 0.6913274234375 0.6096940046875 0.6581622453125
1 0.8265307390625001 0.47959285781250005 0.8494894125 0.48469285781250004 0.8698980875 0.47959285781250005 0.86479591875 0.461734184375 0.8392850765625001 0.4413255109375 0.8239785718749999 0.44642767812499995 0.8214285718750001 0.47193852031250005 0.8265307390625001 0.47959285781250005
1 0.8392850765625001 0.4183668375 0.86224591875 0.41071466875 0.86224591875 0.3954081625 0.85459158125 0.3877559953125 0.8265307390625001 0.3877559953125 0.8214285718750001 0.3928581625 0.8265307390625001 0.4158168375 0.8392850765625001 0.4183668375
1 0.3137747453125 0.3877559953125 0.3326525515625 0.38112295937499996 0.3469377546875 0.3749994890625 0.3443877546875 0.364795153125 0.33418341875 0.35969298437499997 0.3010204078125 0.364795153125 0.3035704078125 0.3826538265625 0.3137747453125 0.3877559953125
1 0.22959221875 0.7091839281250001 0.2602030609375 0.7091839281250001 0.2678573984375 0.6964295921875 0.2653052296875 0.6862252546875001 0.2244900515625 0.6836730875 0.2193878828125 0.6887752546875 0.2193878828125 0.7015295921875 0.22959221875 0.7091839281250001