1 0.1064147234375 0.0804341515625 0.1034978140625 0.099999290625 0.08600510156249999 0.136955665625 0.08600510156249999 0.1630425171875 0.09620991250000001 0.1673903265625 0.1064147234375 0.1478251875 0.123907434375 0.1478251875 0.139941690625 0.13043395156249998 0.139941690625 0.1108688125 0.125363703125 0.0630429171875 0.116617346875 0.0630429171875 0.1064147234375 0.0804341515625
1 0.1851319234375 0.1043471 0.172012390625 0.1065210046875 0.16909548125 0.12608614375 0.172012390625 0.13260785625 0.1865881921875 0.13260785625 0.1895051015625 0.1130427171875 0.1851319234375 0.1043471
1 0.37755174999999996 0.108694909375 0.364432215625 0.1065210046875 0.35860058281249996 0.115216621875 0.357142128125 0.13260785625 0.38338119531250003 0.13260785625 0.38483965000000003 0.12173833437499999 0.37755174999999996 0.108694909375
1 0.3746348390625 0.1478251875 0.37026166250000003 0.16521642187500002 0.37026166250000003 0.17608594375 0.3746348390625 0.18043375156250002 0.3877543734375 0.1782598484375 0.39358600625 0.1695642296875 0.39067128281249996 0.1478251875 0.38338119531250003 0.1391295703125 0.3746348390625 0.1478251875
1 0.565598396875 0.1956532609375 0.5553935859375 0.1956532609375 0.545188775 0.2130444953125 0.5466472296875 0.2304357296875 0.5510204078125 0.2347835390625 0.565598396875 0.232609634375 0.5758010203125 0.2173923046875 0.5743447515625 0.20434887812500002 0.565598396875 0.1956532609375
1 0.5524788625 0.008695309375 0.5466472296875 0.021738734375 0.5466472296875 0.03260825625 0.5728862968749999 0.0413038734375 0.5728862968749999 0.0173909265625 0.565598396875 0.0065214046875 0.5524788625 0.008695309375
1 0.6239059765625 0.8934787343749999 0.6166180765625 0.9086960656249999 0.6151596203125 0.9391307265625001 0.6209912531249999 0.9565219609375 0.6341107874999999 0.95434805625 0.6428571421875 0.9391307265625001 0.6443155984375 0.9108699703124999 0.6355692421875 0.8934787343749999 0.6239059765625 0.8934787343749999
1 0.6603498546875 0.582608234375 0.648688775 0.5847821390625 0.6428571421875 0.5956516609375 0.6428571421875 0.6086950875 0.6516034984375 0.6173907046875 0.6661814875000001 0.6152168 0.6690962093749999 0.597825565625 0.6661814875000001 0.58695604375 0.6603498546875 0.582608234375
1 0.6170269671875 0.6464574171875 0.6118228859375 0.6549134265625 0.608512390625 0.67182544375 0.6184395046875 0.6696951046875 0.624111515625 0.6612390953125 0.6259919828125 0.651391178125 0.62175 0.6443488609375 0.6170269671875 0.6464574171875
1 0.654518221875 0.3913046515625 0.6516034984375 0.3956524609375 0.65014504375 0.40652198281249996 0.654518221875 0.419565409375 0.6661814875000001 0.41304369531249996 0.6676377546875 0.39782636562499996 0.6647230328125 0.3913046515625 0.654518221875 0.3913046515625
1 0.6239059765625 0.2456530609375 0.6209912531249999 0.25000087031249996 0.6195327984375 0.26956600937499997 0.6224497078125 0.2739138171875 0.6341107874999999 0.26956600937499997 0.6355692421875 0.2565225828125 0.6326523328125 0.247826965625 0.6239059765625 0.2456530609375
1 0.638483965625 0.20652278281249997 0.638483965625 0.2282618265625 0.6428571421875 0.2413052515625 0.653061953125 0.2521747734375 0.6720109328125 0.23695744375 0.6807572890625 0.22174011249999998 0.6807572890625 0.20869668749999998 0.6749278421875 0.1956532609375 0.6632645765625 0.186955465625 0.6443155984375 0.193477178125 0.638483965625 0.20652278281249997
1 0.7667645765625 0.7739139953125 0.7565597671875001 0.7847835171875001 0.75364504375 0.8065225609375 0.7565597671875001 0.8217398906250001 0.7623914 0.8239137953125001 0.7711377546875 0.808696465625 0.7769672015625 0.7847835171875001 0.7755109328125 0.7739139953125 0.7667645765625 0.7739139953125
1 0.7393731781249999 0.7224787218750001 0.7318075796875 0.7147175781249999 0.7289803203125 0.7231735875 0.7351158890625 0.7337381515625 0.7436304671875 0.7323266390625001 0.7393731781249999 0.7224787218750001
1 0.725947521875 0.4999998703125 0.7157427109375 0.4999998703125 0.7128279890625 0.5913038515625 0.7201158890625 0.6021733734375 0.741981778125 0.59347775625 0.758018221875 0.5434779562500001 0.7551013125 0.5282606265625 0.725947521875 0.4999998703125
1 0.7959183671875001 0.58695604375 0.78571355625 0.5804343296875001 0.7755109328125 0.5891299484375 0.7755109328125 0.6086950875 0.78571355625 0.610868990625 0.79300364375 0.6065211828125 0.797376821875 0.59347775625 0.7959183671875001 0.58695604375
1 0.838191690625 0.5391301484375 0.8148695328125 0.5347823390625 0.8061231781249999 0.5434779562500001 0.798833090625 0.5630430953125 0.8075794453125 0.5673909046875 0.822157434375 0.554347478125 0.8367354234375 0.5499996703125001 0.838191690625 0.5391301484375
1 0.7842572890625 0.447826165625 0.7711377546875 0.447826165625 0.7653061218749999 0.4565217828125 0.7653061218749999 0.46521739999999995 0.7769672015625 0.46521739999999995 0.7842572890625 0.447826165625
1 0.741981778125 0.3521743734375 0.7434402328124999 0.3717395125 0.7521865890625 0.3782612265625 0.7653061218749999 0.3739134171875 0.7711377546875 0.36304389531250003 0.7696793000000001 0.34347875625 0.7623914 0.3304353296875 0.74635495625 0.326087521875 0.74635495625 0.3413048515625 0.741981778125 0.3521743734375
1 0.7186596203125 0.1521729953125 0.709913265625 0.143477378125 0.677842565625 0.143477378125 0.6720109328125 0.149999090625 0.677842565625 0.1847815609375 0.6836741984375 0.193477178125 0.7040816328124999 0.1913032734375 0.7157427109375 0.18043375156250002 0.7201158890625 0.1695642296875 0.7186596203125 0.1521729953125
1 0.71428644375 0.1413034734375 0.7230327984375 0.1456512828125 0.7288622453125 0.1630425171875 0.7376086 0.17173813437500002 0.7638476671875 0.1630425171875 0.7769672015625 0.13043395156249998 0.7755109328125 0.099999290625 0.7711377546875 0.08695586562499999 0.7623914 0.0782602484375 0.75364504375 0.08260805624999999 0.749271865625 0.0739124390625 0.7405255109375 0.07608634375 0.7303206999999999 0.10217319531249999 0.7157427109375 0.12608614375 0.71428644375 0.1413034734375
1 0.9752186593750001 0.028260448437500002 0.9752186593750001 0.0173909265625 0.9591844015625 0.0173909265625 0.957725946875 0.0304343515625 0.9693870265625 0.03260825625 0.9752186593750001 0.028260448437500002
1 0.9446064140624999 0.0608690125 0.9329453359375 0.0608690125 0.9212820703125001 0.0782602484375 0.9198258015624999 0.108694909375 0.930028425 0.115216621875 0.9329453359375 0.1108688125 0.9329453359375 0.0956514828125 0.9373185124999999 0.0891297703125 0.950438046875 0.0847819609375 0.9620991249999999 0.08695586562499999 0.9635575796875001 0.0782602484375 0.9446064140624999 0.0608690125
1 0.9018804671874999 0.24602118750000002 0.897157434375 0.23756517812500003 0.8895918375 0.24319598281250002 0.8768374640625 0.2551742390625 0.8754227406249999 0.2727833 0.8820415453124999 0.2868701125 0.897157434375 0.2784141046875 0.9018804671874999 0.26221655625 0.9018804671874999 0.24602118750000002
1 0.934401603125 0.27826162656250003 0.934401603125 0.26956600937499997 0.9139941687500001 0.2717399125 0.9096209906249999 0.2847833390625 0.9110794453125 0.2891311484375 0.9212820703125001 0.2891311484375 0.930028425 0.2847833390625 0.934401603125 0.27826162656250003
1 0.93877478125 0.1391295703125 0.9475211375000001 0.16521642187500002 0.950438046875 0.186955465625 0.9533527703125 0.1891293703125 0.9606406703125 0.1782598484375 0.9650138484375 0.136955665625 0.9606406703125 0.13043395156249998 0.943147959375 0.12608614375 0.93877478125 0.1282600484375 0.93877478125 0.1391295703125
1 0.8498396500000001 0.6295214390625 0.844941690625 0.62769605625 0.8359613703125 0.631956734375 0.8286144312499999 0.634999765625 0.815947521875 0.6471958484375 0.8090094750000001 0.6551094703125 0.80737609375 0.673977565625 0.8098250734375 0.6958908703125 0.81308965 0.7123258484375 0.8204365890625 0.7239120171875 0.8347368796874999 0.7275649609375 0.8498396500000001 0.72939034375 0.86126895 0.725129665625 0.8682069968749999 0.71476114375 0.8784249265625 0.6977184296875001 0.8812827984375 0.6861518656250001 0.8816916906250001 0.6721521828125 0.8808739062500001 0.6618032656249999 0.8776093296875 0.6551094703125 0.8694314875 0.6484134953125 0.865349125 0.6429133874999999 0.862493440625 0.6362174125 0.85759548125 0.631346821875 0.8498396500000001 0.6295214390625
1 0.8882208453124999 0.7275649609375 0.8780182218749999 0.725129665625 0.8633090375 0.7275649609375 0.8535131203124999 0.7439999390625001 0.8486151609375 0.758609534375 0.8473906703124999 0.7713915703125 0.8490240531250001 0.7872384171875 0.8531042281250001 0.8000226296875 0.8616756562500001 0.8079340734375 0.8698403796875 0.8115870171875 0.8845473765625 0.8158476953125 0.9008746359375 0.8097616343749999 0.904956996875 0.8024557484375 0.908221575 0.7902836265625 0.9090371718749999 0.7732169515625 0.905363703125 0.7573918875000001 0.9008746359375 0.7452175875 0.8943432937500001 0.7336532 0.8882208453124999 0.7275649609375
1 0.9170428796874999 1 0.9198258015624999 0.9847827171875 0.9139941687500001 0.9760871 0.9008746359375 0.9673914828125 0.88921355625 0.9695653875 0.88921355625 0.980434909375 0.8972865921875 1 0.9170428796874999 1
1 0.9536436234375 1 0.9606406703125 0.9913044296875 0.9620991249999999 0.9826088125 0.9533527703125 0.9739131953125 0.943147959375 0.971739290625 0.9373185124999999 0.9760871 0.9314868796875 0.986956621875 0.9306118109374999 1 0.9536436234375 1
1 0.9606406703125 0.9369568218750001 0.9533527703125 0.9434785343750001 0.9446064140624999 0.9608697703125 0.9475211375000001 0.971739290625 0.957725946875 0.9782610046875 0.9723039359375001 0.9760871 0.9781333812499999 0.958695865625 0.9766771140625 0.9413046296875001 0.9606406703125 0.9369568218750001
3 0.922740525 0.58695604375 0.9139941687500001 0.5913038515625 0.9110794453125 0.597825565625 0.9125357140625001 0.6086950875 0.930028425 0.6152168 0.934401603125 0.6086950875 0.9358600578124999 0.5913038515625 0.9329453359375 0.58695604375 0.922740525 0.58695604375
1 0.3513126828125 0.569564809375 0.33673469375 0.610868990625 0.33673469375 0.6217385125 0.34256632656249997 0.6304341296875 0.38338119531250003 0.6304341296875 0.3877543734375 0.604347278125 0.38338119531250003 0.560869190625 0.37755174999999996 0.5456518609375001 0.365888484375 0.5434779562500001 0.3513126828125 0.569564809375
1 0.532997559375 1 0.533527696875 0.99782614375 0.52915451875 0.9673914828125 0.49854227343749996 0.921739490625 0.47959110781250003 0.9108699703124999 0.4635568515625 0.9108699703124999 0.46064212812500005 0.921739490625 0.4635568515625 0.9391307265625001 0.4839642859375 0.9760871 0.49198276406249997 1 0.532997559375 1
1 0.553663684375 1 0.5561654515625001 0.9898036093749999 0.558907434375 0.9556964000000001 0.55921355625 0.9270217734375 0.5579890671875 0.8919996953125 0.5561654515625001 0.8838268609375 0.550058309375 0.891566221875 0.5458010203125 0.910194709375 0.5439642859375 0.93795664375 0.544882653125 0.9984338781250001 0.545302484375 1 0.553663684375 1
1 0.5748484265625 1 0.5778126828125 0.9934347703125 0.580567784375 0.9638692343749999 0.57873105 0.93384844375 0.5766034984374999 0.9079358515625 0.5717208453125 0.88745584375 0.5650145765625 0.882911990625 0.55708381875 0.8888259703125 0.5595196796875 0.8965653296875 0.55921355625 0.9174788125 0.560438046875 0.9447615296875 0.55921355625 0.9693257781250001 0.5579890671875 0.98615284375 0.557436771875 1 0.5748484265625 1
1 0 0.9016308265624999 0.00874635625 0.9000004484374999 0.013119532812500001 0.8934787343749999 0.013119532812500001 0.8782614046875 0.004373178125 0.8630440734375 0 0.8630440734375 0 0.9016308265624999
1 0.2396277546875 1 0.22886370312499998 0.9739131953125 0.21865889218749998 0.9673914828125 0.20553935937499998 0.9673914828125 0.1895051015625 0.9826088125 0.1860065703125 1 0.2396277546875 1
1 0.21282725937500002 0.921739490625 0.21282725937500002 0.95434805625 0.2172004375 0.965217578125 0.22886370312499998 0.9760871 0.2463564140625 0.971739290625 0.25655903750000003 0.9565219609375 0.26239067031249996 0.9369568218750001 0.259475946875 0.9152177781249999 0.2463564140625 0.8956526390624999 0.2376100578125 0.8934787343749999 0.2230320703125 0.9021743515624999 0.21282725937500002 0.921739490625
1 0.5481056843750001 0.6891295484375 0.545188775 0.6999990703125001 0.545188775 0.743479334375 0.5597667640624999 0.7565227609375 0.5670546640625 0.7565227609375 0.5874642859375 0.743479334375 0.5845473765625 0.6956512609375001 0.5728862968749999 0.6826078343749999 0.556852040625 0.6826078343749999 0.5481056843750001 0.6891295484375
1 0.40233236093749997 0.7282598265625 0.3950444609375 0.73695544375 0.3921275515625 0.7456532390625 0.39358600625 0.758696665625 0.40816399375 0.7608705703124999 0.413993440625 0.7521749515625 0.413993440625 0.732607634375 0.4110787171875 0.7282598265625 0.40233236093749997 0.7282598265625
3 0.08600510156249999 0.676086121875 0.07725874687499999 0.6782600265625 0.0714293 0.68695564375 0.0714293 0.7021729734375 0.084548834375 0.704346878125 0.08746355624999999 0.6999990703125001 0.08600510156249999 0.676086121875
1 0 0.6471003671875 0.0014584546875 0.6478253656249999 0.0102048109375 0.6456514609374999 0.018951165625 0.6347819390625 0.021865889062499998 0.5956516609375 0.0145779890625 0.5630430953125 0.0029147234375 0.5434779562500001 0 0.5416148093750001 0 0.6471003671875
1 0.11516107812500001 0.5804343296875001 0.100583090625 0.5847821390625 0.100583090625 0.604347278125 0.1064147234375 0.6130428953125 0.1268221578125 0.6086950875 0.125363703125 0.5956516609375 0.11516107812500001 0.5804343296875001
1 0.5276960640625 0.43695664375 0.5189497078125 0.4413044515625 0.5116618078124999 0.4586956875 0.510203353125 0.4717391125 0.5233228859375 0.4717391125 0.5262397953125 0.46739130468749995 0.537900875 0.4717391125 0.5408155984375 0.4586956875 0.537900875 0.4456522609375 0.5276960640625 0.43695664375
1 0.41253717187500005 0.310870190625 0.43148615156250003 0.33695704375 0.45481049531249995 0.3521743734375 0.466471575 0.35434827812499997 0.4737616625 0.3413048515625 0.47959110781250003 0.3130440953125 0.47959110781250003 0.28260943437499997 0.4737616625 0.2586964875 0.4635568515625 0.2413052515625 0.44460568437500003 0.2304357296875 0.4271129734375 0.2304357296875 0.4154518953125 0.2391313484375 0.403790815625 0.2565225828125 0.40233236093749997 0.26521819999999996 0.403790815625 0.28695724375 0.41253717187500005 0.310870190625
1 0.3148688046875 0.2847833390625 0.325073615625 0.28695724375 0.365888484375 0.3217397125 0.38338119531250003 0.326087521875 0.38483965000000003 0.319565809375 0.380466471875 0.310870190625 0.3629737609375 0.2956528609375 0.349854228125 0.2891311484375 0.32215670625000004 0.2630442953125 0.31049562656249996 0.26521819999999996 0.31049562656249996 0.27826162656250003 0.3148688046875 0.2847833390625
1 0.2755102046875 0.28260943437499997 0.28717128281250004 0.326087521875 0.2827981046875 0.35434827812499997 0.3148688046875 0.360869990625 0.3265298828125 0.3304353296875 0.3265298828125 0.3173919046875 0.31049562656249996 0.28260943437499997 0.2915444609375 0.254348678125 0.27988338125 0.25000087031249996 0.2755102046875 0.254348678125 0.2755102046875 0.28260943437499997
1 0.180758746875 0.2173923046875 0.1676392125 0.2413052515625 0.173468659375 0.29347895625 0.180758746875 0.3086962875 0.1938782796875 0.304348478125 0.20991253593749998 0.26521819999999996 0.20845408124999998 0.2391313484375 0.20116618125 0.2130444953125 0.196793003125 0.210870590625 0.180758746875 0.2173923046875
3 0.0699708453125 0.2717399125 0.09766836718750001 0.3173919046875 0.1064147234375 0.33913094843749997 0.116617346875 0.3456526609375 0.1180758015625 0.332609234375 0.10495626875 0.232609634375 0.08017565625 0.2304357296875 0.0714293 0.2347835390625 0.0655976671875 0.24347915625 0.0655976671875 0.2586964875 0.0699708453125 0.2717399125
1 0.1180758015625 0.3586960875 0.100583090625 0.3739134171875 0.0947514578125 0.38695684375 0.100583090625 0.40434807812500007 0.1180758015625 0.40869588749999997 0.120990525 0.40434807812500007 0.12244897968749999 0.369565609375 0.1180758015625 0.3586960875
1 0.0947514578125 0.4913042515625 0.0816319234375 0.49347815625 0.08017565625 0.5021737734375 0.08309037968750001 0.510869390625 0.09620991250000001 0.5086954875 0.0947514578125 0.4913042515625
1 0.0247806125 0.34347875625 0.00874635625 0.35000047031250003 0.0072879015625 0.376087321875 0.0102048109375 0.3847829390625 0.0262390671875 0.3847829390625 0.036443878125 0.3739134171875 0.0379001453125 0.360869990625 0.0335269671875 0.34782656562500003 0.0247806125 0.34347875625
1 0.0626829453125 0.015217021875 0.0539365890625 0.0108692125 0.0466465015625 0.0195648296875 0.0466465015625 0.0456516828125 0.0655976671875 0.0347821609375 0.067056121875 0.023912639062499998 0.0626829453125 0.015217021875
1 0.01603425625 0.8326094124999999 0.0072879015625 0.8391311265624999 0.00874635625 0.858696265625 0.021865889062499998 0.886957021875 0.0335269671875 0.886957021875 0.0349854234375 0.880435309375 0.0335269671875 0.8413050296875 0.0306122453125 0.8326094124999999 0.01603425625 0.8326094124999999
1 0.8571428578125 0.84782674375 0.845481778125 0.8695657875 0.8440233234375001 0.8847831171875 0.8483965015624999 0.9021743515624999 0.8673476671874999 0.9239133953125 0.8804672015625 0.9260873000000001 0.9008746359375 0.9195655875 0.9125357140625001 0.9021743515624999 0.9198258015624999 0.880435309375 0.922740525 0.858696265625 0.918367346875 0.843478934375 0.9008746359375 0.8282616046875001 0.8717208453125 0.8326094124999999 0.8571428578125 0.84782674375
2 0.41032471406250004 1 0.40670553906249995 0.9739131953125 0.39067128281249996 0.9195655875 0.38483965000000003 0.9152177781249999 0.36734693906250004 0.9152177781249999 0.3192419828125 0.9282612046875001 0.316327259375 0.9434785343750001 0.3192419828125 0.9630436734375 0.335102515625 1 0.41032471406250004 1
0 0.13877581562500002 1 0.139941690625 0.9956522390625 0.13702696718750002 0.9630436734375 0.125363703125 0.9369568218750001 0.11953425625 0.9326090125000001 0.11224416875000001 0.9369568218750001 0.09329518906249999 0.9826088125 0.09329518906249999 1 0.13877581562500002 1
0 0.7283768765625 1 0.7332354234375 0.9956522390625 0.7361523328125 0.9847827171875 0.7346938781250001 0.9565219609375 0.7172011656249999 0.9195655875 0.70699635625 0.9260873000000001 0.6909620984375 0.9630436734375 0.6924205546875 0.986956621875 0.704914053125 1 0.7283768765625 1
1 0.5553935859375 0.38043512968750004 0.545188775 0.3847829390625 0.5364424203125 0.41086979062499995 0.5364424203125 0.4413044515625 0.545188775 0.44347835625 0.5787179296875 0.4217393125 0.581632653125 0.40869588749999997 0.577259475 0.3956524609375 0.565598396875 0.382609034375 0.5553935859375 0.38043512968750004
1 0.44169096249999995 0.565217 0.45043731718749996 0.576086521875 0.462098396875 0.582608234375 0.48104956249999997 0.5782604265625 0.4839642859375 0.5586952875 0.47959110781250003 0.53695624375 0.4708447515625 0.5304345296874999 0.453352040625 0.5304345296874999 0.44169096249999995 0.5456518609375001 0.44169096249999995 0.565217
1 0.4883374640625 0.6695644093750001 0.47230320625 0.7130424953125 0.47230320625 0.7282598265625 0.4752179296875 0.732607634375 0.517493440625 0.7282598265625 0.5218666187500001 0.7239120171875 0.5233228859375 0.7086946875 0.51457653125 0.68695564375 0.5029154515625 0.6717383124999999 0.4883374640625 0.6695644093750001
1 0.44752259531250005 0.8326094124999999 0.4387762390625 0.84782674375 0.43731778437499996 0.8565223609375 0.4431494171875 0.8695657875 0.46064212812500005 0.880435309375 0.469388484375 0.880435309375 0.4839642859375 0.8695657875 0.48979591874999995 0.8565223609375 0.476676384375 0.8217398906250001 0.46501530625000004 0.8152181781250001 0.44752259531250005 0.8326094124999999
4 0.75619460625 0.836260178125 0.813848396875 0.6145001515625 0.6560488343750001 0.6710652296874999 0.75619460625 0.836260178125
4 0.7864302671875001 0 0.766808309375 0.0759556484375 0.8686805953125001 0 0.7864302671875001 0
1 1 0.9675725500000001 0.9985430031250001 0.9673914828125 0.9766771140625 0.9847827171875 0.9728505953125 1 1 1 1 0.9675725500000001
1 0.4825080171875 0.193477178125 0.46793002968749997 0.20652278281249997 0.4635568515625 0.2152184 0.46501530625000004 0.2282618265625 0.4883374640625 0.2456530609375 0.508747084375 0.2413052515625 0.5131202625 0.232609634375 0.508747084375 0.20869668749999998 0.494169096875 0.1913032734375 0.4825080171875 0.193477178125
1 0.2492711375 0.0543473 0.24781268281250002 0.065216821875 0.253644315625 0.08695586562499999 0.268222303125 0.1108688125 0.2827981046875 0.1108688125 0.2959176390625 0.0739124390625 0.2988345484375 0.0478255875 0.29300291562499997 0.0347821609375 0.284256559375 0.0347821609375 0.2711370265625 0.0456516828125 0.2492711375 0.0543473