1 0.23035311875 0.3008124640625 0.2168027828125 0.28997379687499997 0.2059621140625 0.2926834640625 0.2059621140625 0.317072465625 0.2168027828125 0.33333246875 0.24390145312499997 0.3468828046875 0.2845524609375 0.3441731375 0.28184279375 0.33333246875 0.2493227890625 0.3062338 0.2520324546875 0.3008124640625 0.23035311875 0.3008124640625
1 0.403793815625 0.4092131484375 0.3821144796875 0.349594475 0.3143628 0.349594475 0.3116531328125 0.42005381875000003 0.3197841359375 0.42818482187500007 0.357723475 0.422763484375 0.36314280781249997 0.42818482187500007 0.384824146875 0.422763484375 0.392953146875 0.42818482187500007 0.40108414843749995 0.422763484375 0.403793815625 0.4092131484375
1 0.392953146875 0.596206184375 0.4092131484375 0.6178855203125 0.4390234875 0.6260165234375 0.45799515937499996 0.6233068562499999 0.45528549375000005 0.6097565203124999 0.41192481875000003 0.58807518125 0.392953146875 0.585365515625 0.392953146875 0.596206184375
1 0.38753381249999996 0.533875840625 0.40650348281250004 0.533875840625 0.422763484375 0.5176158375 0.422763484375 0.509484834375 0.357723475 0.5040655015625 0.357723475 0.51490416875 0.38753381249999996 0.533875840625
1 0.1327911 0.44173515781250006 0.1327911 0.4607048265625 0.140922103125 0.46612415937499996 0.2059621140625 0.47154549531249995 0.22222211718749998 0.4688338265625 0.23848211875 0.45528549375000005 0.2330627859375 0.447154490625 0.20867178125 0.4390234875 0.1327911 0.44173515781250006
1 0.12195043125 0.5284545046875 0.1327911 0.5392951734375 0.15718210625 0.54471450625 0.1897021109375 0.542004840625 0.1897021109375 0.533875840625 0.1734421078125 0.5203255046875 0.12195043125 0.5176158375 0.12195043125 0.5284545046875
1 0.271002125 0.639566859375 0.2682924578125 0.63143585625 0.2411917859375 0.6341455234375 0.24390145312499997 0.6449861921875 0.2682924578125 0.6449861921875 0.271002125 0.639566859375
1 0.26829281250000003 1 0.2764234609375 0.9864502546875 0.273711790625 0.9756095859375 0.2574517890625 0.9728999187499999 0.2493227890625 0.9810289187500001 0.2493227890625 1 0.26829281250000003 1
1 0.48509583125000005 0.13550076718749998 0.47696482968750004 0.1734421078125 0.4823841625 0.18699244375 0.51490416875 0.1978311109375 0.5609765125 0.1788614421875 0.563686178125 0.168020771875 0.5203255046875 0.130081434375 0.498644165625 0.1246621 0.48509583125000005 0.13550076718749998
1 0.5121945015625 0.23848211875 0.533875840625 0.24390145312499997 0.5474261765625 0.2249317828125 0.5474261765625 0.21409311718750001 0.5257448375 0.20867178125 0.5121945015625 0.22222211718749998 0.5121945015625 0.23848211875
1 0.21092082343750002 0.7219783765625001 0.22216804375 0.710705121875 0.224743528125 0.6882106828125 0.21696500312500003 0.6717884609375 0.20311626249999998 0.6916793765625 0.1823581734375 0.7141738156249999 0.17024378125 0.7323584234375 0.165066775 0.74964781875 0.1771551328125 0.7531165125 0.18756121406249998 0.7436036390625 0.2022490890625 0.7323584234375 0.21092082343750002 0.7219783765625001
1 0.1105429953125 0.83184304375 0.1105429953125 0.8396215687499999 0.129592771875 0.8422230890625 0.1356369515625 0.8309758703125001 0.127858425 0.8240645171875001 0.1140116890625 0.817994303125 0.1105429953125 0.83184304375
1 0.043658487499999996 0.5662336265625 0.04712718125 0.5774788421875 0.0497287015625 0.5774788421875 0.055772881249999996 0.5818167125 0.06617896250000001 0.5792131890625 0.067018096875 0.5679679734375 0.0583744015625 0.5662336265625 0.043658487499999996 0.5662336265625
1 0.0964499234375 0.5004886609375 0.0981842703125 0.4840384015625 0.0817340109375 0.47972856875 0.0678852703125 0.48924144218750004 0.0782653171875 0.5004886609375 0.0964499234375 0.5004886609375
1 0.11382143125 0.46341449375000004 0.12195043125 0.4336041546875 0.12195043125 0.395664815625 0.11382143125 0.3983744828125 0.11382143125 0.40650348281250004 0.0840110921875 0.40108414843749995 0.0650414234375 0.41192481875000003 0.059620087499999995 0.44444482343749997 0.07046075625 0.45799515937499996 0.08943042500000001 0.4688338265625 0.11382143125 0.46341449375000004
1 0 0.2574517890625 0.0054207453125 0.2574517890625 0.010840078125 0.2520324546875 0.010840078125 0.235772453125 0 0.231706796875 0 0.2574517890625
1 1 0.241191321875 0.96205925 0.211381446875 0.937670246875 0.1517607703125 0.9268295765625 0.149051103125 0.9051482390625001 0.16531110625 0.883468903125 0.19512144375 0.8780495687500001 0.246613121875 0.8888882359375 0.28184279375 0.9159889078125 0.317072465625 0.9457992468749999 0.32520346875 0.9593495828125 0.32249380156249996 0.9810289187500001 0.3062338 1 0.27883095468749997 1 0.241191321875
1 0.7588082140625 0.32520346875 0.764227546875 0.2520324546875 0.7533868781249999 0.2249317828125 0.7317075421875 0.20325244687500002 0.71815720625 0.1978311109375 0.642276525 0.20054278124999997 0.5907868515625 0.19512144375 0.552845509375 0.21409311718750001 0.5311661734374999 0.24390145312499997 0.5284545046875 0.2845524609375 0.53658550625 0.30352212968750003 0.5663958453125 0.3387538046875 0.6287261890625 0.37669314374999996 0.710026203125 0.3739834765625 0.728997875 0.3658544765625 0.7588082140625 0.32520346875
1 0.0083110671875 0 0.010840078125 0.03794075 0.0216807484375 0.03794075 0.043360084375 0.0216807484375 0.0444439625 0 0.0083110671875 0
1 0.8157172218750001 0.501355834375 0.8211385578125 0.5203255046875 0.8455275609375 0.53658550625 0.869918565625 0.53658550625 0.8861785687499999 0.5121945015625 0.8861785687499999 0.498644165625 0.8617895656250001 0.4878054984375 0.831979228125 0.490515165625 0.8157172218750001 0.501355834375
1 0.720866871875 0.5040655015625 0.7533868781249999 0.5284545046875 0.7750682171875 0.5284545046875 0.79945721875 0.51490416875 0.79945721875 0.498644165625 0.788618553125 0.490515165625 0.720866871875 0.490515165625 0.720866871875 0.5040655015625
1 0.4607048265625 0.585365515625 0.48509583125000005 0.58807518125 0.5311661734374999 0.5691055125 0.54471450625 0.5555551765625 0.5555551765625 0.533875840625 0.5555551765625 0.5121945015625 0.54471450625 0.49322483124999994 0.5176158375 0.490515165625 0.47696482968750004 0.5067751687500001 0.4254751546875 0.509484834375 0.4173441515625 0.5284545046875 0.4254751546875 0.5582648421874999 0.44173515781250006 0.5745248453125 0.4607048265625 0.585365515625
1 0.4173441515625 0.76964688125 0.45257382343749997 0.7506772109375001 0.5067751687500001 0.7046068703125 0.5121945015625 0.6937662 0.509484834375 0.66666753125 0.490515165625 0.6531171953125 0.44986415781250005 0.6531171953125 0.4173441515625 0.6775061984375 0.36314280781249997 0.691056534375 0.35501380781249997 0.734417209375 0.36856414375 0.756098546875 0.38753381249999996 0.76964688125 0.4173441515625 0.76964688125
4 0.6365587890625 0.48932155 0.30032580468750003 0.4747157859375 0.448618471875 0.631327709375 0.6198641984375 0.5269104140625 0.6365587890625 0.48932155
4 0.11902447187500001 0.46788654531249996 0.28788697343749997 0.4661521984375 0.1433874390625 0.364308384375 0.11902447187500001 0.46788654531249996
4 0.2491322328125 1 0.22547451718749997 0.648536996875 0 0.7315246015625 0 0.988448896875 0.0120917296875 1 0.2491322328125 1
4 0.6943585421875 0 0.4605966796875 0.1581834609375 0.6316521484375001 0.43926781875 0.8442278015625 0.42916014062499996 1 0.3531475171875 1 0.25900465 0.8231711374999999 0 0.6943585421875 0
1 0.8997289046875 0.0921400921875 0.8888882359375 0.07317042343749999 0.8617895656250001 0.048781420312500004 0.840108228125 0.03794075 0.8021688890625001 0.040650417187499996 0.79132821875 0.0569104203125 0.79132821875 0.0840110921875 0.8021688890625001 0.10840009531250001 0.840108228125 0.14363177031250002 0.8563682296874999 0.149051103125 0.8780495687500001 0.1463414359375 0.9024385718750001 0.11382143125 0.8997289046875 0.0921400921875
1 0.7235765390625 0.024390414062499997 0.6964778703125 0.024390414062499997 0.6720868640625 0.0081304125 0.6449861921875 0.0081304125 0.6124661875 0.01897108125 0.5907868515625 0.043360084375 0.5907868515625 0.07046075625 0.604335184375 0.0921400921875 0.6260165234375 0.11382143125 0.6720868640625 0.14363177031250002 0.7018972031249999 0.14363177031250002 0.756098546875 0.10840009531250001 0.756098546875 0.078591759375 0.7235765390625 0.024390414062499997
5 0.20257352812499999 0.7366662515625 0.2130356859375 0.7479935796875 0.22696453437500003 0.7410301578125 0.217371553125 0.7262321328125 0.20257352812499999 0.7366662515625
5 0.3470730625 0.692276184375 0.3444715421875 0.695772915625 0.3540384875 0.7010019921875 0.358400390625 0.6983744359374999 0.36360343125 0.6896746640625 0.352304140625 0.685310759375 0.3470730625 0.692276184375
4 0 0.70139933125 0.137453409375 0.36403801874999997 0 0.33988766875 0 0.70139933125
1 0.3658544765625 0.20867178125 0.384824146875 0.168020771875 0.3712738109375 0.159891771875 0.357723475 0.1626014390625 0.341463471875 0.1734421078125 0.2926834640625 0.18699244375 0.279133128125 0.1978311109375 0.2926834640625 0.211381446875 0.3468828046875 0.21951245 0.3658544765625 0.20867178125
1 0.8997289046875 0.47696482968750004 0.9322489109375001 0.45257382343749997 0.937670246875 0.43631382187499995 0.9322489109375001 0.41192481875000003 0.9349585765624999 0.360433140625 0.9295392437500001 0.3468828046875 0.9051482390625001 0.341463471875 0.84281789375 0.357723475 0.79132821875 0.392953146875 0.7804875499999999 0.40650348281250004 0.7804875499999999 0.4173441515625 0.80487855625 0.44986415781250005 0.8455275609375 0.47696482968750004 0.8997289046875 0.47696482968750004
1 1 0.2953931296875 0.9945792546875 0.2953931296875 0.9756095859375 0.30894346562499997 0.9783192515625 0.32249380156249996 1 0.3291636640625 1 0.2953931296875
1 0.8157172218750001 0.28726212812499996 0.8184288921875 0.32249380156249996 0.8292675578125 0.3387538046875 0.8455275609375 0.3360441375 0.8672089 0.317072465625 0.869918565625 0.28184279375 0.8211385578125 0.2764234609375 0.8157172218750001 0.28726212812499996
1 0.788618553125 0.3062338 0.7723585500000001 0.3143628 0.7723585500000001 0.33333246875 0.7804875499999999 0.3441731375 0.80487855625 0.3387538046875 0.8075882218749999 0.32249380156249996 0.8021688890625001 0.30894346562499997 0.788618553125 0.3062338
1 0.650405525 0.392953146875 0.6260165234375 0.392953146875 0.615175853125 0.41192481875000003 0.6205971890625 0.4390234875 0.647695859375 0.4336041546875 0.66666753125 0.4173441515625 0.6639558625 0.403793815625 0.650405525 0.392953146875
1 0.5907868515625 0.38753381249999996 0.6260165234375 0.38753381249999996 0.6233068562499999 0.36856414375 0.6097565203124999 0.36314280781249997 0.58807518125 0.36856414375 0.585365515625 0.3794028109375 0.5907868515625 0.38753381249999996
1 0.3143628 0.2574517890625 0.3306228015625 0.279133128125 0.3658544765625 0.2845524609375 0.3794028109375 0.2764234609375 0.3794028109375 0.2574517890625 0.357723475 0.23848211875 0.3143628 0.24390145312499997 0.3143628 0.2574517890625