4 1 0.6327426265625 0.518171859375 0.459546884375 0.5546200984375 0.8829233078125001 1 0.657327521875 1 0.6327426265625
4 0.6196936203125001 0.6917215156250001 0.6717590109375 0.6487983703125 0.5910601203125 0.5610038296875001 0.523375521875 0.6644090265625 0.5285874015625 0.6722102484375 0.5520110765624999 0.6800155765625 0.6196936203125001 0.6917215156250001
4 0.7233149234375 0.677800440625 0.7243955109375 0.708701490625 0.7265690109375 0.74204145 0.7363312718749999 0.7631868671875 0.7547752062499999 0.771318615625 0.7797355328125 0.780265384375 0.8730440109375 0.667229784375 0.862195 0.667229784375 0.8415755109375 0.6794243265625 0.8079417281250001 0.6859321875 0.7656242171875001 0.6721076015625 0.7287363484375 0.678609303125 0.75802929375 0.670479609375 0.7233149234375 0.677800440625
0 0.14198379375 0.312627290625 0.1358700546875 0.3161912171875 0.129756315625 0.3294307125 0.129756315625 0.3380859640625 0.1365479890625 0.347759478125 0.1576091625 0.3569238609375 0.165760815625 0.358451259375 0.1759503796875 0.35488733125 0.196331565625 0.34419555156250004 0.198369478125 0.3401224921875 0.198369478125 0.33503116875 0.1942936515625 0.32637386562500004 0.179348271875 0.312118159375 0.1650808265625 0.3090633640625 0.1501354453125 0.3100816296875 0.14198379375 0.312627290625
0 0.207881109375 0.087067275 0.1908957609375 0.087067275 0.179348271875 0.0891038046875 0.1718745546875 0.0936859953125 0.16711873906250002 0.10183211406249999 0.165760815625 0.11048941718750001 0.16711873906250002 0.118126403125 0.16983664062499998 0.1232177265625 0.1786682828125 0.1298364484375 0.1936136625 0.136457221875 0.200407390625 0.13798461875 0.207881109375 0.1374754875 0.230978140625 0.1242359921875 0.23641394531249998 0.118126403125 0.23641394531249998 0.11507160937500001 0.2296202171875 0.10183211406249999 0.22282648906250002 0.094195128125 0.213314859375 0.0880855390625 0.207881109375 0.087067275
5 0.007473315625 0.9592664765625001 0.0040754234375 0.962830403125 0.0040754234375 0.965885196875 0.007473315625 0.96995825625 0.014944978125 0.970978575 0.0190208046875 0.9674125953124999 0.01970079375 0.962830403125 0.014944978125 0.9592664765625001 0.007473315625 0.9592664765625001
5 0.1711966203125 0.9220977593749999 0.16983664062499998 0.9159881703125 0.1650808265625 0.913442509375 0.1582870984375 0.913442509375 0.1501354453125 0.9108968468749999 0.146739609375 0.9144607734375001 0.1480975328125 0.9226068921874999 0.1501354453125 0.9256616859375001 0.1548912609375 0.9266799515624999 0.16711873906250002 0.92617081875 0.1711966203125 0.9220977593749999
5 0.40013519531249997 0.9821794875000001 0.40013519531249997 0.9786155593749999 0.3947014453125 0.9714877062499999 0.38858770625 0.96995825625 0.3824719125 0.970978575 0.380434 0.973015103125 0.37975606562499997 0.979633825 0.38654979375 0.9842160156249999 0.3926635328125 0.9862525453125001 0.3980972828125 0.9857434140624999 0.40013519531249997 0.9821794875000001
4 1 0.247840109375 0.6368207171875 0.1384526921875 0.693212565625 0.464909196875 1 0.2933895109375 1 0.247840109375
2 0.547842571875 0 0.5353256625 0.009675046875 0.5258160875 0.0229124890625 0.5197002937499999 0.037677328125 0.5183423703125001 0.058044676562499994 0.5203802828125 0.06873645625 0.528531934375 0.087067275 0.5353256625 0.09521339375 0.557064771875 0.1120168140625 0.567256390625 0.1176172703125 0.5923913375 0.12525425625 0.608694640625 0.1272907859375 0.6195641953125001 0.1272907859375 0.63654954375 0.12525425625 0.6440212062499999 0.1221994625 0.6494570109375 0.1216903296875 0.6582886515624999 0.1176172703125 0.6854615109375 0.109980284375 0.7092385328125 0.11099855 0.7146743375 0.109471153125 0.7262218265625 0.1120168140625 0.747283 0.11252594687499999 0.76426629375 0.11150768281250001 0.7860054015625 0.1059072265625 0.805026609375 0.09674079062499999 0.8233698796875 0.0824850828125 0.8315215328125 0.06873645625 0.8362773484374999 0.04888029375 0.8349194234375 0.030549475 0.8288036296874999 0.0162937671875 0.8145382390625 0.0005086109375 0.8138596296875 0 0.547842571875 0
2 1 0.401730965625 0.9959248265625 0.3976585578125 0.9809773906249999 0.37780034218749997 0.9721457499999999 0.371690753125 0.9633161625 0.3681268265625 0.9558424453125 0.36659942968750003 0.9300275109375 0.365581165625 0.9062504890625 0.3706724890625 0.8892671953125 0.378309475 0.8763576734375 0.3874738578125 0.8702439343749999 0.39409463125 0.86141229375 0.4088594703125 0.8593743796875 0.41649645625 0.8586964453125001 0.433299878125 0.8607343593750001 0.445009921875 0.8641301953125 0.453156040625 0.8695660000000001 0.4597768140625 0.8858693046875 0.4735233890625 0.9069284234375001 0.4816695078125 0.9218758593749999 0.4831969046875 0.9273096093750001 0.485742565625 0.9354612609374999 0.48472430156249996 0.942934978125 0.485233434375 0.9701078375 0.4943998703125 0.9796194671875 0.498472928125 0.9932069234374999 0.509164709375 1 0.512613575 1 0.401730965625
2 0.7697020984375 0.6695516734375 0.7839674890625 0.676679528125 0.7934791203125 0.677188659375 0.799592859375 0.679734321875 0.8097824234375001 0.6807525859375 0.8240498703125001 0.679734321875 0.8376352718750001 0.6751521296874999 0.8464669125000001 0.6675151453125 0.8566585328125 0.6624238203124999 0.8634502062499999 0.6563142328125 0.8709239234374999 0.654277703125 0.8804355546875 0.644602134375 0.8885872062500001 0.630346428125 0.8892671953125 0.6140521390625 0.8879072171875 0.6084516828125001 0.8797555656249999 0.59368684375 0.864810184375 0.584011275 0.8383152609375 0.5728103625000001 0.8267657171874999 0.5702647 0.8158961625 0.565682509375 0.8084244999999999 0.5641551125 0.80027079375 0.5641551125 0.7941570546875 0.56160945 0.7860054015625 0.5605911859375 0.77785375 0.563136846875 0.7601904671875 0.5590637875 0.75271675 0.554481596875 0.7500009015625 0.5493882203125 0.745923021875 0.5478608234375 0.7432071734375 0.5442968968749999 0.7377713703125 0.5427694984375 0.7235059781250001 0.5356416453125 0.7146743375 0.528004659375 0.70516270625 0.5229133359375 0.6936131624999999 0.520365621875 0.6684782171875 0.5198564890624999 0.6569286734374999 0.5218950718750001 0.6283958375 0.5310594546875 0.620244184375 0.536150778125 0.618206271875 0.5397147046875 0.6120925328125 0.5442968968749999 0.60801670625 0.5509156171875 0.6052988046875 0.5636459796875 0.606656728125 0.5717920984375 0.6059787937500001 0.5819747453125 0.6120925328125 0.600814696875 0.629755815625 0.6165978 0.6460591203125 0.6257642359375 0.6582886515624999 0.630346428125 0.669836140625 0.6328920890624999 0.69972895625 0.63492861875 0.70516270625 0.6379834140625 0.7201080875 0.6420564718749999 0.7323376203125 0.647147796875 0.742527184375 0.6547868343750001 0.7595104781249999 0.6624238203124999 0.7697020984375 0.6695516734375
2 0 0.42196551250000003 0.0067933265625 0.42311517656250003 0.02173870625 0.41955125000000004 0.0305703484375 0.4114051328125 0.036684087500000004 0.40224075 0.0407599125 0.39256518125 0.0516294671875 0.378309475 0.057065271875000004 0.3681268265625 0.0665769015625 0.35743299375 0.08220021718750001 0.3284103953125 0.091031859375 0.31670034999999996 0.09374976093750001 0.3100816296875 0.09442975 0.3034629078125 0.093069771875 0.2948056046875 0.0849181203125 0.280040765625 0.08016230468749999 0.2652759265625 0.05910318437499999 0.2214864359375 0.0489136203125 0.19399123437500002 0.04483779375 0.1878816453125 0.036684087500000004 0.18126292500000002 0.0251365984375 0.1792263953125 0.0067933265625 0.179735528125 0.0040754234375 0.1807537921875 0 0.185336109375 0 0.42196551250000003
2 0.12839633749999999 0.491345075 0.1229625875 0.4943998703125 0.121602609375 0.49745466406250005 0.11209303281250001 0.501018590625 0.1100551203125 0.5056007828125 0.1073372171875 0.5056007828125 0.10054348906249999 0.5086555765624999 0.0971476515625 0.5122195031250001 0.09374976093750001 0.5127286359375 0.09035392343750001 0.515274296875 0.0842381296875 0.528004659375 0.0720106515625 0.5356416453125 0.0672548375 0.5437877640625 0.0665769015625 0.565682509375 0.06929275 0.594195975 0.0713306625 0.6833003015625 0.07404856562499999 0.7041747296875001 0.072690640625 0.7148685625 0.07404856562499999 0.72657860625 0.076086478125 0.7311607984374999 0.085598109375 0.7372703875 0.11413094531250001 0.7469459546875 0.121602609375 0.7484733515624999 0.1290763265625 0.7474550875 0.1365479890625 0.7449073734375 0.1447016953125 0.73777951875 0.1480975328125 0.7321790625 0.1582870984375 0.7230146796875 0.177310359375 0.700610803125 0.1895378375 0.689919021875 0.207881109375 0.6659877468750001 0.226902315625 0.647147796875 0.2418476953125 0.6272916328125 0.2520372609375 0.6171069328125001 0.2669846953125 0.59368684375 0.2724184453125 0.5748468921875001 0.2737763703125 0.5626277156249999 0.27717426093749997 0.55142475 0.283288 0.5173108265625 0.2873638265625 0.504073384375 0.290081728125 0.485233434375 0.29483754375000004 0.4699594625 0.29755339062499997 0.44297339375 0.3009512828125 0.43279074531250006 0.3009512828125 0.42158777968749994 0.29483754375000004 0.414969059375 0.2866838375 0.41344166250000003 0.27921217343750004 0.41445992656249997 0.273098434375 0.4114051328125 0.2676626296875 0.40580467656249997 0.2581530546875 0.40224075 0.2520372609375 0.401222484375 0.242527684375 0.40173161718749995 0.2302981515625 0.40784120625 0.226902315625 0.41191426406250004 0.22146651093749997 0.41547819218750004 0.2194285984375 0.41904211875 0.207881109375 0.42617202499999995 0.1990494671875 0.43431814218750003 0.1854620109375 0.44399165781249994 0.18342409843750002 0.4495921140625 0.1616849890625 0.4638498734375 0.156249184375 0.465886403125 0.14945751093749998 0.471486859375 0.146739609375 0.4760690515625 0.1311142390625 0.4872699640625 0.12839633749999999 0.491345075
1 0 0.95585030625 0.0156249671875 0.9577390796874999 0.0224186953125 0.9567208140625001 0.029890359374999998 0.9536660203125 0.0319303265625 0.9506112265625 0.0319303265625 0.9378808640624999 0.026494521875 0.9058034703125 0.023098684375 0.8976573515625 0.016982890625 0.89358429375 0.0054354015625 0.892566028125 0 0.8938057671875 0 0.95585030625
1 0 0 0 0.038871185937500004 0.0020375109374999997 0.0381864609375 0.0054354015625 0.035640798437499996 0.0305703484375 0.027494679687500002 0.05638528281250001 0.023930753125000002 0.062499021875000005 0.02494901875 0.072690640625 0.023930753125000002 0.0794843703125 0.025458150000000002 0.1073372171875 0.020366826562500003 0.11616885937500002 0.0157846359375 0.1195646953125 0.01120244375 0.1222825984375 0.0035634046874999997 0.122599559375 0 0 0
1 0.3790760765625 0.8356109484375001 0.38754820625 0.8324329781250001 0.3990484453125 0.82018300625 0.39663047812499996 0.8097457921875 0.3869421734375 0.7979474703125 0.376649890625 0.8043034140625 0.3621194890625 0.8120163578125 0.343961109375 0.8174587375 0.34456508750000003 0.8274443015624999 0.3494092390625 0.831527625 0.36272346718750004 0.8360646515625 0.3790760765625 0.8356109484375001
1 1 0.0891034046875 0.992526934375 0.0845216125 0.9843752828125 0.08401248125 0.9782615437500001 0.0850307453125 0.9497287062499999 0.09521339375 0.9354612609374999 0.10183211406249999 0.9205158796875 0.11150768281250001 0.912364228125 0.11863553593750001 0.908968390625 0.12372685937500001 0.9076084124999999 0.1303455796875 0.910326315625 0.1374754875 0.9137221515625 0.1400211484375 0.9279895984375001 0.144603340625 0.9381791625 0.14562160468750002 0.9605982609374999 0.145112471875 0.9775815546875 0.13951201562499999 0.992526934375 0.126272521875 1 0.1145634984375 1 0.0891034046875
1 0.9177979781250001 0.49694553125 0.891305109375 0.49541813437500004 0.885189315625 0.4964363984375 0.878397640625 0.5015277234375 0.8770376625 0.5071281796875 0.8777176515624999 0.5162925625 0.8811134890625001 0.520874753125 0.8926630328125 0.5305503218750001 0.9014946734375 0.5341142484375 0.9069284234375001 0.5381873078125 0.9218758593749999 0.5417512343750001 0.942934978125 0.54327863125 0.9646740875 0.538696440625 0.973505728125 0.53207771875 0.9741857171875001 0.529022925 0.9714678156250001 0.522404203125 0.9572003703125 0.5137469 0.9490487171875 0.5061099140625 0.9368212390625 0.5005094578125 0.9177979781250001 0.49694553125
1 1 0.72046901875 0.9857332062499999 0.72046901875 0.9782615437500001 0.7230146796875 0.9728257390625 0.7291242687499999 0.9714678156250001 0.7357429890625 0.975543640625 0.744398240625 0.9796194671875 0.7479642203125 0.9918469453125001 0.7525464109375 1 0.7528009890625 1 0.72046901875
1 0.9307074999999999 0.8156829328124999 0.93614125 0.8146646687500001 0.9456528796875 0.809062159375 0.954484521875 0.7988795109375 0.9680699234375 0.7886968640625 0.975543640625 0.7861512015625001 0.9809773906249999 0.782587275 0.9864131953124999 0.77291170625 0.9857332062499999 0.7637473234375001 0.98369529375 0.7606925296875 0.9816573796875 0.7515281468749999 0.9741857171875001 0.7433799750000001 0.9646740875 0.736252121875 0.9585603484374999 0.734724725 0.950406640625 0.734724725 0.9422549890624999 0.7367612546875 0.9368212390625 0.7433799750000001 0.9320654234375001 0.7561103375 0.9232337828125001 0.762729059375 0.9184779671875001 0.7647655890625 0.9137221515625 0.7693477796875 0.8994567609375 0.7749482359375001 0.8926630328125 0.7800416125 0.8865492937499999 0.7932790546875 0.8865492937499999 0.800916040625 0.89198304375 0.8080438937500001 0.8987767718749999 0.8111007406249999 0.9144021406249999 0.8151738 0.9307074999999999 0.8156829328124999
1 0.9184771609375 1 0.9184779671875001 0.9999991203124999 0.9232337828125001 0.9872708109375001 0.9218758593749999 0.9770881625 0.91712004375 0.970978575 0.9021746625 0.9643577999999999 0.891305109375 0.9643577999999999 0.885189315625 0.9689399921874999 0.878397640625 0.9775972953125001 0.8607343593750001 0.992362134375 0.8601342984375 1 0.9184771609375 1
1 0.8037508593749999 0.69250985 0.80234979375 0.6867369453125 0.7939475109374999 0.68306010625 0.78203845625 0.691986346875 0.791141271875 0.69775925 0.7967455328125 0.697235746875 0.8037508593749999 0.69250985
1 0.11209303281250001 0.5595729203124999 0.137227978125 0.5667007734375 0.1664408046875 0.5667007734375 0.179348271875 0.5636459796875 0.1854620109375 0.5605911859375 0.1956515765625 0.5529521468749999 0.20312529375000002 0.544806028125 0.20855904375 0.5351325124999999 0.2139948484375 0.52953205625 0.21671274999999998 0.5229133359375 0.22214649999999997 0.51680169375 0.22282648906250002 0.5071281796875 0.2248644015625 0.501018590625 0.21739068437500003 0.4837060359375 0.213314859375 0.4816695078125 0.20516320625 0.481160375 0.1888578484375 0.4837060359375 0.1759503796875 0.4831969046875 0.1637229015625 0.48472430156249996 0.1433417171875 0.491345075 0.1365479890625 0.49083594374999995 0.1290763265625 0.49541813437500004 0.121602609375 0.49694553125 0.1175267828125 0.5000003265624999 0.0978255875 0.5081464437500001 0.0883160109375 0.5157834296875 0.08220021718750001 0.529022925 0.085598109375 0.536150778125 0.0978255875 0.55193388125 0.11209303281250001 0.5595729203124999
1 0.278532184375 0.75050988125 0.30910293437499997 0.7566194703125 0.3369557828125 0.7652747203125 0.349185315625 0.76731125 0.36752653281250003 0.76680211875 0.3783960875 0.7652747203125 0.3858698046875 0.7617107937500001 0.3899456296875 0.758656 0.39402145625 0.7510190140625 0.3960593703125 0.730142534375 0.3933414671875 0.71792335625 0.38654979375 0.70264733125 0.37500025 0.689409890625 0.3695644453125 0.6802434546875 0.37500025 0.6649694828125 0.3777181515625 0.6456203984375 0.3770381625 0.63747428125 0.3722823484375 0.62881903125 0.366168609375 0.6227094421875 0.3607328046875 0.6196546484375001 0.3478253375 0.615070403125 0.32744620625 0.612015609375 0.2989133703125 0.6115064765625 0.2860059015625 0.61354300625 0.278532184375 0.61354300625 0.26970054375 0.615070403125 0.257473065625 0.619145515625 0.2486414234375 0.625255103125 0.23912979375 0.636456015625 0.23369604375000003 0.6466386640625 0.23233606562500003 0.65275030625 0.2207885765625 0.6720973359375 0.2146748375 0.6858459640625 0.213314859375 0.7046838609375 0.2146748375 0.7102843171875 0.2207885765625 0.7219964156249999 0.226902315625 0.726069475 0.228940228125 0.7296334015625 0.2350539671875 0.7321790625 0.2418476953125 0.7372703875 0.2533972390625 0.7413434453125001 0.2581530546875 0.744398240625 0.278532184375 0.75050988125
1 0.2724184453125 0.7688386484375 0.2812500875 0.7657838531250001 0.2853259125 0.757128603125 0.2826080109375 0.7530555437500001 0.27989216250000004 0.7515281468749999 0.271060521875 0.7510190140625 0.2676626296875 0.7530555437500001 0.2635868046875 0.7632381921875 0.2635868046875 0.7657838531250001 0.2656247171875 0.76731125 0.2724184453125 0.7688386484375
1 0.42051637968750005 0.837575625 0.41779847812500004 0.7942973203125 0.4137226515625 0.7861512015625001 0.405571 0.7851329375 0.396739359375 0.787169465625 0.3756802390625 0.7973521140625001 0.3573369671875 0.803970834375 0.3267662171875 0.8197559921875 0.32065247812500003 0.8212833890625 0.31453873906249996 0.8263747125 0.31317876093749997 0.8314660359375001 0.3179345765625 0.8365573609375 0.3383157609375 0.8421598703125 0.3444295 0.8452146640624999 0.35054323906249996 0.8508151203125 0.3641306953125 0.854379046875 0.371602359375 0.8589612390625 0.3777181515625 0.8594703703125001 0.38179397812500004 0.862525165625 0.3858698046875 0.863034296875 0.40760891250000003 0.8721986796874999 0.41508057656249997 0.873726078125 0.41915845625000003 0.8716895484375 0.4218743046875 0.8660890921875 0.41915845625000003 0.8467420609375 0.42051637968750005 0.837575625
1 0.165760815625 0.8548881796875 0.1576091625 0.8533607828124999 0.1426637828125 0.8452146640624999 0.135190065625 0.84470553125 0.12839633749999999 0.8477603265625 0.12500050000000001 0.85590644375 0.12567843437499998 0.8716895484375 0.1277184015625 0.8788194546874999 0.1277184015625 0.900712146875 0.1365479890625 0.9088603171875 0.1433417171875 0.90936945 0.156249184375 0.9154790390624999 0.1718745546875 0.9159881703125 0.179348271875 0.9139516421874999 0.1854620109375 0.9083511859375 0.186142 0.8996938812499999 0.179348271875 0.8859473078125 0.17255454374999998 0.8615069 0.16983664062499998 0.8574338406249999 0.165760815625 0.8548881796875
1 0.47899230312499996 1 0.47350622812500004 0.992362134375 0.4728262390625 0.988289075 0.4741841625 0.9806520890625 0.478939978125 0.9755607656249999 0.4830158046875 0.9663943296875 0.4830158046875 0.9567208140625001 0.478939978125 0.9495929609375 0.4639945984375 0.9445016374999999 0.4538050328125 0.9445016374999999 0.4395375875 0.9490838296874999 0.41915845625000003 0.9643577999999999 0.4082889015625 0.9791246921875001 0.4062509890625 0.9857434140624999 0.4062509890625 0.9943986640625001 0.41023636406249997 1 0.47899230312499996 1
1 0.3722823484375 0.4302450828125 0.3913035546875 0.43482727499999996 0.40896683749999996 0.43482727499999996 0.429348021875 0.42617202499999995 0.43614175 0.41904211875 0.4442934015625 0.4047864109375 0.446331315625 0.397149425 0.446331315625 0.378309475 0.440897565625 0.3594695234375 0.4286680328125 0.3370676984375 0.41508057656249997 0.3253556015625 0.3926635328125 0.312627290625 0.3743202609375 0.3004081140625 0.3688865109375 0.298371584375 0.32948412031249996 0.2718946484375 0.30978292343749997 0.26731245625 0.2989133703125 0.2662941921875 0.2853259125 0.2693489859375 0.27785424999999997 0.27240377968749996 0.26970054375 0.280040765625 0.26426679375 0.2917508109375 0.26222887968749997 0.301426378125 0.26290681562499996 0.3385950953125 0.2540751734375 0.3513234046875 0.24796143437499998 0.365581165625 0.24796143437499998 0.3803460046875 0.2567930765625 0.3961311609375 0.2676626296875 0.40173161718749995 0.2914396515625 0.409368603125 0.301631271875 0.41038686718750006 0.33016205468750004 0.40835033750000005 0.3430715765625 0.410896 0.34986324999999996 0.41395079375000005 0.3641306953125 0.42617202499999995 0.3722823484375 0.4302450828125
1 0.3947014453125 0.2270868921875 0.40896683749999996 0.2128311859375 0.412364728125 0.2072307296875 0.4232342828125 0.1975551609375 0.4300280109375 0.18686338125 0.43274385937500004 0.1751533359375 0.431385934375 0.1593681796875 0.41915845625000003 0.144603340625 0.41644055468749996 0.1384937515625 0.4218743046875 0.126272521875 0.42255429375000003 0.11608987343749999 0.41779847812500004 0.1064163578125 0.4130426625 0.10183211406249999 0.4069289234375 0.0987773203125 0.39402145625 0.09521339375 0.37500025 0.094195128125 0.35597904375 0.095722525 0.33016205468750004 0.10081385000000001 0.31453873906249996 0.10743462343750002 0.29687545625 0.1232177265625 0.2860059015625 0.1374754875 0.2758142828125 0.1568225171875 0.271060521875 0.17362593906249998 0.27173845625 0.188390778125 0.278532184375 0.2051942 0.29755339062499997 0.2240320984375 0.3192925 0.2398172546875 0.3423915875 0.24847250468749998 0.358694890625 0.24847250468749998 0.3763581734375 0.241853784375 0.3947014453125 0.2270868921875
1 0.6542128265625 0.2917508109375 0.6535328375 0.303972040625 0.6596465765625 0.3243373359375 0.6637224015625 0.330448978125 0.6718740546874999 0.3314672421875 0.6786677828125 0.3294307125 0.6888594015625 0.323828203125 0.6942931515625 0.315172953125 0.6942931515625 0.30244464375 0.6895373375 0.29327820781249997 0.6854615109375 0.28971428125 0.6766298703125 0.285641221875 0.6637224015625 0.2846229578125 0.6569286734374999 0.28716861875 0.6542128265625 0.2917508109375
1 0.5985112390625 0.6279383140625 0.6041175546875001 0.6373880562500001 0.6083228046875 0.6373880562500001 0.616026609375 0.63003643125 0.6132203703125 0.62163369375 0.5985112390625 0.6279383140625