5 0.49509877500000005 0.47875767968750005 0.49632419375000003 0.47222156875000004 0.49019710468750005 0.45751584999999995 0.47916621875 0.455882353125 0.46568662187500004 0.46568545781250004 0.4644612046875 0.4754906859375 0.46936287656250003 0.48856290781249995 0.4803916375 0.48856290781249995 0.49509877500000005 0.47875767968750005
3 0.756127653125 0.8954246734375 0.7622547421875 0.9068633984375 0.76960725 0.9117638890625 0.780638134375 0.9117638890625 0.79534315 0.905227778125 0.81985363125 0.8807189546874999 0.81985363125 0.8562101312499999 0.8100481640625 0.8562101312499999 0.761029325 0.887255065625 0.756127653125 0.8954246734375
5 0.8578437093750001 0.8594771234374999 0.8627453812500001 0.86764673125 0.8749995593750001 0.86764673125 0.88848128125 0.8578436281249999 0.8872558625 0.8431379078125 0.8823520671875 0.836601796875 0.876224978125 0.836601796875 0.8602945453125 0.8447714046874999 0.8566182921875001 0.8496740203125001 0.8578437093750001 0.8594771234374999
5 0.322304234375 0.49673251562500004 0.32965674218749996 0.49019640468750003 0.32965674218749996 0.47875767968750005 0.3247550703125 0.47058807187499996 0.305146259375 0.47385718906249996 0.29901917031249997 0.4803911765625 0.30147000625000003 0.49673251562500004 0.3075970953125 0.50163300625 0.322304234375 0.49673251562500004
5 0.6041673390625 0.6960785953124999 0.606618175 0.6879089875 0.5992656671875001 0.6748367640625 0.5894602015625 0.6764702609375 0.577206021875 0.6879089875 0.577206021875 0.6977120921875 0.58210769375 0.7075173203125 0.59068561875 0.7075173203125 0.6041673390625 0.6960785953124999
5 0.9754901984375 0.6666671562500001 0.9632360203125 0.6666671562500001 0.94852888125 0.67320326875 0.94852888125 0.686275490625 0.953430553125 0.6944450984375 0.968137690625 0.6944450984375 0.9803918703125 0.6879089875 0.9803918703125 0.6764702609375 0.9754901984375 0.6666671562500001
5 0.0526953078125 0.825163071875 0.0600499390625 0.8316991828125 0.06617702812500001 0.8316991828125 0.075980371875 0.825163071875 0.0821074609375 0.8169934640625 0.0808820421875 0.8039212421874999 0.0686278640625 0.8006542484375 0.056371560937499995 0.8088238562500001 0.051469889062499996 0.8153599671875 0.0526953078125 0.825163071875
5 0.1887251890625 0.72058741875 0.1973031140625 0.7140513078125 0.202206909375 0.70261470625 0.19852853125 0.6944450984375 0.1887251890625 0.6928094765624999 0.1752455921875 0.70261470625 0.17279475625000001 0.7124178109375 0.18014726406249998 0.72058741875 0.1887251890625 0.72058741875
5 0.49754961093750005 0.8104573531250001 0.49509877500000005 0.799018628125 0.4877441453125 0.792484640625 0.47916621875 0.795751634375 0.46813745781250005 0.81209085 0.46813745781250005 0.8218960781250001 0.4779408015625 0.8316991828125 0.4889695625 0.823529575 0.49754961093750005 0.8104573531250001
5 0.307106921875 1 0.3075970953125 0.993464215625 0.30147000625000003 0.9836611109375 0.29289208125 0.9836611109375 0.278187065625 0.9983668296875001 0.278187065625 1 0.307106921875 1
1 0.2475494953125 0.5114382359375 0.25857825624999997 0.5212413406249999 0.2830887375 0.517974346875 0.30147000625000003 0.5049021234375 0.30392084218750004 0.4983660125 0.3026954234375 0.48856290781249995 0.29656833437499996 0.4803911765625 0.27696164843750004 0.47385718906249996 0.254902003125 0.4754906859375 0.24632407656250002 0.48366029375 0.2438732421875 0.4950990203125 0.2475494953125 0.5114382359375
1 0.9497542984375 0.7107843140625 0.952205134375 0.6944450984375 0.94852888125 0.6846398687499999 0.9473034625000001 0.6601310453125 0.944852628125 0.656861928125 0.9362747015625 0.6584975484375 0.9240205234375001 0.671567646875 0.9044117125 0.6781037578125 0.8982846234374999 0.6879089875 0.892157534375 0.7075173203125 0.8946083703125 0.7189539218750001 0.9031862953124999 0.72058741875 0.91421505625 0.7075173203125 0.9325984484375001 0.7124178109375 0.9497542984375 0.7107843140625
1 0.537990525 0.733659640625 0.552695540625 0.7418292484375 0.568628096875 0.7385622546875 0.577206021875 0.7271235296875 0.58210769375 0.70261470625 0.5759806046875 0.6911759796875 0.5674026796875 0.6846398687499999 0.551470121875 0.686275490625 0.5294126 0.717320425 0.537990525 0.733659640625
1 0.67402040625 0.29575081718749996 0.6556370140625 0.29575081718749996 0.645833671875 0.30065343125 0.6397065828125 0.3088230390625 0.637255746875 0.3235287578125 0.6421574171875 0.34803970624999997 0.6470590890625 0.35457581718750003 0.6556370140625 0.3594763078125 0.6727949890625 0.36111192812500004 0.68382375 0.3578428109375 0.69362709375 0.34803970624999997 0.6960779296874999 0.3235287578125 0.69362709375 0.3104565359375 0.688725421875 0.302286928125 0.67402040625 0.29575081718749996
1 0.2475494953125 0.2173196078125 0.25000033125 0.22058872499999999 0.27083243437500004 0.2140526140625 0.2867649921875 0.21568611093749998 0.2941174984375 0.20915 0.2941174984375 0.1993468953125 0.272057853125 0.1715689546875 0.2610290921875 0.1715689546875 0.2524511671875 0.1846411765625 0.2475494953125 0.2173196078125
1 0.5232844546875 0 0.5122546265625 0.014706535937500001 0.5122546265625 0.0375818625 0.518381715625 0.0473849671875 0.5294126 0.053921078125 0.552695540625 0.055554574999999995 0.57230435 0.0375818625 0.5759806046875 0.026143137500000004 0.5747551859375 0.011437418750000001 0.5651056750000001 0 0.5232844546875 0
1 0.874776903125 0 0.8737741421875 0.0016343140625 0.8737741421875 0.0179735296875 0.876224978125 0.021242646875 0.900735459375 0.02287614375 0.9154404749999999 0.0163400328125 0.9154404749999999 0 0.874776903125 0
3 0.8566182921875001 0.8529410125 0.8492636609374999 0.8562101312499999 0.8443619890624999 0.875816340625 0.846812825 0.8986937906250001 0.8566182921875001 0.8954246734375 0.8651962171875001 0.8807189546874999 0.8651962171875001 0.86764673125 0.8566182921875001 0.8529410125
3 0.6117036671875 1 0.611519846875 0.9950977125 0.6029419218750001 0.993464215625 0.5962013984375 1 0.6117036671875 1
3 0.5870094015625 1 0.5833331109375 0.9901950984375001 0.57230435 0.99183071875 0.57107898125 1 0.5870094015625 1
3 0.7843143890625 0.15522973906249998 0.8075973281250001 0.15032712343750002 0.8186282125 0.142157515625 0.824755303125 0.127451796875 0.8210790484375 0.12091568593749999 0.8100481640625 0.12091568593749999 0.79534315 0.1323522875 0.780638134375 0.1372549015625 0.7585784890625 0.112746078125 0.743873475 0.10947696093749999 0.735293425 0.11601307187500001 0.7377442609375 0.1339879078125 0.7524514 0.16503284375 0.7585784890625 0.1699354578125 0.7843143890625 0.15522973906249998
1 0.47181371250000004 0.887255065625 0.47916621875 0.86764673125 0.4803916375 0.8480383984375001 0.47671538281250003 0.8349683000000001 0.46568662187500004 0.8186269609375 0.4448523953125 0.79738513125 0.4338236328125 0.795751634375 0.416665659375 0.8169934640625 0.4044114796875 0.8267965687500001 0.40196064531250003 0.8349683000000001 0.40196064531250003 0.8594771234374999 0.4056368984375 0.8741828437500001 0.41911861874999995 0.8954246734375 0.4350490515625 0.9084968953124999 0.4485286484375 0.9101303921874999 0.45955953281250006 0.90359428125 0.47181371250000004 0.887255065625
1 0.46568662187500004 0.316992646875 0.4374998875 0.3039225484375 0.42524570781250004 0.3055560453125 0.40073522656250005 0.3333339875 0.40073522656250005 0.3529401953125 0.4031860625 0.3578428109375 0.4117639875 0.3578428109375 0.42524570781250004 0.34150359531249996 0.4399507234375 0.346406209375 0.45465786093749994 0.346406209375 0.4644612046875 0.33006486874999996 0.46568662187500004 0.316992646875
3 0.15362769062499998 0.7562906859375 0.1426222921875 0.739167646875 0.1398656328125 0.724476796875 0.13252374375 0.71713986875 0.1288602328125 0.7208168296874999 0.1251839796875 0.73183071875 0.13802644375 0.7599676468750001 0.1591431328125 0.7660789218749999 0.15362769062499998 0.7562906859375
5 0.5036767015625 0.8529410125 0.509803790625 0.8447714046874999 0.508578371875 0.8316991828125 0.500000446875 0.8267965687500001 0.4828424734375 0.8349683000000001 0.47916621875 0.8431379078125 0.4803916375 0.8529410125 0.49264794062500006 0.8578436281249999 0.5036767015625 0.8529410125
3 0.1703439203125 0.0277787578125 0.1507351109375 0.0277787578125 0.1323538421875 0.0343127453125 0.122548375 0.049020587500000004 0.118872121875 0.06372630781250001 0.12009753906250001 0.07026241875 0.1249992109375 0.0735294125 0.13480467812500002 0.057190195312500004 0.14950969218750002 0.053921078125 0.169118503125 0.06045718906250001 0.1825981 0.0784320265625 0.19607769531250002 0.0784320265625 0.20097936718749998 0.071895915625 0.1973031140625 0.050654084375 0.1838235171875 0.0343127453125 0.1703439203125 0.0277787578125
1 0.4522049015625 0.5130717312499999 0.46568662187500004 0.4950990203125 0.46813745781250005 0.48366029375 0.46568662187500004 0.47222156875000004 0.45955953281250006 0.467321078125 0.4350490515625 0.46405196093749995 0.42524570781250004 0.47058807187499996 0.4105385703125 0.48856290781249995 0.4105385703125 0.499999509375 0.4374998875 0.5114382359375 0.4522049015625 0.5130717312499999
1 0.0649516109375 0.8447714046874999 0.0490190546875 0.8202604578124999 0.039215710937499995 0.8137264703125 0.030637785937500002 0.8137264703125 0.015930646875000003 0.825163071875 0.0049018859375 0.8415022875 2.140625e-7 0.8578436281249999 2.140625e-7 0.8807189546874999 0.0049018859375 0.8970581703124999 0.0183814828125 0.9183 0.036764875 0.928105228125 0.0526953078125 0.9199356203125 0.0723041171875 0.8888885625 0.0723041171875 0.8643797390625 0.0649516109375 0.8447714046874999
3 0.009803557812499999 0.37581764687499997 0.015930646875000003 0.3856207515625 0.040441128124999996 0.3839872546875 0.0735295359375 0.390523365625 0.07965662500000001 0.37745114375 0.07965662500000001 0.3529401953125 0.0772057890625 0.346406209375 0.0637261921875 0.3398700984375 0.023285278125 0.33660097968749997 0.015930646875000003 0.3431370921875 0.009803557812499999 0.3594763078125 0.009803557812499999 0.37581764687499997