3 0.0374998671875 0.7351102843749999 0.0437505328125 0.7539188296875 0.048958 0.76018905625 0.0531244 0.76018905625 0.0614593328125 0.74451455625 0.0614593328125 0.7241379203125 0.0531244 0.7006272375 0.046875867187499996 0.6927889203125 0.0416662671875 0.6927889203125 0.035415600000000005 0.705329375 0.0374998671875 0.7351102843749999
1 0.1239574671875 0.721003875 0.12083426718750001 0.714733646875 0.1114582671875 0.7178676921875 0.1104172 0.7335421921874999 0.11875 0.7366762375 0.1229164 0.7319741015625 0.1239574671875 0.721003875
1 0.24062519999999998 0.7319741015625 0.23437453281249998 0.7492166921875001 0.23437453281249998 0.772727375 0.2427073328125 0.7915359203125 0.248958 0.794669965625 0.258334 0.7931040109375 0.2687510671875 0.782131646875 0.28333240000000004 0.7774295109375 0.28854199999999997 0.7695933296875 0.2854166671875 0.7382443296875 0.27604066718750003 0.7225698296874999 0.258334 0.7163017375 0.2479169328125 0.7225698296874999 0.24062519999999998 0.7319741015625
1 0.3635414671875 0.7034472375 0.3682284 0.7167717375 0.37312439999999997 0.723981965625 0.3781249328125 0.7351102843749999 0.3958337328125 0.7335421921874999 0.41875 0.719435784375 0.42187533281249995 0.7100315109374999 0.42291639999999997 0.6677122843750001 0.41666573281249997 0.6551718296875 0.40416653281250003 0.6489037375 0.3854166671875 0.6489037375 0.3770838671875 0.6551718296875 0.3697921328125 0.6642641921875 0.3625004 0.6786825109375 0.3625004 0.6974931921875 0.3635414671875 0.7034472375
1 0.4447916 0.7021953296875 0.4437505328125 0.719435784375 0.448958 0.741378375 0.4552086671875 0.7476486015625 0.47291746718749994 0.7476486015625 0.4843756 0.7398124203124999 0.4927084 0.7257060109375 0.4937494671875 0.7084634203125 0.48750093281250007 0.6645761015625 0.4822913328125 0.6567399203125001 0.47291746718749994 0.6551718296875 0.4593750671875 0.659873965625 0.4510422671875 0.6724144203125 0.4447916 0.7021953296875
1 0.6072918671875 0.818182784375 0.628126 0.838557284375 0.6447916 0.8463956015624999 0.6614593328125 0.8448275109375001 0.6677078671875 0.8369913296875 0.6677078671875 0.8291530109374999 0.6270827999999999 0.7021953296875 0.6229164 0.6943570109375 0.6145836 0.6927889203125 0.6000001328125 0.71316555625 0.5916673328125001 0.741378375 0.5906241328124999 0.7633231015625 0.5989590671875 0.8009401921875 0.6072918671875 0.818182784375
1 0.7593750671875 0.6724144203125 0.7562497328125 0.706897465625 0.7625004 0.7351102843749999 0.7697921328125 0.7476486015625 0.7822913328125 0.7382443296875 0.7854166671875 0.7241379203125 0.7927084 0.7115996015625 0.7927084 0.703761284375 0.8083329328125 0.6927889203125 0.8406252000000001 0.6394994656249999 0.8427073328124999 0.6269590109375 0.8385409328125 0.6175547375 0.8229164000000001 0.6112845109375 0.8041665328125 0.6128526015625 0.7822913328125 0.6285271015625 0.7677078671875 0.6504696921875001 0.7593750671875 0.6724144203125
1 0.7697921328125 0.758620965625 0.7604161328125 0.782131646875 0.7593750671875 0.8009401921875 0.7625004 0.813480646875 0.7802092 0.8197487375 0.7937494671875001 0.8166146921875 0.8000001328125 0.810344465625 0.8031254671875001 0.7993721015624999 0.8010412 0.7617550109375 0.7937494671875001 0.7554869203125001 0.7760406671875 0.7554869203125001 0.7697921328125 0.758620965625
1 0.08541666718749999 0.5501567374999999 0.0833324 0.5579929203125 0.0833324 0.568965284375 0.088542 0.576801465625 0.09687480000000001 0.5752355109375 0.1000001328125 0.570533375 0.09687480000000001 0.5501567374999999 0.0916673328125 0.5454546015624999 0.08541666718749999 0.5501567374999999
1 0.0416662671875 0.6018802375 0.0364588 0.6159866468749999 0.0374998671875 0.63009305625 0.0427073328125 0.6347951921874999 0.051042267187500004 0.6285271015625 0.0541676 0.6159866468749999 0.05208333281250001 0.6050164203125 0.0479169328125 0.6018802375 0.0416662671875 0.6018802375
1 0.3291670671875 0.5313481921875 0.3218753328125 0.5454546015624999 0.3218753328125 0.5658312375000001 0.3270828 0.584639784375 0.3322924 0.592475965625 0.3354177328125 0.592475965625 0.36458253281249997 0.5736674203125001 0.3708332 0.5579929203125 0.3697921328125 0.5391843749999999 0.3499990671875 0.5235120109375 0.33854093281250003 0.525077965625 0.3291670671875 0.5313481921875
1 0.4062508 0.6018802375 0.4135425328125 0.6112845109375 0.4208342671875 0.6159866468749999 0.43020813281250003 0.6159866468749999 0.4374998671875 0.60971855625 0.4437505328125 0.5987461921875 0.4531244 0.5673971921875001 0.45208333281249996 0.553290784375 0.4447916 0.5391843749999999 0.4374998671875 0.5329162843749999 0.4156246671875 0.5235120109375 0.4072918671875 0.5266460562499999 0.39895906718749996 0.5517248296874999 0.39895906718749996 0.570533375 0.4062508 0.6018802375
1 0.6177089328125 0.5987461921875 0.6114582671875 0.6191228296875 0.6115628 0.636363284375 0.6218753328125 0.6426335109375 0.6302081328125 0.6394994656249999 0.6354156 0.63009305625 0.6343745328125 0.6050164203125 0.6291670671875 0.5971781015625 0.6229164 0.59404405625 0.6177089328125 0.5987461921875
1 0.7374998671874999 0.4608140109375 0.7322924000000001 0.4764885109375 0.7322924000000001 0.4999991921875 0.7385409328125 0.517241784375 0.7447916 0.5219439203125 0.7562497328125 0.5235120109375 0.7666668 0.5188077375 0.7729174671875 0.5094034656249999 0.7802092 0.49216301093750003 0.7875009328125 0.46395019218750005 0.7875009328125 0.44357355624999995 0.7833324 0.4326011921875 0.7802092 0.429467146875 0.7656257328125 0.4310352375 0.748958 0.44514164687499996 0.7374998671874999 0.4608140109375
1 0.8426348000000001 0.5248280109375 0.8214678671875 0.5339331921875 0.8154156 0.5490906921875001 0.8516972 0.564263146875 0.8547286671875 0.538479375 0.8426348000000001 0.5248280109375
1 0.8708545328125 0.570328284375 0.8728641328125001 0.5627420562500001 0.8335617328125 0.5612231015625 0.8345622671875 0.5824606921875 0.8496876 0.5915509203125 0.8648022671875 0.5824606921875 0.8708545328125 0.570328284375
1 0.9447916 0.5877738296875 0.9395841328125 0.600314284375 0.9406252 0.6144206921875 0.9510422671875001 0.6253909203125 0.9593750671875 0.6253909203125 0.9645825328125 0.6159866468749999 0.9645825328125 0.5971781015625 0.9562497328124999 0.586207875 0.9447916 0.5877738296875
1 0.8583339999999999 0.45454592031249996 0.8541676 0.46238210156250004 0.8552086671874999 0.47492255625 0.8635414671874999 0.4843268296875 0.8718742671875 0.48275873750000003 0.8749996 0.47492255625 0.8739585328125001 0.457679965625 0.8677078671875 0.4514097375 0.8583339999999999 0.45454592031249996
2 0.9201878671875001 0.2562700109375 0.9222806671875 0.187083875 0.8930198671875 0.1493578296875 0.8449473328125 0.152491875 0.7885206671875 0.1839498296875 0.7592598671874999 0.23111219218749998 0.7508950671875 0.28457682968750003 0.7655318671875 0.32860514687500003 0.7885206671875 0.356911965625 0.8261462671875 0.367711284375 0.8846572 0.33175628437500004 0.9201878671875001 0.2562700109375
2 0.6120102859375 0 0.640126 0.03927955625 0.6986454671875 0.051864875 0.7404481328125 0.004687556250000001 0.7407402046875 0 0.6120102859375 0
1 0.10465964531250001 0 0.1052076 0.015674874999999998 0.09687480000000001 0.05642601093750001 0.09687480000000001 0.0705324203125 0.1031254671875 0.0846388296875 0.1104172 0.09090905625 0.11875 0.09090905625 0.1312492 0.0705324203125 0.1343745328125 0.050155784375 0.1374998671875 0.0438876921875 0.1364588 0.036049375 0.1427073328125 0.026645101562500002 0.1427073328125 0.0062706015625 0.1380775484375 0 0.10465964531250001 0
1 0.3427073328125 0.120689965625 0.348958 0.11755592031249999 0.3562497328125 0.10658355625 0.3708332 0.10344737500000001 0.3760406671875 0.0877750109375 0.3749996 0.067398375 0.3718742671875 0.05329196562500001 0.36458253281249997 0.0407515109375 0.348958 0.025079146875000003 0.3364588 0.020377010937500002 0.3250006671875 0.020377010937500002 0.3166657328125 0.028213192187500003 0.3145836 0.037617465625 0.3156246671875 0.068966465625 0.309374 0.0783707375 0.3052076 0.092477146875 0.3104172 0.1112856921875 0.3427073328125 0.120689965625
1 0.3083329328125 0.28840092031250003 0.3229164 0.3040754203125 0.3250006671875 0.3181818296875 0.3312492 0.32445205625 0.34166626718750004 0.321315875 0.348958 0.310345646875 0.348958 0.3040754203125 0.35833400000000004 0.29310305625 0.3635414671875 0.2805647375 0.36458253281249997 0.2492157375 0.3625004 0.23510932968749998 0.3562497328125 0.224136965625 0.3427073328125 0.216300784375 0.3270828 0.2194348296875 0.3145836 0.233543375 0.3041665328125 0.2648902375 0.3083329328125 0.28840092031250003
1 0.29583373281249997 0.420062875 0.3072918671875 0.418494784375 0.3166657328125 0.4090905109375 0.3333334671875 0.405956465625 0.33749986718749997 0.39655219218750004 0.33749986718749997 0.37460746562499997 0.3291670671875 0.346394646875 0.3114582671875 0.3260180109375 0.3020822671875 0.321315875 0.2843756 0.322883965625 0.2781249328125 0.33855846562499997 0.2770838671875 0.362069146875 0.2666668 0.390281965625 0.2677078671875 0.4012543296875 0.27187426718749996 0.40752455625 0.28645773281250003 0.4106586015625 0.29583373281249997 0.420062875
4 0.16326625781249998 1 0.1124161328125 0.7436685562500001 0.1105338578125 1 0.16326625781249998 1
1 0.8487687015625 1 0.848958 0.9937299203125001 0.8468758671875 0.9874618296875 0.8281259999999999 0.973353284375 0.809374 0.9749213749999999 0.7916673328125 0.9843256468750001 0.7843756 0.9952980109375 0.7828131609375 1 0.8487687015625 1
1 0.5208342671875 0.9294681015625 0.51875 0.9357361921875 0.51875 0.9561128296874999 0.5229164 0.9780554203125 0.5354177328125 0.9811916015625 0.5562497328125 0.9608149656249999 0.5770838671875 0.9561128296874999 0.5770838671875 0.9435745109375 0.5708332 0.9216297843750001 0.5697921328125 0.905955284375 0.5666667999999999 0.8996871921875 0.5552086671875001 0.89498505625 0.5208342671875 0.9294681015625
4 0 0.1845629734375 0.0361452 0.176254646875 0.0381036 0.050924875 0 0.0732279125 0 0.1845629734375
1 0.043420521875 0 0.045832667187499995 0.0344834203125 0.058334 0.083072875 0.0656257328125 0.092477146875 0.0708332 0.092477146875 0.0749996 0.089340965625 0.0760406671875 0.0329153296875 0.067916625 0 0.043420521875 0
1 0.24733731718750002 0 0.2416662671875 0.0109727375 0.248958 0.061128146875 0.2499990671875 0.0940431015625 0.2572908 0.1018814203125 0.2687510671875 0.1003133296875 0.2781249328125 0.0940431015625 0.28645773281250003 0.0799366921875 0.28645773281250003 0.068966465625 0.27604066718750003 0.0470217375 0.2770838671875 0.0031344203124999996 0.2739588703125 0 0.24733731718750002 0
1 0.47708386718750007 0.0705324203125 0.4781249328125 0.0877750109375 0.4895830671875 0.1018814203125 0.4979158671875 0.1018814203125 0.5020822671875 0.092477146875 0.5000001328125 0.0705324203125 0.4927084 0.0642643296875 0.4802092 0.065830284375 0.47708386718750007 0.0705324203125
1 0.5552086671875001 0.097179284375 0.5645825328125 0.119121875 0.5708332 0.12382401093749999 0.5781249328125 0.12382401093749999 0.5864577328125 0.1112856921875 0.5864577328125 0.0783707375 0.5781249328125 0.0642643296875 0.5604161328124999 0.0642643296875 0.5552086671875001 0.076802646875 0.5552086671875001 0.097179284375
1 0.7312491999999999 0.0721005109375 0.7322924000000001 0.0799366921875 0.7479169328124999 0.10344737500000001 0.7541675999999999 0.1081495109375 0.7635414671875 0.10658355625 0.7666668 0.1003133296875 0.7687489328125 0.081504784375 0.7677078671875 0.0642643296875 0.7625004 0.05642601093750001 0.748958 0.0579941015625 0.7312491999999999 0.0721005109375
1 0.8447916 0.0846388296875 0.8291670671875 0.0956111921875 0.8281259999999999 0.10971760156249999 0.8302081328125 0.12382401093749999 0.848958 0.12696019218750002 0.8687510671875 0.12382401093749999 0.8749996 0.119121875 0.8739585328125001 0.0956111921875 0.8625004000000001 0.0705324203125 0.8572908 0.068966465625 0.8531243999999999 0.0721005109375 0.8447916 0.0846388296875
1 0.9364587999999999 0.07523455625 0.9354177328125 0.089340965625 0.9427073328125 0.105015465625 0.9427073328125 0.12382401093749999 0.948958 0.1253921015625 0.9604161328125 0.119121875 0.9708332000000001 0.10658355625 0.9760406671874999 0.083072875 0.9760406671874999 0.067398375 0.9718742671875 0.059562192187499995 0.9541676000000001 0.059562192187499995 0.9364587999999999 0.07523455625
1 0.6635414671875 0.29310305625 0.6656257328125 0.299373284375 0.7031254671875 0.30564351093750003 0.7093740000000001 0.3025073296875 0.7093740000000001 0.2915371015625 0.6979158671875 0.2492157375 0.6906241328125 0.24451360156250002 0.6802092 0.2507838296875 0.6656257328125 0.28213069218750003 0.6635414671875 0.29310305625
1 0.5854166671875001 0.4153607375 0.5916673328125001 0.4326011921875 0.6072918671875 0.44357355624999995 0.6239574671875 0.44514164687499996 0.6260417328125001 0.4404395109375 0.6250006671875 0.4310352375 0.6135425328124999 0.4122266921875 0.6052076 0.390281965625 0.5927084 0.390281965625 0.5875009328125 0.398118146875 0.5854166671875001 0.4153607375
1 0.5510422671875 0.299373284375 0.5479169328125 0.30877755625000003 0.5479169328125 0.321315875 0.5562497328125 0.3401244203125 0.5656257328125001 0.3432606015625 0.5708332 0.33855846562499997 0.5822913328125 0.300941375 0.5822913328125 0.29310305625 0.5791660000000001 0.28840092031250003 0.5729174671874999 0.285266875 0.5614593328125 0.2868328296875 0.5510422671875 0.299373284375
1 0.4937494671875 0.4012543296875 0.49583373281250004 0.4231969203125 0.5031254671875 0.4388714203125 0.5135425328125 0.44670760156249995 0.5260417328125 0.44670760156249995 0.5343745328125 0.4404395109375 0.5427073328125 0.42789905624999997 0.5468758671875 0.40752455625 0.5447916 0.390281965625 0.5406252 0.3808776921875 0.5270828 0.36050105625 0.5218753328125 0.3573670109375 0.5072918671875 0.3573670109375 0.5020822671875 0.36050105625 0.4979158671875 0.3730415109375 0.4979158671875 0.390281965625 0.4937494671875 0.4012543296875
1 0.45833399999999996 0.3025073296875 0.4635414671875 0.3181818296875 0.4739585328125 0.330720146875 0.4895830671875 0.32915419218749997 0.4947926671875 0.32445205625 0.4989590671875 0.3119116015625 0.4989590671875 0.285266875 0.488542 0.263322146875 0.47291746718749994 0.247649784375 0.4656257328125 0.24608169218749998 0.4614593328125 0.2507838296875 0.4562497328125 0.2727264203125 0.45833399999999996 0.3025073296875
1 0.43645880000000004 0.390281965625 0.4374998671875 0.405956465625 0.4427073328125 0.4153607375 0.4531244 0.4169288296875 0.4593750671875 0.40752455625 0.45833399999999996 0.388713875 0.45208333281249996 0.37930960156250004 0.4427073328125 0.37930960156250004 0.43645880000000004 0.390281965625
1 0.1905110671875 0.21786887500000002 0.18143800000000002 0.1996713296875 0.1300417328125 0.37559660156249997 0.16531213281249998 0.4301871015625 0.1673324 0.37711555625000004 0.1743852 0.321003965625 0.1905110671875 0.21786887500000002
1 0.058334 0.351096784375 0.079166 0.3636372375 0.088542 0.3730415109375 0.0979158671875 0.37460746562499997 0.10104120000000001 0.3636372375 0.10208226718749999 0.3338563296875 0.0927084 0.2727264203125 0.08020920000000001 0.2727264203125 0.0593750671875 0.28369878437499996 0.055208667187500005 0.2915371015625 0.05208333281250001 0.307209465625 0.0531244 0.3275861015625 0.058334 0.351096784375
1 0.329861896875 0 0.3333334671875 0.015674874999999998 0.3427073328125 0.018808920312499998 0.348958 0.00783655625 0.35098339375 0 0.329861896875 0
3 0.013542532812499999 0.136364465625 0.006250799999999999 0.1457687375 1.328125e-7 0.1692794203125 0.0083329328125 0.186519875 0.0156246671875 0.1912220109375 0.0250006671875 0.1849539203125 0.0333334671875 0.1630091921875 0.0333334671875 0.14263255625 0.0302081328125 0.134796375 0.013542532812499999 0.136364465625
3 0.1025516 0.8903598296874999 0.09298999999999999 0.859059965625 0.0868118671875 0.8514416921875 0.0671254671875 0.908980375 0.069374 0.92929505625 0.1008641328125 0.9868337374999999 0.1048022671875 0.9749833296875 0.1014273328125 0.9386053296875 0.10536546718749999 0.9233709203125 0.1025516 0.8903598296874999
3 0.1048022671875 0.9614580109374999 0.11155213281250001 0.975831465625 0.10986466718750001 0.919984784375 0.1025516 0.9360651921875001 0.1048022671875 0.9614580109374999
3 0.1095327328125 1 0.10986466718750001 0.9885257375000001 0.1059265328125 0.9732913296874999 0.10199053281249999 0.9851417375 0.09855479375000001 1 0.1095327328125 1
1 0.2770838671875 0.923197875 0.2531244 0.9279000109375 0.2510422671875 0.9341702375000001 0.2552086671875 0.96238305625 0.25937506718750003 0.9670851921875 0.2656257328125 0.9655171015624999 0.2875009328125 0.9498426015625 0.28958306718750004 0.945140465625 0.28854199999999997 0.9341702375000001 0.2770838671875 0.923197875
1 0.2812502671875 0.9514106921875 0.2645825328125 0.96238305625 0.2666668 0.9843256468750001 0.27187426718749996 0.9952980109375 0.2812502671875 0.9952980109375 0.2937494671875 0.9827575562499999 0.29583373281249997 0.9670851921875 0.2916673328125 0.9576809203125001 0.2812502671875 0.9514106921875
1 0.4395841328125 0.93103405625 0.4437505328125 0.9435745109375 0.4531244 0.959246875 0.4656257328125 0.968651146875 0.4760406671875 0.96238305625 0.47083320000000006 0.9420064203124999 0.47083320000000006 0.9341702375000001 0.4749996 0.9263319203125 0.4895830671875 0.923197875 0.5052076 0.9341702375000001 0.509374 0.9263319203125 0.5052076 0.9028212375000001 0.4916673328125 0.8824446015625 0.4749996 0.871474375 0.46666679999999994 0.8730403296875 0.4510422671875 0.8840126921874999 0.44062520000000005 0.9028212375000001 0.4385409328125 0.9169276468750001 0.4395841328125 0.93103405625
1 0.6442698921875001 1 0.6385409328125 0.9921639656250001 0.6322924000000001 0.989027784375 0.6197910671875 0.9702192374999999 0.6104172 0.9639490109375 0.5968747999999999 0.9655171015624999 0.5843756 0.990595875 0.5843756 1 0.6442698921875001 1
1 0.688542 0.907523375 0.6875009328125 0.9420064203124999 0.6895830671875001 0.9498426015625 0.6958337328125 0.9545447375 0.7197910671875001 0.945140465625 0.7281259999999999 0.93103405625 0.7281259999999999 0.9122255109375 0.7197910671875001 0.8902829203125 0.7135425328125 0.885580784375 0.7020822671875 0.8902829203125 0.688542 0.907523375
1 0.8625004000000001 0.945140465625 0.8645825328125 0.9514106921875 0.8749996 0.9545447375 0.8781249328125 0.9514106921875 0.879166 0.9388723750000001 0.8770838671875 0.93103405625 0.8666668 0.93103405625 0.8635414671874999 0.9357361921875 0.8625004000000001 0.945140465625
1 0.9343745328124999 0.8228849203124999 0.9239574671874999 0.8244508749999999 0.9208342671875 0.8307211015625 0.9229164000000001 0.8479615562499999 0.9354177328125 0.849529646875 0.9395841328125 0.8401253750000001 0.9395841328125 0.8291530109374999 0.9343745328124999 0.8228849203124999
1 0.0916673328125 0.7648911921875 0.0875009328125 0.7774295109375 0.0875009328125 0.7931040109375 0.0958337328125 0.8087763750000001 0.1031254671875 0.8040742375000001 0.10104120000000001 0.7680252375000001 0.09687480000000001 0.758620965625 0.0916673328125 0.7648911921875
1 0.10416653281249999 0.721003875 0.0947926671875 0.7257060109375 0.0937494671875 0.7351102843749999 0.0958337328125 0.7460805109375 0.10468706718750001 0.7578369203124999 0.1062508 0.7319741015625 0.10416653281249999 0.721003875