1 0.055830250000000005 0.7636363640625 0.059553078125000006 0.7595041328125001 0.058312135937499995 0.733884296875 0.0508685453125 0.7239669421875 0.0409430703125 0.72644628125 0.00496193125 0.7421487609375 0.007443815625 0.7495867765625001 0.0111666453125 0.752066115625 0.0223330625 0.7553719015625 0.0409430703125 0.76528925625 0.055830250000000005 0.7636363640625
1 0.044665899999999994 0.7917355374999999 0.047145717187500005 0.7760330578125 0.044665899999999994 0.7719008265625 0.0359792984375 0.7677685953125 0.02357400625 0.7694214875000001 0.014887406249999999 0.7727272734375 0.0111666453125 0.7768595046875 0.0111666453125 0.790909090625 0.018610234375 0.79586776875 0.0359792984375 0.796694215625 0.044665899999999994 0.7917355374999999
1 0.12531064375 0.796694215625 0.13523611875 0.7760330578125 0.131513290625 0.7710743796874999 0.1166261109375 0.766115703125 0.0918113890625 0.7669421484375001 0.0769221421875 0.770247934375 0.0719604390625 0.7768595046875 0.070719496875 0.8074380171875 0.059553078125000006 0.8239669421875 0.05335043125 0.8280991734375001 0.057071192187499994 0.835537190625 0.069478553125 0.8462809921875 0.09677516093750001 0.8528925624999999 0.12158781562500001 0.8528925624999999 0.12903140468750002 0.8512396687500001 0.1476434796875 0.84297520625 0.15508706875 0.8363636359375001 0.15260518437499998 0.8314049593749999 0.1327542328125 0.817355371875 0.1265515875 0.809090909375 0.12531064375 0.796694215625
1 0 0.8473988234375 0.012407587500000001 0.8537190078125001 0.0372202421875 0.8561983468750001 0.048386659375 0.8553719015624999 0.06451685 0.8504132234374999 0.058312135937499995 0.84297520625 0.047145717187500005 0.8380165296875 0.0223330625 0.835537190625 0.0111666453125 0.8363636359375001 2.265625e-7 0.8338842968750001 0 0.8338843484374999 0 0.8473988234375
1 0 0.63925668125 0.0062028734375 0.64297520625 0.0359792984375 0.65123966875 0.049627603125 0.6438016531249999 0.057071192187499994 0.62644628125 0.0508685453125 0.6214876031250001 0.045904773437500004 0.62066115625 0.02481288125 0.6231404953124999 0.016128348437500002 0.62066115625 0.00496193125 0.62066115625 0 0.6235532484374999 0 0.63925668125
1 0.0918113890625 0.5371900828125 0.080644971875 0.5338842968749999 0.0682376109375 0.5322314046875001 0.055830250000000005 0.5330578515625 0.04342495625 0.539669421875 0.039702128125 0.5454545453125 0.0409430703125 0.5644628093749999 0.059553078125000006 0.578512396875 0.080644971875 0.578512396875 0.089329503125 0.57355371875 0.0980140359375 0.5636363640625001 0.100495921875 0.5578512390625 0.0992549796875 0.5421487609375 0.0918113890625 0.5371900828125
1 0.0395035765625 0.6897272734375 0.04052115 0.6924214875 0.056686499999999994 0.6769421484375 0.051637931250000005 0.6668512390625 0.0425438875 0.670884296875 0.03749325 0.6816528921875 0.0395035765625 0.6897272734375
1 0.0768849140625 0.7294380171875 0.1354843078125 0.72876033125 0.1445783515625 0.7240495874999999 0.05264309375 0.713958678125 0.07083118125 0.7247272734375 0.0768849140625 0.7294380171875
1 0.1563280125 0.6438016531249999 0.1488823546875 0.633884296875 0.131513290625 0.6198347109375 0.1091804546875 0.6082644625 0.100495921875 0.6099173546875 0.100495921875 0.62066115625 0.11786498593750001 0.6413223140625 0.1228287578125 0.6504132234375 0.1228287578125 0.6586776859375 0.1141442265625 0.666115703125 0.0992549796875 0.6743801656249999 0.090570446875 0.6768595046875 0.0769221421875 0.6859504125 0.06451685 0.686776859375 0.042184014062500004 0.696694215625 0.042184014062500004 0.704958678125 0.048386659375 0.709090909375 0.059553078125000006 0.7107438015625 0.070719496875 0.709090909375 0.0818859140625 0.704958678125 0.094293275 0.703305784375 0.12158781562500001 0.6917355374999999 0.13523611875 0.68760330625 0.14516159374999998 0.686776859375 0.1563280125 0.6818181812499999 0.16377160156249998 0.6859504125 0.1687353734375 0.683471075 0.1699742484375 0.6760330578125 0.1749380203125 0.668595040625 0.1736970765625 0.656198346875 0.1699742484375 0.65123966875 0.1563280125 0.6438016531249999
1 0.20595538906250002 0.6636363640625 0.20595538906250002 0.6545454546875 0.202232559375 0.6462809921875 0.1935480265625 0.638842975 0.1848634953125 0.6404958671875 0.17741990624999998 0.6495867765625001 0.1699742484375 0.6702479343750001 0.1699742484375 0.6859504125 0.17866084843750002 0.6917355374999999 0.18858632343749998 0.690909090625 0.1985117984375 0.6851239671875 0.1985117984375 0.67768595 0.20347350312499998 0.6719008265624999 0.20595538906250002 0.6636363640625
1 0.3163765578125 0.735537190625 0.323822215625 0.7280991734375 0.325061090625 0.7123966937499999 0.30893296875 0.6917355374999999 0.2965256078125 0.690909090625 0.287841075 0.695041321875 0.26674918281250004 0.6975206609375 0.2493801171875 0.704958678125 0.2456572890625 0.72066115625 0.25062106093750003 0.7305785124999999 0.2568237078125 0.735537190625 0.2717129546875 0.7404958671874999 0.294043721875 0.7421487609375 0.3076920265625 0.7396694218750001 0.3163765578125 0.735537190625
1 0.282879371875 0.67933884375 0.27295182812499996 0.6752066109375 0.25186200312499996 0.6578512390625 0.24193446093749998 0.6578512390625 0.232008984375 0.6702479343750001 0.2307701109375 0.6809917359375001 0.233249928125 0.686776859375 0.24317540312500002 0.6933884296875 0.2568237078125 0.6975206609375 0.28660013281249996 0.695041321875 0.30024843749999997 0.6900826453125 0.303969196875 0.6842975203125 0.30024843749999997 0.6818181812499999 0.282879371875 0.67933884375
1 0.74689895625 0.42809917343750004 0.7605451921874999 0.42066115625 0.7605451921874999 0.4115702484375 0.751860659375 0.4024793390625 0.7357325390625 0.40165289218750005 0.723325178125 0.4107438015625 0.7245661203125 0.421487603125 0.7357325390625 0.42809917343750004 0.74689895625 0.42809917343750004
1 0.4751862296875 0.56528925625 0.4888345328125 0.556198346875 0.49255529375 0.5504132234375 0.49255529375 0.543801653125 0.4900734078125 0.538842975 0.48262981875 0.535537190625 0.44913056406249996 0.5363636359374999 0.436725271875 0.5380165296875 0.43052055781250004 0.5413223140625 0.42679979687499997 0.5495867765625 0.4292796140625 0.5537190078124999 0.44292791875 0.561157025 0.47022245781249994 0.566115703125 0.4751862296875 0.56528925625
2 0.589330228125 0.7322314046875 0.610422121875 0.7115702484375 0.624070425 0.6809917359375001 0.619106653125 0.660330578125 0.6066992921875001 0.64876033125 0.575681925 0.6330578515624999 0.55459003125 0.616528925 0.5384619093749999 0.6123966937499999 0.5297773765625 0.6074380171875 0.5210928453125 0.5917355375 0.51240624375 0.5859504125 0.49255529375 0.57933884375 0.441686975 0.578512396875 0.41687432187500006 0.582644628125 0.4081877203125 0.5909090906250001 0.397021303125 0.6123966937499999 0.3387093953125 0.6446280984375 0.323822215625 0.6553719015625 0.315135615625 0.668595040625 0.313896740625 0.682644628125 0.3325067484375 0.72066115625 0.3523576984375 0.7363636359375 0.364765059375 0.7413223140625 0.39454148437500003 0.7421487609375 0.44044603281250005 0.7380165296875 0.4454098046875 0.735537190625 0.457817165625 0.733884296875 0.466501696875 0.735537190625 0.476427171875 0.731404959375 0.48759359062499996 0.731404959375 0.5322571953125 0.7404958671874999 0.55459003125 0.7421487609375 0.569479278125 0.7396694218750001 0.589330228125 0.7322314046875
1 0.682382334375 0.7388429750000001 0.6910668656250001 0.729752065625 0.6935487515625 0.713223140625 0.682382334375 0.7008264468750001 0.6687340296875 0.695041321875 0.630273071875 0.6975206609375 0.6178657109375 0.7066115703125 0.61414495 0.7231404953125 0.6178657109375 0.731404959375 0.6290321296875 0.7388429750000001 0.64516231875 0.74297520625 0.6600494968749999 0.743801653125 0.682382334375 0.7388429750000001
1 0.66625214375 0.6925619828125 0.6749387437500001 0.6892561984375 0.6774185625 0.6768595046875 0.66625214375 0.6677685953125 0.650124021875 0.6669421484375 0.6439213765625 0.6702479343750001 0.6389576046875 0.6851239671875 0.64516231875 0.690909090625 0.650124021875 0.6925619828125 0.66625214375 0.6925619828125
1 0.74689895625 0.6710743796875 0.6985104546875001 0.656198346875 0.6861051625 0.6586776859375 0.681141390625 0.6619834703125 0.6786595046875 0.6669421484375 0.6799004484375 0.6752066109375 0.702233284375 0.6859504125 0.723325178125 0.6917355374999999 0.73697348125 0.690909090625 0.74689895625 0.686776859375 0.7506197171875 0.6809917359375001 0.7506197171875 0.6752066109375 0.74689895625 0.6710743796875
1 0.6215885390625 0.6578512390625 0.635234775 0.6586776859375 0.6439213765625 0.656198346875 0.6600494968749999 0.6421487609375001 0.6687340296875 0.6272727265625 0.6724568578125 0.6066115703125 0.671215915625 0.5975206609375 0.661290440625 0.58760330625 0.6488830796875 0.5851239671874999 0.6079402359375 0.586776859375 0.5930530578125001 0.5900826453125 0.5880892859375 0.5933884296875 0.575681925 0.5884297515625 0.5372209671875 0.5892561984375 0.5334981375 0.5917355375 0.5347390812499999 0.6 0.5843664562499999 0.635537190625 0.6215885390625 0.6578512390625
1 0.7965263328125001 0.5446280984375 0.797767275 0.5322314046875001 0.792803503125 0.5239669421875 0.7828780281250001 0.516528925 0.772952553125 0.516528925 0.7655089640625 0.52066115625 0.7605451921874999 0.5264462812499999 0.7617861359375 0.5338842968749999 0.7543425453125 0.5462809921875 0.743176128125 0.5570247937499999 0.7133997015625 0.561157025 0.70719705625 0.5636363640625001 0.7059561125 0.5719008265625 0.7245661203125 0.582644628125 0.7357325390625 0.5834710750000001 0.7605451921874999 0.5801652890625 0.7692317921875 0.5710743796875 0.772952553125 0.5578512390625 0.7965263328125001 0.5446280984375
1 0.803969921875 0.7148760328125 0.8064518078124999 0.6917355374999999 0.8188591687500001 0.6727272734375 0.8188591687500001 0.6636363640625 0.8101746359374999 0.6628099171875 0.8027289796874999 0.6677685953125 0.7965263328125001 0.668595040625 0.7866008578125 0.6752066109375 0.7816370859374999 0.6760330578125 0.7766753828125 0.6818181812499999 0.753101603125 0.686776859375 0.7481399 0.6933884296875 0.738214425 0.6983471078125 0.7245661203125 0.699173553125 0.7121587593750001 0.709090909375 0.6960306375 0.7363636359375 0.700992340625 0.7388429750000001 0.7406942421875 0.7388429750000001 0.74689895625 0.7371900828125 0.7717116109375 0.7371900828125 0.78908274375 0.7330578515624999 0.7990082187499999 0.7239669421875 0.803969921875 0.7148760328125
2 1 0.6657434390625 0.8565631515625001 0.6238595046875 0.8268239546875 0.663471075 0.8111777312499999 0.6947438015625 0.8127413203125 0.710380165625 0.8549995625 0.73644628125 0.9363640546875001 0.7656280984375 1 0.7770412796875 1 0.6657434390625
1 0.91988846875 0.6589256203125 0.9364757390625 0.6595041328125 0.937356809375 0.6542727265625 0.91203536875 0.6426363640625 0.8770966203125001 0.641471075 0.8762279609375 0.6438016531249999 0.9033011984374999 0.6548512390625 0.91988846875 0.6589256203125
1 0.100495921875 0.46694214843750004 0.090570446875 0.46033057812499995 0.079404028125 0.45702479374999994 0.070719496875 0.45702479374999994 0.0508685453125 0.46363636406250003 0.039702128125 0.47685950468750005 0.038461184375 0.49586776875 0.04342495625 0.5107438015625 0.049627603125 0.513223140625 0.055830250000000005 0.5247933890625001 0.060794020312499995 0.5280991734375 0.079404028125 0.5330578515625 0.0980140359375 0.53471074375 0.111662340625 0.5272727265625 0.11538516875 0.5223140500000001 0.11786498593750001 0.513223140625 0.11538516875 0.5049586781250001 0.1166261109375 0.4975206609375 0.11042139687500001 0.48512396718749995 0.100495921875 0.47685950468750005 0.100495921875 0.46694214843750004
1 0.13399517656249998 0.48181818125 0.13523611875 0.468595040625 0.1265515875 0.461157025 0.1141442265625 0.4595041328125 0.10545969375 0.4619834703125 0.100495921875 0.466115703125 0.0992549796875 0.47685950468750005 0.10793951093750001 0.4859504125 0.12158781562500001 0.4892561984375 0.12903140468750002 0.48760330625000003 0.13399517656249998 0.48181818125
1 0.294043721875 0.516528925 0.287841075 0.51239669375 0.26674918281250004 0.5049586781250001 0.254341821875 0.5041322312500001 0.2357318140625 0.5107438015625 0.22580633906249997 0.5247933890625001 0.22456539531250003 0.53471074375 0.232008984375 0.5504132234375 0.24193446093749998 0.5570247937499999 0.25186200312499996 0.560330578125 0.26799012499999997 0.561157025 0.28039748593749997 0.5570247937499999 0.2965256078125 0.547933884375 0.30024843749999997 0.5421487609375 0.29900749375 0.5264462812499999 0.294043721875 0.516528925
1 0.44665074687499995 0.5223140500000001 0.4454098046875 0.5148760328125 0.42679979687499997 0.5024793390625 0.41066960625000004 0.49586776875 0.3995031890625 0.49586776875 0.38957771406249997 0.5016528921875001 0.3796522375 0.5140495875 0.3722086484375 0.51239669375 0.37096770625 0.516528925 0.364765059375 0.5190082640625 0.35731940156249997 0.5264462812499999 0.333747690625 0.5322314046875001 0.323822215625 0.5404958671875 0.323822215625 0.5504132234375 0.32878391875 0.561157025 0.343673165625 0.5719008265625 0.3598012875 0.5801652890625 0.38213412343750003 0.5842975203125 0.40942866406249995 0.58181818125 0.41191055 0.57355371875 0.40942866406249995 0.556198346875 0.421836025 0.5421487609375 0.4441688609375 0.5264462812499999 0.44665074687499995 0.5223140500000001
1 0.55459003125 0.5247933890625001 0.5471464421875 0.51239669375 0.5248136046874999 0.5 0.508685484375 0.5016528921875001 0.48511170468750003 0.5190082640625 0.4813888765625 0.5280991734375 0.48387076249999994 0.5338842968749999 0.5111653015625001 0.556198346875 0.5148881296875001 0.5809917359375001 0.5198519015625 0.5851239671874999 0.5285364343750001 0.586776859375 0.5459054984375 0.5851239671874999 0.5533490875 0.586776859375 0.5669973921875 0.5842975203125 0.5806456953125 0.57933884375 0.599255703125 0.5636363640625001 0.6029785328124999 0.5570247937499999 0.6029785328124999 0.5413223140625 0.5732000390625 0.5371900828125 0.55459003125 0.5247933890625001
1 0.7034742265625 0.529752065625 0.702233284375 0.5190082640625 0.6985104546875001 0.5140495875 0.682382334375 0.503305784375 0.6674930875 0.5049586781250001 0.624070425 0.5413223140625 0.609181178125 0.5471074375 0.6079402359375 0.5636363640625001 0.61662476875 0.5719008265625 0.630273071875 0.5743801656249999 0.661290440625 0.57355371875 0.6637723265625 0.568595040625 0.682382334375 0.5578512390625 0.6972695125 0.543801653125 0.7034742265625 0.529752065625
1 0.7245661203125 0.46363636406250003 0.71712253125 0.46446280937499995 0.7096768734375 0.46280991718750003 0.7034742265625 0.46528925625 0.6836232765625 0.48347107500000003 0.681141390625 0.4917355375 0.682382334375 0.49834710781249997 0.6873440375000001 0.5049586781250001 0.7034742265625 0.516528925 0.710917815625 0.516528925 0.7245661203125 0.52066115625 0.7481399 0.521487603125 0.7642680203125 0.51818181875 0.7704706671875 0.51239669375 0.7717116109375 0.5 0.7555834890625001 0.4801652890625 0.7456580140625 0.4719008265625 0.7245661203125 0.46363636406250003
1 1 0.47060205 0.996278846875 0.470247934375 0.9900741328124999 0.47438016562499996 0.98263054375 0.47438016562499996 0.9764258281249999 0.4801652890625 0.967741296875 0.48347107500000003 0.96277959375 0.49090909062500004 0.9528541171875 0.4975206609375 0.95037223125 0.5066115703125 0.9540950609375001 0.51239669375 0.9751869546874999 0.5223140500000001 0.986353371875 0.5231404953125 0.9937969609374999 0.521487603125 1 0.516322275 1 0.47060205
1 0 0.43862270312499996 0.0099257015625 0.435537190625 0.014887406249999999 0.43223140468750004 0.018610234375 0.4247933890625 0.014887406249999999 0.41900826406249997 0 0.4075652328125 0 0.43862270312499996
1 0 0.395372340625 0.007443815625 0.400826446875 0.019851178125 0.40413223125000003 0.0310175953125 0.40413223125000003 0.04342495625 0.39917355312499997 0.0521094890625 0.3917355375 0.05335043125 0.3809917359375 0.0508685453125 0.3760330578125 0.0409430703125 0.37520661093749996 0.028535709375000003 0.37685950468749996 0.00372305625 0.37355371875 0 0.37448352812499996 0 0.395372340625
1 0 0.3615163890625 0.0223330625 0.3628099171875 0.027294767187500003 0.35950413281250004 0.0359792984375 0.3636363640625 0.042184014062500004 0.3586776859375 0.054591375 0.3578512390625 0.0831268578125 0.36528925624999997 0.100495921875 0.36528925624999997 0.1091804546875 0.3628099171875 0.12158781562500001 0.3553719015625 0.1277925296875 0.3421487609375 0.1240697015625 0.33140495937500003 0.100495921875 0.32066115625 0.048386659375 0.3231404953125 0.0409430703125 0.3247933890625 0.034740425000000005 0.3289256203125 0.013648531250000002 0.3289256203125 0.007443815625 0.3247933890625 0 0.3256198609375 0 0.3615163890625
1 0.1228287578125 0.3975206609375 0.10670063593750001 0.39008264531250003 0.0880885609375 0.37685950468749996 0.0781630859375 0.3760330578125 0.055830250000000005 0.395041321875 0.033499481250000004 0.404958678125 0.027294767187500003 0.4115702484375 0.026053823437500002 0.421487603125 0.029776653125000004 0.42809917343750004 0.0409430703125 0.4371900828125 0.1017368640625 0.4595041328125 0.111662340625 0.4553719015625 0.131513290625 0.43471074375 0.1364770625 0.41900826406249997 0.1228287578125 0.3975206609375
1 0.17245613437500001 0.447933884375 0.1848634953125 0.4421487609375 0.1947889703125 0.4272727265625 0.1861044375 0.41570247968749996 0.17866084843750002 0.4115702484375 0.1687353734375 0.4107438015625 0.1476434796875 0.41818181875000004 0.14019782187500002 0.4231404953125 0.13523611875 0.431404959375 0.1364770625 0.44297520625000003 0.15508706875 0.44876033125000003 0.17245613437500001 0.447933884375
2 0.2357318140625 0.4586776859375 0.222083509375 0.45702479374999994 0.192307084375 0.4454545453125 0.1761789625 0.447933884375 0.16377160156249998 0.4727272734375 0.16377160156249998 0.4801652890625 0.17121519062499999 0.48760330625000003 0.222083509375 0.4975206609375 0.2406955859375 0.503305784375 0.2617874796875 0.503305784375 0.30024843749999997 0.5140495875 0.3114148546875 0.5140495875 0.344914109375 0.5198347109375 0.3598012875 0.5140495875 0.3684858203125 0.48347107500000003 0.35856034531250003 0.47685950468750005 0.325061090625 0.47355371875 0.315135615625 0.4760330578125 0.27295182812499996 0.4677685953125 0.25930559375 0.46694214843750004 0.2357318140625 0.4586776859375
1 0.5000009515625 0.45619834687500005 0.49876000937500004 0.4446280984375 0.49503717968750005 0.4371900828125 0.4813888765625 0.4247933890625 0.47270434375 0.42644628124999995 0.4454098046875 0.4454545453125 0.428038671875 0.45454545468749996 0.4292796140625 0.46363636406250003 0.435484328125 0.4710743796875 0.45161245 0.47851239687499997 0.46774264062500004 0.47851239687499997 0.49503717968750005 0.4694214875 0.5000009515625 0.45619834687500005
1 0.722084234375 0.38842975156250004 0.71836140625 0.3809917359375 0.7047151703125001 0.36942148750000003 0.6724568578125 0.352066115625 0.65632666875 0.35041322343750003 0.6054583499999999 0.35123966875 0.5794047531250001 0.3578512390625 0.5669973921875 0.3628099171875 0.5434236125 0.38016528906249997 0.518610959375 0.39008264531250003 0.49876000937500004 0.4066115703125 0.497519065625 0.43471074375 0.5012398265625 0.4454545453125 0.5012398265625 0.4752066109375 0.5049626546875 0.48512396718749995 0.559553803125 0.5157024796874999 0.57444098125 0.517355371875 0.5880892859375 0.521487603125 0.609181178125 0.521487603125 0.6178657109375 0.5198347109375 0.624070425 0.5157024796874999 0.631514015625 0.5066115703125 0.6575676109375 0.5024793390625 0.6736978015624999 0.4975206609375 0.6848642203125 0.47685950468750005 0.6960306375 0.468595040625 0.71712253125 0.4421487609375 0.722084234375 0.42809917343750004 0.7196023484375 0.4107438015625 0.723325178125 0.40578512343749995 0.722084234375 0.38842975156250004
1 0.7766753828125 0.37768595 0.7555834890625001 0.37355371875 0.723325178125 0.37355371875 0.71836140625 0.3760330578125 0.72704800625 0.3842975203125 0.75682443125 0.3933884296875 0.7853599140624999 0.396694215625 0.8101746359374999 0.396694215625 0.8201001109374999 0.3925619828125 0.8188591687500001 0.383471075 0.8126544546875 0.3809917359375 0.7766753828125 0.37768595
1 0.5831275812500001 0.33719008281249996 0.6116630640625 0.3322314046875 0.6476421359375 0.31983471093750004 0.6575676109375 0.3115702484375 0.6526059078124999 0.30578512343750003 0.6476421359375 0.304958678125 0.61662476875 0.31074380156250003 0.5806456953125 0.3231404953125 0.5620356890625 0.325619834375 0.5570719171875 0.333884296875 0.56451550625 0.33719008281249996 0.5831275812500001 0.33719008281249996
1 0.784118971875 0.3289256203125 0.7741934968749999 0.3247933890625 0.738214425 0.3305785125 0.7307687671875 0.34049586718749997 0.7307687671875 0.34876033125 0.7357325390625 0.35619834687499996 0.7692317921875 0.3710743796875 0.784118971875 0.3710743796875 0.797767275 0.366115703125 0.8126544546875 0.366115703125 0.825061815625 0.370247934375 0.8461537078125 0.368595040625 0.8610429546875 0.37355371875 0.8771710765625 0.382644628125 0.89081938125 0.3842975203125 0.9119112734374999 0.37768595 0.92059580625 0.3710743796875 0.9243186359375001 0.3636363640625 0.9230776921875 0.3537190078125 0.9181139203124999 0.3471074375 0.905706559375 0.338842975 0.8970220265625001 0.3363636359375 0.8771710765625 0.33719008281249996 0.8672456015625001 0.339669421875 0.856079184375 0.33719008281249996 0.8163772828125 0.33719008281249996 0.8114135109375 0.33471074375 0.8027289796874999 0.3363636359375 0.797767275 0.3322314046875 0.794044446875 0.3322314046875 0.78908274375 0.335537190625 0.784118971875 0.3289256203125
2 1 0.417355371875 0.9602977078125001 0.417355371875 0.9528541171875 0.4305785125 0.951613175 0.46280991718750003 0.9615386499999999 0.4677685953125 0.998758665625 0.46694214843750004 1 0.4671626296875 1 0.417355371875
1 0.14019782187500002 0.2537190078125 0.13523611875 0.2462809921875 0.1228287578125 0.23719008281249998 0.10793951093750001 0.2305785125 0.0918113890625 0.229752065625 0.0843678 0.23223140468749998 0.060794020312499995 0.25206611562500003 0.049627603125 0.25785123906249996 0.042184014062500004 0.2586776859375 0.027294767187500003 0.26528925625 0.0210921203125 0.266115703125 0.016128348437500002 0.270247934375 0.014887406249999999 0.27851239687499996 0.02481288125 0.3 0.042184014062500004 0.31239669375 0.054591375 0.317355371875 0.08374732812499999 0.3222314046875 0.09677516093750001 0.3190082640625 0.1017368640625 0.31239669375 0.09553421875 0.3 0.0992549796875 0.28760330624999997 0.10793951093750001 0.282644628125 0.1191059296875 0.2719008265625 0.13895687968749998 0.2619834703125 0.14019782187500002 0.2537190078125
1 0.18734538125 0.2190082640625 0.17245613437500001 0.2140495875 0.1575689546875 0.21322314062499997 0.1364770625 0.2157024796875 0.131513290625 0.21818181874999998 0.12903140468750002 0.2239669421875 0.1327542328125 0.2305785125 0.151364240625 0.239669421875 0.1687353734375 0.24545454531250002 0.18858632343749998 0.26115702500000004 0.1935480265625 0.2752066109375 0.1935480265625 0.286776859375 0.18734538125 0.31239669375 0.192307084375 0.31818181874999996 0.1997527421875 0.31818181874999996 0.21215803437499997 0.3115702484375 0.22704728125 0.283471075 0.2357318140625 0.2553719015625 0.232008984375 0.2363636359375 0.22084463593749998 0.225619834375 0.18734538125 0.2190082640625
1 0.3076920265625 0.22479338906250002 0.28660013281249996 0.2190082640625 0.2568237078125 0.22231404999999999 0.24317540312500002 0.22644628125000002 0.23821370000000003 0.239669421875 0.24193446093749998 0.25206611562500003 0.2704720109375 0.2760330578125 0.28660013281249996 0.2942148765625 0.292804846875 0.29752066093749996 0.303969196875 0.29752066093749996 0.32134032968750004 0.2925619828125 0.333747690625 0.28181818125 0.3387093953125 0.268595040625 0.3374684515625 0.2537190078125 0.323822215625 0.23388429687499998 0.3076920265625 0.22479338906250002
2 0.56451550625 0.2628099171875 0.5669973921875 0.24297520625 0.5620356890625 0.217355371875 0.5521102140624999 0.2082644625 0.5384619093749999 0.2024793390625 0.5235726625 0.199173553125 0.5136471874999999 0.200826446875 0.48262981875 0.2198347109375 0.47146340000000003 0.22314049531250002 0.4342433859375 0.2421487609375 0.3796522375 0.264462809375 0.3598012875 0.2760330578125 0.34119127968749996 0.28181818125 0.287841075 0.3115702484375 0.2766746578125 0.3148760328125 0.2456572890625 0.32975206562500003 0.233249928125 0.3322314046875 0.2146399203125 0.3421487609375 0.20595538906250002 0.34297520625 0.18858632343749998 0.35041322343750003 0.1761789625 0.3636363640625 0.1736970765625 0.3727272734375 0.1749380203125 0.3917355375 0.192307084375 0.4148760328125 0.20843727343750001 0.431404959375 0.21712180625 0.4371900828125 0.222083509375 0.4380165296875 0.24689823125000002 0.45371900781249996 0.2605465359375 0.4586776859375 0.27295182812499996 0.46033057812499995 0.27915654375 0.46363636406250003 0.3076920265625 0.46694214843750004 0.31885844375 0.470247934375 0.3300248625 0.468595040625 0.344914109375 0.4710743796875 0.35111675625 0.4677685953125 0.35856034531250003 0.4694214875 0.41191055 0.4586776859375 0.46774264062500004 0.42809917343750004 0.49503717968750005 0.4066115703125 0.5099264265625 0.3917355375 0.5136471874999999 0.3842975203125 0.5235726625 0.37685950468749996 0.5421826703125 0.3495867765625 0.5496283281250001 0.3289256203125 0.559553803125 0.31239669375 0.5657564484375001 0.286776859375 0.56451550625 0.2628099171875
1 0.6228294828125 0.2851239671875 0.6327549578125 0.268595040625 0.635234775 0.2537190078125 0.631514015625 0.2462809921875 0.624070425 0.247933884375 0.6116630640625 0.25785123906249996 0.600496646875 0.2628099171875 0.5707202203125 0.268595040625 0.5682383343749999 0.27355371875 0.569479278125 0.27933884375 0.5880892859375 0.2925619828125 0.6066992921875001 0.2933884296875 0.615383825 0.290909090625 0.6228294828125 0.2851239671875
1 0.8362282328124999 0.2719008265625 0.8126544546875 0.25702479375 0.7965263328125001 0.2380165296875 0.7816370859374999 0.23719008281249998 0.753101603125 0.24876033125000002 0.74689895625 0.2545454546875 0.7444170703124999 0.2636363640625 0.7617861359375 0.2760330578125 0.7717116109375 0.2884297515625 0.7741934968749999 0.29586776875 0.772952553125 0.32231405 0.77915726875 0.3247933890625 0.7965263328125001 0.32644628125 0.8188591687500001 0.325619834375 0.8362282328124999 0.32066115625 0.856079184375 0.309090909375 0.8684865453124999 0.290909090625 0.8684865453124999 0.28181818125 0.8610429546875 0.27768595 0.8548382406249999 0.27768595 0.8362282328124999 0.2719008265625
1 0.9751869546874999 0.283471075 0.9727050687500001 0.26528925625 0.9652614796875 0.256198346875 0.9540950609375001 0.25123966875 0.92183675 0.25123966875 0.906947503125 0.2545454546875 0.9094293890625 0.2619834703125 0.9032267421875 0.26528925625 0.8945401421874999 0.2752066109375 0.8982629703124999 0.29752066093749996 0.9106703312500001 0.30661157031249997 0.916872978125 0.3082644625 0.9404467562500001 0.3082644625 0.947890346875 0.30661157031249997 0.971464125 0.290909090625 0.9751869546874999 0.283471075
1 0.9789077140625 0.23884297499999999 0.971464125 0.231404959375 0.955336003125 0.204958678125 0.9416876999999999 0.1933884296875 0.9317622249999999 0.19586776875 0.9243186359375001 0.2016528921875 0.9019857984374999 0.22809917343750002 0.8933012671875 0.23223140468749998 0.89081938125 0.247933884375 0.9019857984374999 0.2504132234375 0.9466494031250001 0.2504132234375 0.96277959375 0.2528925625 0.977666771875 0.2504132234375 0.9813896 0.247933884375 0.9789077140625 0.23884297499999999
1 1 0.17142233125 0.9950379046875 0.1710743796875 0.9838714859375 0.1752066109375 0.9764258281249999 0.1809917359375 0.9727050687500001 0.18760330625 0.9739460109375001 0.20413223125000002 0.9813896 0.21322314062499997 1 0.22252034062499998 1 0.17142233125
1 0.8846146656249999 0.1842975203125 0.8734482484375 0.178512396875 0.823820871875 0.1727272734375 0.8014880359375001 0.1801652890625 0.7990082187499999 0.190909090625 0.8052108640625001 0.199173553125 0.8176182265625 0.20743801718750002 0.8362282328124999 0.2140495875 0.8498765374999999 0.21487603281249998 0.8647637156249999 0.2115702484375 0.874689190625 0.2066115703125 0.885855609375 0.196694215625 0.8870965515625 0.1892561984375 0.8846146656249999 0.1842975203125
1 0.5210928453125 0.1917355375 0.5210928453125 0.18264462812499999 0.517370015625 0.1760330578125 0.50248076875 0.1694214875 0.49379623749999996 0.1710743796875 0.4813888765625 0.1809917359375 0.48262981875 0.1925619828125 0.497519065625 0.2 0.5161290734375 0.1975206609375 0.5210928453125 0.1917355375
1 0.7394532984375 0.1710743796875 0.733250653125 0.16611570312499999 0.7258070625 0.164462809375 0.7258070625 0.160330578125 0.723325178125 0.160330578125 0.7208432921875 0.16528925625 0.7146406453124999 0.16611570312499999 0.6985104546875001 0.174380165625 0.6861051625 0.190909090625 0.6836232765625 0.196694215625 0.6836232765625 0.2157024796875 0.6873440375000001 0.22231404999999999 0.692307809375 0.2239669421875 0.710917815625 0.22479338906250002 0.71836140625 0.22231404999999999 0.7344915953125 0.21239669375 0.7406942421875 0.196694215625 0.7394532984375 0.1710743796875
1 0.46401981093750005 0.19008264531250002 0.47766811562499994 0.18347107499999998 0.48387076249999994 0.1677685953125 0.4813888765625 0.1578512390625 0.47270434375 0.1528925625 0.457817165625 0.15041322343750002 0.43052055781250004 0.152066115625 0.41935413906249996 0.15702479375 0.3982622453125 0.1710743796875 0.39578242812500003 0.1760330578125 0.3982622453125 0.1842975203125 0.4081877203125 0.19008264531250002 0.4181131953125 0.1917355375 0.45161245 0.1925619828125 0.46401981093750005 0.19008264531250002
4 1 0.17012370625 0.940335071875 0.126198346875 0.8942423156249999 0.18899173593750002 0.883770825 0.25039669375 0.9026310890625 0.310404959375 0.9612904609375 0.3620330578125 1 0.3838531984375 1 0.17012370625
1 0.732009709375 0.264462809375 0.71836140625 0.2619834703125 0.7047151703125001 0.25123966875 0.6985104546875001 0.2495867765625 0.6873440375000001 0.2495867765625 0.6761796875 0.2528925625 0.6439213765625 0.25702479375 0.6377166609375 0.260330578125 0.6339959000000001 0.2677685953125 0.6339959000000001 0.27768595 0.6389576046875 0.290909090625 0.6464011937499999 0.3 0.66625214375 0.3099173546875 0.6885849796875 0.3140495875 0.7158815875 0.31239669375 0.7307687671875 0.3074380171875 0.7419351843750001 0.299173553125 0.7493787734375 0.2842975203125 0.743176128125 0.270247934375 0.732009709375 0.264462809375
1 0.48387076249999994 0.513223140625 0.49503717968750005 0.5074380171875 0.5037217125 0.49834710781249997 0.50248076875 0.4892561984375 0.49131435156250003 0.48429752031250006 0.45657622187499997 0.482644628125 0.4292796140625 0.48760330625000003 0.42679979687499997 0.4942148765625 0.435484328125 0.5074380171875 0.4503715078125 0.5148760328125 0.47022245781249994 0.5157024796874999 0.48387076249999994 0.513223140625
1 0.7034742265625 0.57768595 0.6985104546875001 0.5752066109375 0.6885849796875 0.5644628093749999 0.6736978015624999 0.566115703125 0.6674930875 0.5710743796875 0.66625214375 0.5842975203125 0.6736978015624999 0.6 0.6736978015624999 0.6289256203125 0.6972695125 0.647933884375 0.72704800625 0.6619834703125 0.751860659375 0.6702479343750001 0.7655089640625 0.6710743796875 0.7903216171875 0.66528925625 0.8052108640625001 0.6537190078124999 0.8176182265625 0.647933884375 0.8213389859375001 0.6413223140625 0.8163772828125 0.6363636359375 0.7965263328125001 0.629752065625 0.7605451921874999 0.6115702484375001 0.74689895625 0.6074380171875 0.7406942421875 0.599173553125 0.7307687671875 0.5933884296875 0.7196023484375 0.58181818125 0.710917815625 0.5768595046875 0.7034742265625 0.57768595
1 0.3300248625 0.570247934375 0.323822215625 0.5677685953125 0.30893296875 0.566115703125 0.295284665625 0.5669421484375 0.2779156 0.5752066109375 0.26923106875 0.5809917359375001 0.264267296875 0.58760330625 0.23697275625 0.604958678125 0.23821370000000003 0.6115702484375001 0.2555827640625 0.631404959375 0.2655082390625 0.6380165296875 0.2754337140625 0.6396694218750001 0.313896740625 0.6537190078124999 0.3225812734375 0.6537190078124999 0.3523576984375 0.6371900828125 0.37096770625 0.6239669421875 0.38089318125 0.6214876031250001 0.387095828125 0.6123966937499999 0.374690534375 0.59586776875 0.364765059375 0.5892561984375 0.344914109375 0.5809917359375001 0.3300248625 0.570247934375
4 0.200323575 0.7320826453125 0.2342302734375 0.6129504125 0.21552099062500002 0.52418181875 0.1383757046875 0.4790165296875 0.0787587375 0.5973719015625 0.0062773296874999995 0.7110578515625 0.14305199062500001 0.7351983468750001 0.200323575 0.7320826453125
1 0 0.6851239671875 0.00372305625 0.6851239671875 0.014887406249999999 0.6818181812499999 0.029776653125000004 0.6710743796875 0.0322585390625 0.6545454546875 0.027294767187500003 0.64876033125 0 0.6400332234375 0 0.6851239671875
2 0.8002491609375 0 0.8002491609375 0.004958678125 0.8064518078124999 0.037190082812500004 0.8101746359374999 0.0421487609375 0.8275437015625 0.0454545453125 0.8573201265625 0.0454545453125 0.8821348484374999 0.042975206249999995 0.9280393953124999 0.0446280984375 0.9330031671875 0.042975206249999995 0.9466494031250001 0.042975206249999995 0.9540950609375001 0.046280992187499995 0.9652614796875 0.0454545453125 0.9789077140625 0.047933884375 1 0.0489141046875 1 0 0.8002491609375 0
1 0.72704800625 0.0082644625 0.7121587593750001 0.003305784375 0.6947896953125 0.0024793390625 0.6873440375000001 0.00413223125 0.6786595046875 0.009090909375000001 0.6749387437500001 0.017355371875 0.6749387437500001 0.033884296875 0.6786595046875 0.0413223140625 0.6910668656250001 0.0504132234375 0.70719705625 0.056198346875000006 0.7208432921875 0.057024793750000004 0.7394532984375 0.052066115625 0.74689895625 0.043801653125 0.7481399 0.031404959375 0.7394532984375 0.016528925 0.72704800625 0.0082644625
1 0.56079405625 0 0.558312859375 0.0016528921875 0.559553803125 0.010743801562499999 0.5669973921875 0.0239669421875 0.5657564484375001 0.035537190625 0.5533490875 0.055371901562500006 0.5471464421875 0.060330578125 0.5471464421875 0.068595040625 0.5521102140624999 0.07190082656249999 0.5707202203125 0.0768595046875 0.5806456953125 0.08181818125 0.599255703125 0.0842975203125 0.6178657109375 0.08181818125 0.6464011937499999 0.068595040625 0.6526059078124999 0.0619834703125 0.650124021875 0.0537190078125 0.6290321296875 0.035537190625 0.619106653125 0.0198347109375 0.6238718750000001 0 0.56079405625 0
1 0.49255529375 0.0305785125 0.486352646875 0.0157024796875 0.476427171875 0.009917354687500001 0.46029698281250003 0.004958678125 0.4441688609375 0.005785123437499999 0.436725271875 0.0082644625 0.42431791093750004 0.017355371875 0.4181131953125 0.028099173437500003 0.4181131953125 0.042975206249999995 0.421836025 0.049586776562500004 0.44044603281250005 0.0619834703125 0.44913056406249996 0.06363636406249999 0.476427171875 0.061157025 0.48759359062499996 0.0537190078125 0.49255529375 0.043801653125 0.49255529375 0.0305785125
1 0.2983534953125 0 0.294043721875 0.0016528921875 0.2779156 0.0115702484375 0.2568237078125 0.0148760328125 0.22456539531250003 0.0148760328125 0.21836275 0.017355371875 0.2009916171875 0.047933884375 0.1997527421875 0.054545454687499995 0.21215803437499997 0.086776859375 0.21960369218750003 0.0925619828125 0.228288225 0.096694215625 0.2568237078125 0.10413223125 0.287841075 0.10413223125 0.3200993875 0.11074380156250001 0.3325067484375 0.11074380156250001 0.343673165625 0.10661157031249999 0.35856034531250003 0.10413223125 0.3622831734375 0.09917355312500001 0.3622831734375 0.0933884296875 0.35359864218750003 0.0752066109375 0.35483958437499996 0.0595041328125 0.37344959218749996 0.035537190625 0.38089318125 0.0198347109375 0.3796522375 0.0074380171875 0.37260041718750003 0 0.2983534953125 0
1 0.6885849796875 0.104958678125 0.710917815625 0.1016528921875 0.71712253125 0.0975206609375 0.7146406453124999 0.08181818125 0.700992340625 0.07438016562500001 0.6873440375000001 0.07355371875 0.6799004484375 0.086776859375 0.6687340296875 0.09421487656250001 0.6538468515625 0.1 0.6215885390625 0.1024793390625 0.6178657109375 0.10413223125 0.6129040078125 0.1099173546875 0.615383825 0.1198347109375 0.6377166609375 0.13057851250000002 0.6575676109375 0.13140495937500002 0.6699749734375 0.129752065625 0.6749387437500001 0.125619834375 0.6786595046875 0.1115702484375 0.6885849796875 0.104958678125
2 0.9999996078125 0.096694215625 0.998758665625 0.0884297515625 0.9900741328124999 0.0752066109375 0.9789077140625 0.064462809375 0.9689822390625 0.0595041328125 0.9540950609375001 0.0628099171875 0.89081938125 0.08760330625 0.8821348484374999 0.0892561984375 0.7965263328125001 0.1247933890625 0.794044446875 0.12892562031250002 0.7952853890625 0.138842975 0.8176182265625 0.16363636406249998 0.8275437015625 0.16611570312499999 0.8461537078125 0.1586776859375 0.8548382406249999 0.1586776859375 0.905706559375 0.1363636359375 0.9193548640625 0.133884296875 0.935482984375 0.1239669421875 0.947890346875 0.121487603125 0.955336003125 0.11404958750000001 0.9652614796875 0.11322314062500001 0.9913150749999999 0.10413223125 0.9999996078125 0.096694215625
1 1 0.7767021046875 0.9491312890625 0.770247934375 0.9404467562500001 0.7727272734375 0.9317622249999999 0.77933884375 0.92183675 0.804958678125 0.9230776921875 0.8148760328125 0.9466494031250001 0.8338842968750001 0.9851124296875 0.8495867765625 1 0.8509090515625 1 0.7767021046875
1 0.6253093 0.8446280984375001 0.631514015625 0.843801653125 0.6377166609375 0.835537190625 0.6389576046875 0.8272727265625001 0.631514015625 0.8190082640625 0.619106653125 0.8157024796875 0.6079402359375 0.8157024796875 0.5818866390624999 0.8206611562499999 0.5657564484375001 0.8289256203124999 0.569479278125 0.835537190625 0.5818866390624999 0.8421487609374999 0.5980147609375 0.8471074375000001 0.61662476875 0.8495867765625 0.6253093 0.8446280984375001
1 0.4317615 0.7900826453125 0.45161245 0.764462809375 0.457817165625 0.7495867765625001 0.457817165625 0.7421487609375 0.44292791875 0.7413223140625 0.4317615 0.7462809921875 0.377170353125 0.7446280984375 0.3300248625 0.7471074375 0.313896740625 0.7421487609375 0.30024843749999997 0.7471074375 0.2965256078125 0.7454545453125 0.2779156 0.7446280984375 0.27295182812499996 0.7504132234374999 0.28163842968749997 0.7586776859375 0.2853591890625 0.7710743796874999 0.30273032187500004 0.7933884296875 0.313896740625 0.7975206609375001 0.3225812734375 0.79586776875 0.32878391875 0.8 0.3672448765625 0.7991735531249999 0.37344959218749996 0.8008264468749999 0.3784112953125 0.7983471078125 0.39081865625 0.7975206609375001 0.415633378125 0.7983471078125 0.4317615 0.7900826453125
4 0.828896328125 0.7767190078125 0.8609436796875001 0.754462809375 0.8723086484374999 0.7443719015625 0.10136458125 0.7443719015625 0.13246881562499999 0.7704958671875 0.198747578125 0.8074380171875 0.23796551093749999 0.8290578515625 0.2893674359375 0.8479834703125 0.3366990671875 0.8669008265624999 0.3772820375 0.875909090625 0.4638460796875 0.8867190078125 0.47872291718750004 0.8885206609375 0.5558185640625 0.8822148765625 0.6342564984375 0.87068595 0.7413767609375 0.826 0.8077920265625 0.788247934375 0.828896328125 0.7767190078125
1 0.609181178125 0.9140495874999999 0.610422121875 0.90413223125 0.6079402359375 0.9 0.5831275812500001 0.8892561984375 0.5682383343749999 0.8917355375 0.5620356890625 0.896694215625 0.5558309734375 0.9066115703125 0.5570719171875 0.9231404953125001 0.5657564484375001 0.9280991734375 0.5831275812500001 0.9272727265625 0.5930530578125001 0.9239669421875 0.609181178125 0.9140495874999999
4 0.2392941078125 1 0.23779177968749998 0.9829752062500001 0.22370914531250002 0.9423223140625 0.1736226203125 0.900619834375 0.111029459375 0.8776942156249999 0.06095534375 0.868305784375 0 0.868305784375 0 0.9994894249999999 0.0007796953125 1 0.2392941078125 1
1 0.7258070625 0.129752065625 0.7158815875 0.12644628125 0.70843593125 0.12644628125 0.6985104546875001 0.13140495937500002 0.6972695125 0.1421487609375 0.7047151703125001 0.147933884375 0.7208432921875 0.152066115625 0.7456580140625 0.1628099171875 0.7816370859374999 0.1694214875 0.7903216171875 0.168595040625 0.7878418 0.1595041328125 0.7258070625 0.129752065625
2 0.610422121875 0.125619834375 0.5384619093749999 0.1016528921875 0.5161290734375 0.0975206609375 0.508685484375 0.1024793390625 0.49255529375 0.1247933890625 0.4900734078125 0.1330578515625 0.49503717968750005 0.1371900828125 0.5099264265625 0.1421487609375 0.5210928453125 0.14876033125000002 0.5297773765625 0.1495867765625 0.5508692703125 0.1578512390625 0.559553803125 0.1586776859375 0.5843664562499999 0.1694214875 0.60421740625 0.174380165625 0.651364965625 0.1917355375 0.6699749734375 0.1925619828125 0.682382334375 0.186776859375 0.6985104546875001 0.1628099171875 0.6947896953125 0.1528925625 0.64516231875 0.1363636359375 0.6327549578125 0.135537190625 0.610422121875 0.125619834375
2 0 0.19303450625000002 0.013648531250000002 0.2099173546875 0.026053823437500002 0.22066115625 0.042184014062500004 0.22809917343750002 0.062034964062499996 0.2305785125 0.0868476171875 0.2289256203125 0.1327542328125 0.21487603281249998 0.1501232984375 0.2115702484375 0.1960299125 0.21487603281249998 0.232008984375 0.22066115625 0.24317540312500002 0.22066115625 0.28039748593749997 0.2140495875 0.3014893796875 0.1809917359375 0.30521014062499996 0.1710743796875 0.3076920265625 0.1528925625 0.30273032187500004 0.1371900828125 0.2965256078125 0.12892562031250002 0.27295182812499996 0.11322314062500001 0.2617874796875 0.10826446249999999 0.24689823125000002 0.104958678125 0.2146399203125 0.0925619828125 0.19727085625000002 0.0809917359375 0.1898272671875 0.06611570312500001 0.1798997234375 0.0595041328125 0.130272346875 0.0537190078125 0.10545969375 0.0537190078125 0.0781630859375 0.0586776859375 0.0669966671875 0.06363636406249999 0.048386659375 0.0768595046875 0.0372202421875 0.0900826453125 0.028535709375000003 0.11074380156250001 0.029776653125000004 0.117355371875 0.027294767187500003 0.121487603125 0 0.14036821875 0 0.19303450625000002
1 0 0.12365694062499999 0.007443815625 0.121487603125 0.012407587500000001 0.11818181875 0.016128348437500002 0.11239669375000001 0.014887406249999999 0.0975206609375 0.0111666453125 0.09173553749999999 0.00372305625 0.08760330625 0 0.087426178125 0 0.12365694062499999
2 0.951613175 0.4239669421875 0.9652614796875 0.3859504125 0.9652614796875 0.3760330578125 0.955336003125 0.36942148750000003 0.947890346875 0.36942148750000003 0.9404467562500001 0.374380165625 0.925557509375 0.37355371875 0.9032267421875 0.38842975156250004 0.895781084375 0.38760330625 0.8883374953125 0.390909090625 0.8821348484374999 0.390909090625 0.875930134375 0.395041321875 0.843671821875 0.4024793390625 0.8151363406250001 0.4024793390625 0.7990082187499999 0.4066115703125 0.7754344390625 0.4231404953125 0.76799085 0.42561983437500006 0.7605451921874999 0.42561983437500006 0.751860659375 0.4330578515625 0.753101603125 0.443801653125 0.763027078125 0.45454545468749996 0.7878418 0.503305784375 0.794044446875 0.52066115625 0.8002491609375 0.5272727265625 0.8027289796874999 0.5429752062500001 0.8126544546875 0.570247934375 0.8163772828125 0.6066115703125 0.825061815625 0.6231404953124999 0.8312665296875 0.62644628125 0.874689190625 0.6214876031250001 0.8796529625 0.6239669421875 0.895781084375 0.625619834375 0.9044656171875 0.6322314046875 0.9119112734374999 0.62644628125 0.916872978125 0.625619834375 0.9193548640625 0.6214876031250001 0.9317622249999999 0.625619834375 0.9404467562500001 0.6223140500000001 0.947890346875 0.6223140500000001 0.955336003125 0.61818181875 0.9578158218749999 0.6132231406249999 0.9540950609375001 0.5842975203125 0.9491312890625 0.5768595046875 0.9491312890625 0.570247934375 0.9429286421875 0.5570247937499999 0.9416876999999999 0.47685950468750005 0.9466494031250001 0.4553719015625 0.9429286421875 0.447933884375 0.947890346875 0.4446280984375 0.951613175 0.4239669421875
1 0.4044669609375 0.078512396875 0.39578242812500003 0.07438016562500001 0.3697267625 0.07272727343749999 0.36104223125 0.0752066109375 0.3598012875 0.082644628125 0.3684858203125 0.09586776875 0.3722086484375 0.11074380156250001 0.3784112953125 0.117355371875 0.39454148437500003 0.1272727265625 0.441686975 0.1446280984375 0.46029698281250003 0.1446280984375 0.48262981875 0.1330578515625 0.5111653015625001 0.09421487656250001 0.5111653015625001 0.0809917359375 0.50248076875 0.07438016562500001 0.49503717968750005 0.0752066109375 0.46277886874999996 0.08760330625 0.44913056406249996 0.08760330625 0.435484328125 0.0900826453125 0.4143924359375 0.08760330625 0.4044669609375 0.078512396875
1 0.80769275 0.11818181875 0.8188591687500001 0.11074380156250001 0.8188591687500001 0.096694215625 0.8114135109375 0.0892561984375 0.7915625609375 0.08181818125 0.777916325 0.0809917359375 0.7692317921875 0.086776859375 0.7543425453125 0.09173553749999999 0.7456580140625 0.0975206609375 0.738214425 0.10661157031249999 0.7344915953125 0.117355371875 0.7344915953125 0.1280991734375 0.73697348125 0.13140495937500002 0.7543425453125 0.135537190625 0.7903216171875 0.1280991734375 0.797767275 0.12066115625 0.80769275 0.11818181875
1 0.3796522375 0.14380165312499998 0.35856034531250003 0.1421487609375 0.3374684515625 0.125619834375 0.32878391875 0.125619834375 0.30893296875 0.138842975 0.3101739125 0.147933884375 0.323822215625 0.15702479375 0.336227509375 0.1809917359375 0.343673165625 0.1842975203125 0.364765059375 0.18264462812499999 0.3784112953125 0.17768595 0.38833677031249997 0.1694214875 0.3920596 0.161157025 0.39081865625 0.1495867765625 0.3796522375 0.14380165312499998
1 0 0.9604057640624999 0.0111666453125 0.9644628093750001 0.0372202421875 0.9619834703125001 0.048386659375 0.9578512390625 0.054591375 0.9512396687500001 0.0521094890625 0.9429752062500001 0.045904773437500004 0.9404958671875001 0.0012411703125 0.9380165296874999 0 0.93856759375 0 0.9604057640624999
1 0.0781630859375 0.8925619828125001 0.069478553125 0.8884297515625 0.059553078125000006 0.8867768593750001 0.0372202421875 0.8884297515625 0.0322585390625 0.8933884296875 0.0322585390625 0.9024793390625 0.055830250000000005 0.9181818187499999 0.06451685 0.9198347109375 0.0781630859375 0.9082644625 0.0781630859375 0.8925619828125001
1 0.22456539531250003 0.9082644625 0.22580633906249997 0.90413223125 0.222083509375 0.8900826453124999 0.20843727343750001 0.8851239671875 0.1985117984375 0.8892561984375 0.192307084375 0.8983471078124999 0.1947889703125 0.9099173546875001 0.20719633124999998 0.916528925 0.22456539531250003 0.9082644625
1 0.2779156 1 0.27915654375 0.9933884296875 0.2704720109375 0.9876033062499999 0.2605465359375 0.9719008265625 0.2605465359375 0.9553719015625 0.26799012499999997 0.929752065625 0.26674918281250004 0.921487603125 0.263026353125 0.9198347109375 0.2568237078125 0.921487603125 0.25186200312499996 0.9272727265625 0.24193446093749998 0.9454545453125001 0.23945464218749998 0.9553719015625 0.23945464218749998 0.9760330578125 0.2456572890625 0.9942148765625 0.2507001875 1 0.2779156 1
1 0.3473939265625 0.9231404953125001 0.34119127968749996 0.8842975203125001 0.3374684515625 0.87768595 0.333747690625 0.8760330578125 0.313896740625 0.8752066109375001 0.3076920265625 0.8785123968749999 0.30024843749999997 0.890909090625 0.292804846875 0.9157024796875 0.2965256078125 0.92231405 0.30521014062499996 0.92644628125 0.3374684515625 0.9272727265625 0.344914109375 0.9256198343750001 0.3473939265625 0.9231404953125001
1 0.3920596 0.913223140625 0.40198507499999997 0.9082644625 0.40198507499999997 0.8925619828125001 0.38957771406249997 0.8867768593750001 0.374690534375 0.8884297515625 0.3672448765625 0.8950413218750001 0.366003934375 0.9016528921875 0.3684858203125 0.9074380171875 0.3784112953125 0.913223140625 0.3920596 0.913223140625
1 0.3163765578125 0.9471074375 0.344914109375 0.947933884375 0.374690534375 0.9380165296874999 0.38089318125 0.9289256203124999 0.37344959218749996 0.92644628125 0.3424322234375 0.92644628125 0.3064510828125 0.9322314046875 0.30273032187500004 0.93471074375 0.30273032187500004 0.9404958671875001 0.30521014062499996 0.943801653125 0.3163765578125 0.9471074375
1 0.333747690625 0.9801652890625 0.336227509375 0.9595041328124999 0.3300248625 0.9512396687500001 0.30024843749999997 0.9446280984375001 0.28908201875 0.9495867765625 0.282879371875 0.956198346875 0.27915654375 0.9644628093750001 0.27915654375 0.9793388437500001 0.284118246875 0.9892561984375 0.295284665625 0.9975206609375 0.3114148546875 0.9983471078124999 0.3163765578125 0.9975206609375 0.32754297656250003 0.9892561984375 0.333747690625 0.9801652890625
1 0.3672448765625 1 0.3598012875 0.9966942156249999 0.344914109375 0.9983471078124999 0.33995033750000003 0.986776859375 0.336227509375 0.9842975203125001 0.32878391875 0.9876033062499999 0.3200993875 0.9958677687499999 0.319383459375 1 0.3672448765625 1
2 0.6775546 1 0.6712779624999999 0.9631652890625 0.603981628125 0.9610826453125 0.4787849640625 0.8943719015625 0.46626591875 0.8912396687499999 0.3989819921875 0.92355371875 0.3708063828125 0.9715041328125 0.4207197265625 1 0.6775546 1
1 0.6389576046875 0.9305785125 0.631514015625 0.9272727265625 0.6203475968750001 0.9272727265625 0.609181178125 0.9338842968750001 0.609181178125 0.9454545453125001 0.6129040078125 0.9504132234375 0.6364757187500001 0.960330578125 0.6464011937499999 0.960330578125 0.671215915625 0.9512396687500001 0.6749387437500001 0.9454545453125001 0.6749387437500001 0.93471074375 0.6687340296875 0.929752065625 0.6389576046875 0.9305785125
1 0.7245661203125 0.9322314046875 0.71712253125 0.9330578515625 0.7034742265625 0.9280991734375 0.681141390625 0.9256198343750001 0.6761796875 0.9322314046875 0.6774185625 0.952066115625 0.6836232765625 0.9685950406250001 0.6898259234374999 0.9727272734374999 0.6972695125 0.9710743796875001 0.732009709375 0.9512396687500001 0.733250653125 0.9404958671875001 0.7245661203125 0.9322314046875
1 0.7451620515624999 1 0.7481399 0.9958677687499999 0.7555834890625001 0.9801652890625 0.7580653749999999 0.956198346875 0.7543425453125 0.9380165296874999 0.7394532984375 0.921487603125 0.733250653125 0.92644628125 0.7344915953125 0.9644628093750001 0.72704800625 0.9884297515625 0.71944723125 1 0.7451620515624999 1
1 0.91103791875 1 0.94385935 0.960958678125 0.9492677921875 0.9501487609374999 0.9465625375 0.9429421484375 0.755856496875 0.94023966875 0.7639701953125 0.9519504124999999 0.7953577796875 1 0.91103791875 1
2 1 0.941838803125 0.9652614796875 0.9396694218749999 0.9565748781250001 0.9421487609374999 0.9528541171875 0.9454545453125001 0.95037223125 0.9545454546875 0.95037223125 0.97768595 0.9602977078125001 0.9876033062499999 0.967741296875 0.9892561984375 0.9900741328124999 0.9876033062499999 1 0.9898071984374999 1 0.941838803125
1 0.22456539531250003 0.8280991734375001 0.2158808640625 0.8247933890624999 0.20719633124999998 0.817355371875 0.19727085625000002 0.8140495874999999 0.192307084375 0.8140495874999999 0.18858632343749998 0.8198347109374999 0.16377160156249998 0.8289256203124999 0.1575689546875 0.8338842968750001 0.1575689546875 0.843801653125 0.162530659375 0.8512396687500001 0.17866084843750002 0.8586776859375 0.2009916171875 0.8586776859375 0.21215803437499997 0.8504132234374999 0.22456539531250003 0.8363636359375001 0.22456539531250003 0.8280991734375001
1 0.287841075 0.8768595046875 0.292804846875 0.8553719015624999 0.287841075 0.8512396687500001 0.28039748593749997 0.8495867765625 0.2655082390625 0.85702479375 0.24317540312500002 0.8545454546875 0.23697275625 0.8578512390625 0.20967821718750002 0.861157025 0.20595538906250002 0.8644628093750001 0.20719633124999998 0.87355371875 0.263026353125 0.9123966937500001 0.27295182812499996 0.9115702484374999 0.27915654375 0.8925619828125001 0.287841075 0.8768595046875
1 0.5062035984375 0.8942148765625 0.527295490625 0.8942148765625 0.5471464421875 0.8859504125000001 0.5496283281250001 0.87768595 0.539702853125 0.8719008265625 0.5210928453125 0.8710743796875 0.508685484375 0.8752066109375001 0.48262981875 0.8785123968749999 0.48014793281249996 0.8867768593750001 0.486352646875 0.890909090625 0.5062035984375 0.8942148765625
1 0.5012398265625 0.8272727265625001 0.527295490625 0.8190082640625 0.5334981375 0.8140495874999999 0.5359800234375001 0.8066115703125 0.5297773765625 0.8016528921875 0.51240624375 0.8 0.49876000937500004 0.79586776875 0.49503717968750005 0.7925619828125 0.48014793281249996 0.7933884296875 0.45657622187499997 0.80413223125 0.45285339375 0.8099173546875 0.45285339375 0.8157024796875 0.457817165625 0.8198347109374999 0.48014793281249996 0.8272727265625001 0.5012398265625 0.8272727265625001
1 0.4553352796875 0.8677685953125 0.4813888765625 0.8487603312499999 0.48387076249999994 0.83471074375 0.47766811562499994 0.829752065625 0.45409433593750004 0.8239669421875 0.4379662140625 0.8256198343750001 0.4317615 0.8305785125 0.4292796140625 0.8487603312499999 0.42555885312499997 0.8545454546875 0.42059508125 0.8578512390625 0.40942866406249995 0.8595041328124999 0.3995031890625 0.8636363640625 0.3995031890625 0.874380165625 0.41935413906249996 0.882644628125 0.4392050890625 0.8834710749999999 0.4441688609375 0.8818181812500001 0.4553352796875 0.8677685953125
1 0.35731940156249997 0.84297520625 0.38213412343750003 0.8446280984375001 0.40942866406249995 0.8289256203124999 0.41066960625000004 0.821487603125 0.40322601718750006 0.817355371875 0.3920596 0.817355371875 0.3722086484375 0.8256198343750001 0.356078459375 0.8280991734375001 0.3473939265625 0.835537190625 0.35731940156249997 0.84297520625
1 0.323822215625 0.8190082640625 0.3076920265625 0.8115702484374999 0.26674918281250004 0.8008264468749999 0.25930559375 0.8033057843750001 0.24689823125000002 0.813223140625 0.2493801171875 0.8206611562499999 0.2704720109375 0.8314049593749999 0.2853591890625 0.8322314046875 0.29900749375 0.8404958671875 0.303969196875 0.847933884375 0.3176175015625 0.8553719015624999 0.32878391875 0.86528925625 0.344914109375 0.8677685953125 0.3523576984375 0.860330578125 0.3523576984375 0.8495867765625 0.34615298437500003 0.8371900828125 0.323822215625 0.8190082640625
1 0.24317540312500002 0.8165289250000001 0.2617874796875 0.8008264468749999 0.2605465359375 0.7925619828125 0.25062106093750003 0.7842975203125 0.2406955859375 0.7842975203125 0.22084463593749998 0.8033057843750001 0.2158808640625 0.8157024796875 0.22084463593749998 0.821487603125 0.232008984375 0.8206611562499999 0.24317540312500002 0.8165289250000001
1 0.1848634953125 0.7677685953125 0.1650125453125 0.7619834703125 0.1575689546875 0.764462809375 0.141438765625 0.7636363640625 0.1377180046875 0.7710743796874999 0.1563280125 0.7842975203125 0.17121519062499999 0.7892561984375 0.1798997234375 0.795041321875 0.2047144453125 0.7983471078125 0.2158808640625 0.7975206609375001 0.21712180625 0.790909090625 0.20967821718750002 0.78181818125 0.1848634953125 0.7677685953125
1 0.1848634953125 0.764462809375 0.1997527421875 0.7628099171875 0.2158808640625 0.764462809375 0.21712180625 0.7553719015625 0.19727085625000002 0.7471074375 0.1861044375 0.7446280984375 0.151364240625 0.7446280984375 0.13895687968749998 0.7495867765625001 0.13895687968749998 0.7603305781249999 0.1426797078125 0.7636363640625 0.1662534875 0.7619834703125 0.1848634953125 0.764462809375
1 0.4962781234375 0.7768595046875 0.508685484375 0.7727272734375 0.5099264265625 0.7636363640625 0.49255529375 0.7471074375 0.4813888765625 0.7421487609375 0.46401981093750005 0.7421487609375 0.4503715078125 0.768595040625 0.45161245 0.778512396875 0.47022245781249994 0.77933884375 0.48759359062499996 0.7760330578125 0.4962781234375 0.7768595046875
1 0.56451550625 0.770247934375 0.5880892859375 0.7636363640625 0.6129040078125 0.7504132234374999 0.6129040078125 0.7421487609375 0.610422121875 0.7404958671874999 0.5856074 0.7413223140625 0.5657564484375001 0.7462809921875 0.5372209671875 0.7595041328125001 0.5248136046874999 0.7628099171875 0.49876000937500004 0.78181818125 0.49876000937500004 0.7917355374999999 0.5012398265625 0.7933884296875 0.5111653015625001 0.7933884296875 0.5533490875 0.778512396875 0.56451550625 0.770247934375
1 0.5880892859375 0.7917355374999999 0.6215885390625 0.7933884296875 0.6327549578125 0.786776859375 0.6364757187500001 0.77768595 0.624070425 0.7669421484375001 0.615383825 0.766115703125 0.6116630640625 0.7628099171875 0.600496646875 0.764462809375 0.59429193125 0.7628099171875 0.5781638109375 0.7694214875000001 0.5657564484375001 0.7719008265625 0.5570719171875 0.778512396875 0.5620356890625 0.7859504125 0.5682383343749999 0.7884297515625 0.5880892859375 0.7917355374999999
1 0.650124021875 0.7537190078125 0.6389576046875 0.7471074375 0.6228294828125 0.7454545453125 0.619106653125 0.74876033125 0.619106653125 0.7578512390625 0.6339959000000001 0.7719008265625 0.6389576046875 0.78181818125 0.6538468515625 0.782644628125 0.6724568578125 0.790909090625 0.6935487515625 0.790909090625 0.70719705625 0.7876033062500001 0.7208432921875 0.778512396875 0.6910668656250001 0.7694214875000001 0.66625214375 0.764462809375 0.6588085546875 0.7595041328125001 0.6538468515625 0.7586776859375 0.650124021875 0.7537190078125
1 0.7456580140625 0.743801653125 0.70719705625 0.7413223140625 0.6898259234374999 0.743801653125 0.6861051625 0.74876033125 0.6873440375000001 0.7578512390625 0.6935487515625 0.766115703125 0.702233284375 0.7727272734375 0.710917815625 0.770247934375 0.7133997015625 0.778512396875 0.7158815875 0.77933884375 0.7444170703124999 0.7752066109375 0.7617861359375 0.7752066109375 0.777916325 0.766115703125 0.7816370859374999 0.7595041328125001 0.777916325 0.74876033125 0.7605451921874999 0.74297520625 0.7456580140625 0.743801653125
1 0.7853599140624999 0.8033057843750001 0.797767275 0.7942148765625 0.8014880359375001 0.78181818125 0.797767275 0.770247934375 0.7878418 0.7694214875000001 0.7667499062500001 0.774380165625 0.75682443125 0.782644628125 0.7580653749999999 0.795041321875 0.76799085 0.8024793390625 0.772952553125 0.80413223125 0.7853599140624999 0.8033057843750001
1 0.5570719171875 0.8289256203124999 0.5508692703125 0.8239669421875 0.5334981375 0.8223140499999999 0.508685484375 0.8280991734375001 0.5037217125 0.8338842968750001 0.507444540625 0.8454545453125 0.5223317203125 0.85702479375 0.5235726625 0.8628099171875 0.5372209671875 0.8669421484375001 0.5521102140624999 0.87933884375 0.5682383343749999 0.8801652890625 0.5930530578125001 0.8719008265625 0.5918121140625 0.8628099171875 0.56451550625 0.852066115625 0.559553803125 0.84297520625 0.5570719171875 0.8289256203124999
1 0.6799004484375 0.8892561984375 0.6699749734375 0.87768595 0.661290440625 0.87355371875 0.650124021875 0.8768595046875 0.6426804328125 0.8842975203125001 0.6377166609375 0.8942148765625 0.6327549578125 0.9190082640625 0.6364757187500001 0.92644628125 0.6439213765625 0.929752065625 0.6749387437500001 0.929752065625 0.6836232765625 0.92231405 0.6799004484375 0.8892561984375
1 0.7146406453124999 0.8239669421875 0.7245661203125 0.8148760328125 0.723325178125 0.8074380171875 0.7196023484375 0.80413223125 0.7059561125 0.8024793390625 0.692307809375 0.804958678125 0.6699749734375 0.81239669375 0.6426804328125 0.82644628125 0.630273071875 0.852066115625 0.631514015625 0.8644628093750001 0.6389576046875 0.8702479343749999 0.6476421359375 0.8719008265625 0.6637723265625 0.8561983468750001 0.671215915625 0.8512396687500001 0.6761796875 0.8504132234374999 0.6799004484375 0.84297520625 0.6898259234374999 0.835537190625 0.6960306375 0.8371900828125 0.700992340625 0.8314049593749999 0.7146406453124999 0.8239669421875
1 0.700992340625 0.86528925625 0.682382334375 0.8628099171875 0.6736978015624999 0.86528925625 0.6699749734375 0.8710743796875 0.6761796875 0.87768595 0.6997513984375 0.8834710749999999 0.722084234375 0.8851239671875 0.7555834890625001 0.882644628125 0.7642680203125 0.8785123968749999 0.7692317921875 0.8719008265625 0.7642680203125 0.8669421484375001 0.753101603125 0.86528925625 0.700992340625 0.86528925625
1 0.797767275 0.90413223125 0.777916325 0.890909090625 0.7754344390625 0.8859504125000001 0.76799085 0.8851239671875 0.7605451921874999 0.890909090625 0.753101603125 0.8900826453124999 0.7394532984375 0.899173553125 0.7344915953125 0.9082644625 0.7406942421875 0.913223140625 0.7444170703124999 0.92231405 0.7543425453125 0.929752065625 0.7667499062500001 0.9338842968750001 0.7828780281250001 0.9338842968750001 0.7990082187499999 0.9247933890625 0.8027289796874999 0.913223140625 0.797767275 0.90413223125
1 0.823820871875 0.8528925624999999 0.8225799296874999 0.8413223140625 0.8114135109375 0.8223140499999999 0.7965263328125001 0.8107438015625 0.7828780281250001 0.8066115703125 0.7704706671875 0.8099173546875 0.743176128125 0.8280991734375001 0.738214425 0.8338842968750001 0.732009709375 0.8495867765625 0.732009709375 0.8578512390625 0.73697348125 0.8628099171875 0.7617861359375 0.8619834703125001 0.7667499062500001 0.860330578125 0.8101746359374999 0.8636363640625 0.8201001109374999 0.8619834703125001 0.823820871875 0.8528925624999999
1 0.8548382406249999 0.8818181812500001 0.8647637156249999 0.8760330578125 0.8647637156249999 0.8636363640625 0.8535972984375 0.8553719015624999 0.8399510625 0.8545454546875 0.82878464375 0.8619834703125001 0.8275437015625 0.87355371875 0.8387101187500001 0.8818181812500001 0.8548382406249999 0.8818181812500001
1 0.9379648703125 0.8710743796875 0.9280393953124999 0.8561983468750001 0.9193548640625 0.8487603312499999 0.9106703312500001 0.8471074375000001 0.8808939062500001 0.8628099171875 0.875930134375 0.8694214875 0.8771710765625 0.8768595046875 0.8821348484374999 0.8818181812500001 0.89081938125 0.882644628125 0.9131522171875 0.8900826453124999 0.9292803390625 0.9 0.9317622249999999 0.904958678125 0.9404467562500001 0.9099173546875001 0.9441695859375001 0.9148760328125001 0.955336003125 0.9157024796875 0.987592246875 0.9 0.9851124296875 0.8925619828125001 0.9764258281249999 0.8933884296875 0.9528541171875 0.8818181812500001 0.9379648703125 0.8710743796875
1 0.8995039125 0.768595040625 0.8870965515625 0.76528925625 0.874689190625 0.766115703125 0.8672456015625001 0.7611570249999999 0.8424308796875 0.770247934375 0.8362282328124999 0.7760330578125 0.8362282328124999 0.7851239671875 0.8411920046875 0.79586776875 0.8399510625 0.8140495874999999 0.8325054046875 0.821487603125 0.8213389859375001 0.8256198343750001 0.8201001109374999 0.8314049593749999 0.8225799296874999 0.8371900828125 0.8325054046875 0.843801653125 0.8548382406249999 0.8495867765625 0.875930134375 0.8512396687500001 0.8895784375 0.847933884375 0.8982629703124999 0.847933884375 0.906947503125 0.8446280984375001 0.9193548640625 0.8363636359375001 0.9230776921875 0.8280991734375001 0.9094293890625 0.821487603125 0.8995039125 0.8074380171875 0.8982629703124999 0.7925619828125 0.9019857984374999 0.7727272734375 0.8995039125 0.768595040625
1 1 0.85184070625 0.9751869546874999 0.8495867765625 0.971464125 0.8545454546875 0.9727050687500001 0.860330578125 0.9813896 0.866115703125 0.996278846875 0.8677685953125 1 0.8689126828125 1 0.85184070625