5 0.2728869125 0.789254140625 0.26803259687500003 0.78975371875 0.265386596875 0.7920659296875 0.26428354375 0.795050140625 0.264511228125 0.7976983515625 0.2658331234375 0.8001763515625001 0.2702409125 0.8011666671875 0.27355228125000003 0.800839509375 0.27619828125 0.799018034375 0.27840659687499997 0.79669919375 0.27884428125 0.7928948765625 0.27730354375 0.7905804562500001 0.2728869125 0.789254140625
5 0.6046493328125 0.9103843515625 0.6073970171874999 0.9124445609375 0.614713859375 0.9127849828124999 0.6202048062500001 0.9100439296875 0.6220395437499999 0.9048956140625 0.6202048062500001 0.9014648765625 0.6151758593750001 0.8997472984374999 0.6106000703125 0.8997472984374999 0.6051091234375 0.902839825 0.6037363859375 0.9076432984375 0.6046493328125 0.9103843515625
1 0.9897650171875 0.7823462453125 0.97880080625 0.7834426671875 0.9656437546875001 0.7938586671875 0.9539478593749999 0.8075661406249999 0.945176490625 0.822367825 0.9320172281250001 0.8393645609375 0.9298243859375 0.8563590874999999 0.9327489124999999 0.863485825 0.9400591234375 0.8700665609374999 0.948830490625 0.873355825 0.95833354375 0.873904034375 0.9649120703125 0.8711629828125 0.9736834390625001 0.8651326671874999 0.9817253328125 0.8552626671875 0.9897650171875 0.8404609828125 0.997075228125 0.8119518250000001 0.997075228125 0.79331045625 0.9941529125 0.78618371875 0.9897650171875 0.7823462453125
1 1 0.7280240499999999 0.984649859375 0.7160083515625 0.9729539656249999 0.709978034375 0.957601859375 0.699562034375 0.953216175 0.6984656140625 0.948830490625 0.6940799296875 0.9290927015625 0.6825652984375 0.9122816484375 0.6694082453125 0.9086254390624999 0.668311825 0.880847965625 0.648025825 0.8728060703124999 0.6469294031249999 0.866959228125 0.6551525609375 0.8676909125 0.6716010875 0.8728060703124999 0.69078845625 0.89692954375 0.7291676140625001 0.9232458593749999 0.7505478250000001 0.9437131234375 0.75931919375 0.9729539656249999 0.7631588765624999 0.9853793328125 0.7626106671875 0.998538596875 0.7637070875 1 0.7635946812500001 1 0.7280240499999999
1 0.91739680625 0.13706045625000002 0.9020469125 0.1414483515625 0.880847965625 0.15296077187499998 0.8735377546875001 0.1595392984375 0.857456175 0.18695203437500002 0.857456175 0.196819825 0.8640347015625001 0.1995608765625 0.875730596875 0.1995608765625 0.884501965625 0.19791624531250002 0.9013152281249999 0.19024129843749998 0.9144744906250001 0.182018140625 0.9276315437499999 0.170503509375 0.9356734390625 0.1611839296875 0.9429814390625 0.1491232984375 0.9422519656249999 0.13980371875 0.9356734390625 0.1365122453125 0.91739680625 0.13706045625000002
1 0.8368262234375001 0 0.8296787015625 0.0098689828125 0.8304103859374999 0.0158992984375 0.8340643859375 0.018640351562499997 0.8457602812499999 0.019736771875 0.8589173328124999 0.023026034375 0.8713449125 0.023026034375 0.8910827015624999 0.019736771875 0.9210530171875 0.0043868765625 0.92637000625 0 0.8368262234375001 0
1 0.512426175 0.800439403125 0.51754354375 0.7938586671875 0.51754354375 0.7768641406250001 0.5131578593749999 0.7472585609375 0.505115965625 0.7291676140625001 0.497807965625 0.7258761406249999 0.48903438593750004 0.72477971875 0.47295280625 0.7275229828125 0.4108193328125 0.72807119375 0.3998529125 0.73136045625 0.3947377546875 0.737390771875 0.3925449125 0.7467103515625 0.3940060703125 0.7538370875 0.3940060703125 0.7752195093750001 0.396930596875 0.79331045625 0.40424080625 0.8042768765625 0.41374164843749994 0.8103071937499999 0.42543754375000004 0.8114036140625001 0.44371417500000004 0.8070179296875001 0.46637428124999997 0.8053732984374999 0.47733849062499994 0.8064697187500001 0.497807965625 0.8053732984374999 0.512426175 0.800439403125
1 0.4883049125 0.6419955093749999 0.49707628125000003 0.6414472984375 0.508772175 0.6359651937499999 0.5131578593749999 0.63212771875 0.5146190171875 0.6250009828125 0.512426175 0.616227403125 0.504386490625 0.6063596140625 0.4897660703125 0.6014257187500001 0.48026301718750003 0.600877509375 0.473684490625 0.6030703515625 0.4634497546875 0.616227403125 0.4641814390625 0.6228059296875 0.481724175 0.6398026671875 0.4883049125 0.6419955093749999
1 0.38157849062500004 0.41173161406250003 0.3837713328125 0.4100869828125 0.391813228125 0.4089905609375 0.421051859375 0.3936406671875 0.4269009125 0.3925442453125 0.44371417500000004 0.38541750937499997 0.451753859375 0.3739028765625 0.45760291249999996 0.3536190875 0.46272028125000003 0.34210445625 0.46198859687500005 0.3355259296875 0.45979575468749995 0.3322366671875 0.446636490625 0.3322366671875 0.4283620703125 0.33607414062499996 0.378653965625 0.340459825 0.3413734390625 0.34539371874999997 0.3347949125 0.34758877187500004 0.326755228125 0.356360140625 0.317252175 0.3777403515625 0.30482459687499996 0.399122771875 0.29312870156250004 0.428180140625 0.24707680625 0.5169946671875 0.251462490625 0.523575403125 0.2872796484375 0.5180910875 0.3062857546875 0.513705403125 0.32236733281249996 0.5043858250000001 0.35672554375 0.43859614062499996 0.3676897546875 0.42543908750000003 0.378653965625 0.417764140625 0.38157849062500004 0.41173161406250003
1 0.543859859375 0.36239045625 0.5314322812500001 0.371710034375 0.5226609125 0.380481403125 0.504386490625 0.391447825 0.482455859375 0.4100869828125 0.481724175 0.41831235156249996 0.48903438593750004 0.42379445625 0.4992691234375 0.42269803437500003 0.527046596875 0.41556908750000005 0.532163965625 0.412279825 0.54459154375 0.395833509375 0.5548240703125 0.3782885609375 0.5606731234375 0.37225824531249996 0.56213428125 0.3640350875 0.5592097546875 0.361294034375 0.5504383859375 0.359649403125 0.543859859375 0.36239045625
1 0.5745618593749999 0.274670140625 0.55189954375 0.27412192968750004 0.5219292281250001 0.27028445625 0.512426175 0.273025509375 0.5073110171875 0.2796062453125 0.5036548062499999 0.3020828765625 0.49634459687500004 0.324013509375 0.49634459687500004 0.33388129843750003 0.504386490625 0.341008034375 0.509503859375 0.34210445625 0.55189954375 0.3426526671875 0.573830175 0.34758877187500004 0.5840649124999999 0.34868519375 0.59649028125 0.3470405609375 0.6030710171875 0.3437490875 0.6059933328125 0.341008034375 0.6081861749999999 0.334429509375 0.604532175 0.3125010875 0.6067250171875 0.2867329828125 0.6030710171875 0.28289550937499996 0.59649028125 0.278509825 0.5745618593749999 0.274670140625
1 0.3240615703125 0 0.3282163859375 0.019736771875 0.33991228125 0.043860245312500004 0.34795417500000003 0.057017298437499996 0.3545327015625 0.0646922453125 0.3581867015625 0.072369403125 0.36257238593749996 0.0762068765625 0.3654969125 0.0816889828125 0.37426828125 0.0893639296875 0.3801173328125 0.09100856093750001 0.391813228125 0.09100856093750001 0.409355965625 0.0849782453125 0.4290937546875 0.0805925609375 0.43567228125 0.0767550875 0.45979575468749995 0.0674332984375 0.46856712343750007 0.06140298281249999 0.4766090171875 0.05811371875 0.481724175 0.053728034375 0.4919589125 0.0498905609375 0.50073028125 0.04440845625 0.5102333328124999 0.0339902453125 0.5131578593749999 0.02741171875 0.5138895437500001 0.015351087499999999 0.508040490625 0.0032904562499999996 0.504386490625 0.00054719375 0.503109634375 0 0.3240615703125 0
1 0.25073080625 0.30975782500000004 0.24415228125000002 0.3015346671875 0.2185676484375 0.29057045625 0.20760343906249998 0.28399192968750003 0.190790175 0.2768629828125 0.1812871234375 0.274670140625 0.15204628125 0.26206129843750003 0.133771859375 0.2576756140625 0.12061480625000001 0.2510970875 0.1191514390625 0.253838140625 0.10380154374999999 0.26425414062499997 0.0891811234375 0.2867329828125 0.08552712343749999 0.299890034375 0.08552712343749999 0.30811319375 0.0884494390625 0.31798319375 0.11695859687500001 0.339363403125 0.118421965625 0.34210445625 0.128654490625 0.34978161406249997 0.13815754375 0.35197445625 0.14985343906249998 0.359649403125 0.15862480625 0.3629386671875 0.1717840703125 0.36567971875 0.18274828125 0.3662279296875 0.214181965625 0.3525226671875 0.244883965625 0.3267545609375 0.2499991234375 0.31688677187500003 0.25073080625 0.30975782500000004
1 0.1454677546875 0.47203919375 0.1359647015625 0.472587403125 0.1315790171875 0.4758766671875 0.1279250171875 0.48245519375 0.1228076484375 0.5076750875 0.12426880625 0.52631645625 0.12646164843750002 0.5328949828125 0.129386175 0.5361842453125 0.144006596875 0.5422145609375 0.1571636484375 0.5433109828125 0.16666670156250002 0.545503825 0.198829859375 0.5476966671875 0.2192993328125 0.54714845625 0.23026354375000002 0.5449556140625 0.2375737546875 0.541118140625 0.23976659687500002 0.533991403125 0.23976659687500002 0.5241236140625001 0.20614007031249998 0.49780729843750005 0.18567280625 0.48629487656250003 0.15204628125 0.47313561406250004 0.1454677546875 0.47203919375
1 0.20979628125 0.839912771875 0.20760343906249998 0.832237825 0.19956154375 0.8245606671875001 0.190790175 0.8190785609375 0.183479965625 0.816337509375 0.1739769125 0.81688571875 0.16593501718749998 0.8157892984374999 0.15350964843749998 0.8174339296875001 0.144006596875 0.821271403125 0.13888922812499999 0.832237825 0.133040175 0.857455509375 0.133771859375 0.872259403125 0.13815754375 0.8793861406250001 0.142543228125 0.881030771875 0.1542391234375 0.8815789828125 0.16520554375000002 0.8788379296875 0.1754380703125 0.8711629828125 0.182016596875 0.857455509375 0.1929830171875 0.8508769828125 0.198829859375 0.8497805609375 0.2054083859375 0.8459430875 0.20979628125 0.839912771875
1 0 0.945943396875 0.0051170171875000005 0.9490132984375 0.02193028125 0.9528507718749999 0.036550701562499996 0.95394719375 0.051900596875 0.9577846671874999 0.0665210171875 0.9638149828125 0.08333428125 0.9660078249999999 0.09356680625 0.9594292984375 0.1096483859375 0.9385972984375 0.1352330171875 0.9183112984375 0.13888922812499999 0.9111845609375001 0.13742585937500001 0.9013167718749999 0.1228076484375 0.88541645625 0.10599438593749999 0.873355825 0.095030175 0.8607447718750001 0.08333428125 0.8541662453125 0.0745607015625 0.8536180343750001 0.067982175 0.85471445625 0.034355648437500004 0.8673255093750001 0.0197374390625 0.8700665609374999 0.0058487015625 0.8771932984375 0.002924175 0.88541645625 0.002192490625 0.9078952984375 0 0.914174371875 0 0.945943396875
2 0.0796780703125 0 0.0796780703125 0.001645825 0.082602596875 0.0378299296875 0.0811414390625 0.048794140624999996 0.0745607015625 0.072369403125 0.0709067015625 0.1041656140625 0.07383122812500001 0.1184212984375 0.0811414390625 0.134319403125 0.08552712343749999 0.1381568765625 0.0884494390625 0.14364119375 0.09722301718750001 0.1524125609375 0.1103800703125 0.1595392984375 0.118421965625 0.16173214062500002 0.1308473328125 0.16173214062500002 0.1447360703125 0.1595392984375 0.1673983859375 0.15021971875 0.1754380703125 0.145285825 0.1842094390625 0.1430929828125 0.20614007031249998 0.12938550937499999 0.22953185937499998 0.11293919375000001 0.24415228125000002 0.10032814062499999 0.2587727015625 0.0800443515625 0.263887859375 0.06524045625 0.26096554375 0.028508140625 0.256579859375 0.0027422453124999998 0.2565003015625 0 0.0796780703125 0
1 0.635234175 0.9018649828124999 0.6425443859375 0.90241319375 0.649854596875 0.9067988765624999 0.6593576484375 0.9067988765624999 0.673975859375 0.9117327718749999 0.701023859375 0.914473825 0.723683965625 0.915022034375 0.7514614390625 0.9117327718749999 0.7726603859375001 0.9062506671874999 0.7982450171875 0.89583245625 0.8194439656249999 0.881030771875 0.8282153328125 0.8788379296875 0.8333327015625001 0.8706147718749999 0.8428357546875 0.863485825 0.858187859375 0.8464912984374999 0.866959228125 0.832237825 0.875730596875 0.8097589828125 0.875730596875 0.7927622453125001 0.86622754375 0.7735748765625 0.8479531234375 0.7527406671875 0.8377183859375 0.7362943515625 0.8296787015625 0.7176529828125 0.8282153328125 0.709429825 0.8238296484375001 0.7012066671875 0.8165194390625 0.6924352984375 0.81140428125 0.6885956140625 0.7821634390625001 0.6732457187499999 0.7485369125 0.6633779296875 0.735379859375 0.6606368765624999 0.7207594390625001 0.65954045625 0.6761687015625 0.6589922453125 0.643273859375 0.6672154031249999 0.6184209125 0.675986771875 0.5913751234375 0.6940799296875 0.5752913328125 0.7088816140625 0.557748596875 0.73464971875 0.5504383859375 0.754933509375 0.547513859375 0.7702856140625001 0.547513859375 0.79605371875 0.5511700703125 0.8146928765625001 0.5562874390625 0.826753509375 0.5606731234375 0.832786034375 0.562865965625 0.839912771875 0.5811403859375 0.8645822453124999 0.5877189125 0.868970140625 0.597221965625 0.87828971875 0.6118423859375001 0.8881575093749999 0.624269965625 0.8919949828125 0.635234175 0.9018649828124999
5 0.6522287015625 0.9223963515625 0.6471997546875 0.9217110875 0.642164175 0.9247969828124999 0.6398762812500001 0.9285681406249999 0.6417110171875 0.93371645625 0.646280175 0.9347487718749999 0.650855965625 0.9347487718749999 0.654516596875 0.9323459296875001 0.6558915437499999 0.9285681406249999 0.654516596875 0.9254822453125 0.6522287015625 0.9223963515625
5 0.8861333328125 0.754429509375 0.8908925968749999 0.7532402453125 0.8972434390625 0.749270140625 0.8967173328125 0.7437106671875 0.88771828125 0.741727825 0.8824262812500001 0.742521403125 0.87924754375 0.746491509375 0.87924754375 0.7500659296875 0.881900175 0.7532402453125 0.8861333328125 0.754429509375
5 0.9200074390624999 0.7595932984375 0.9173614390625 0.7651483515625 0.9200074390624999 0.769912034375 0.9231795437500001 0.7711012984375001 0.9290064906250001 0.7711012984375001 0.934824596875 0.7679269828125 0.9353573328125 0.7631632984375 0.9316524906250001 0.7599889828124999 0.92582554375 0.7583996140625 0.9200074390624999 0.7595932984375
5 0.9422364906249999 0.889402034375 0.9464696484375 0.8929764562500001 0.9528227015624999 0.8925763515625 0.9586474390624999 0.8901978250000001 0.9586474390624999 0.886623403125 0.9575885968750001 0.8818575093750001 0.9470023859375001 0.8798746671875 0.9427714390625 0.8834490875000001 0.9422364906249999 0.889402034375
2 0.1973687015625 0.6326759296875 0.16520554375000002 0.6792760343750001 0.1198831234375 0.7220386671875 0.10380154374999999 0.7412282453125 0.09722301718750001 0.7543852984375 0.095030175 0.7626106671875 0.095030175 0.7735748765625 0.097952490625 0.78618371875 0.1067260703125 0.79605371875 0.12426880625 0.8048250875 0.13815754375 0.809210771875 0.144006596875 0.812500034375 0.1673983859375 0.8130482453125 0.1717840703125 0.8141446671875 0.18932680625 0.81359645625 0.19956154375 0.8097589828125 0.21637480625 0.8075661406249999 0.2324563859375 0.80318045625 0.259502175 0.788924771875 0.27046859687499997 0.781249825 0.27777880625 0.770833825 0.2872796484375 0.7642552984375001 0.29166754375 0.754933509375 0.2982460703125 0.7505478250000001 0.3033634390625 0.7423246671875 0.3289480703125 0.7198458249999999 0.33333375468750004 0.7132672984374999 0.34795417500000003 0.6984656140625 0.352339859375 0.6957245609375 0.3633040703125 0.6820170875 0.4020457546875 0.645284771875 0.40716312343750005 0.6419955093749999 0.4334794390625 0.6134863515625 0.44809985937499996 0.6030703515625 0.45906407031249996 0.59100971875 0.46198859687500005 0.585525403125 0.4766090171875 0.5718201406250001 0.497807965625 0.54714845625 0.5058476484375001 0.5290575093750001 0.5065793328125 0.5071268765625 0.505115965625 0.5010965609375 0.4904977546875 0.4764248765625 0.4758773328125 0.46326782499999997 0.4634497546875 0.45449645624999996 0.44590701718750003 0.44956035156249996 0.42543754375000004 0.45065898281249994 0.40643364843749996 0.45559287656249997 0.396930596875 0.45943035156249995 0.3888887015625 0.46491245625 0.383041859375 0.4665570875 0.37719280624999996 0.47203919375 0.366228596875 0.4764248765625 0.351608175 0.487939509375 0.340643965625 0.50274119375 0.32602354375 0.5115125609375 0.3238307015625 0.5169946671875 0.317252175 0.5230271937500001 0.31578880625 0.52631645625 0.2887430171875 0.5449556140625 0.2280707015625 0.6003292984375 0.2236850171875 0.606907825 0.1973687015625 0.6326759296875
1 0 0.31716059375 0.008041543750000001 0.32017603437500003 0.0226597546875 0.3207242453125 0.043129228125 0.3130492984375 0.0504394390625 0.3075649828125 0.0584791234375 0.303727509375 0.0760240703125 0.29057045625 0.08333428125 0.287829403125 0.10306985937499999 0.26206129843750003 0.10818722812499999 0.2576756140625 0.11403407031249999 0.2500006671875 0.11769028125 0.23738961406249998 0.11769028125 0.231907509375 0.11257291250000001 0.22478077187499998 0.10599438593749999 0.22258792968750002 0.0891811234375 0.2242325609375 0.045322070312500004 0.21820224531250001 0.02558428125 0.21765403437500003 0.0168129125 0.21875045625 0.006578175 0.22203971875 0 0.22203971875 0 0.31716059375
0 0 0.10402853906250001 0.006578175 0.10361740312500001 0.0138883859375 0.10087635156250001 0.02193028125 0.10087635156250001 0.032894490625 0.09265319375 0.037280175 0.0921049828125 0.03874354375 0.088267509375 0.037280175 0.07182119375 0.032894490625 0.0597583515625 0.021198596875 0.041667403125 0.0131589125 0.03728171875 0 0.035224240625 0 0.10402853906250001
4 0.8516071234375 0.5010965609375 0.866959228125 0.487939509375 0.8779234390624999 0.47478024531249996 0.89692954375 0.45943035156249995 0.9093571234375 0.4451746671875 0.9349417546875 0.426535509375 0.9422519656249999 0.417764140625 0.9444448062499999 0.412279825 0.957601859375 0.4029602453125 0.9554090171875 0.3947370875 0.9502916484374999 0.391996034375 0.926899859375 0.390351403125 0.9195896484375 0.388706771875 0.9020469125 0.388706771875 0.8603807015625 0.3821282453125 0.8318715437499999 0.381580034375 0.7997083859375 0.377192140625 0.7733920703125 0.3766439296875 0.7587716484375 0.37280645625000003 0.7426900703125 0.3733546671875 0.7083340703125 0.36951719375000003 0.6725147015624999 0.36951719375000003 0.665936175 0.371161825 0.65789428125 0.3706136140625 0.6557014390625 0.375547509375 0.6571648062500001 0.387062140625 0.6644728062499999 0.4029602453125 0.669590175 0.4084423515625 0.6856717546875 0.44078898281249995 0.7112563859375001 0.47916592968750005 0.7171054390625 0.49396982500000003 0.73976554375 0.5328949828125 0.7521931234375 0.5493412984375 0.7587716484375 0.5635969828125 0.765350175 0.5690790875 0.7733920703125 0.5696272984374999 0.79093480625 0.5564702453125 0.792398175 0.5537269828125 0.7997083859375 0.5487930875 0.8077480703125 0.5383770875 0.8252930171875 0.52631645625 0.8442991234375 0.5054822453125001 0.8516071234375 0.5010965609375
4 0.7660818593750001 0.28728119375 0.7485369125 0.2817990875 0.7280696484375 0.2719290875 0.7112563859375001 0.26699519375 0.70540954375 0.26315771875 0.6900574390624999 0.25657919375 0.6673973328125 0.2516452984375 0.6593576484375 0.25219350937499996 0.6549697546875 0.255482771875 0.6549697546875 0.28728119375 0.65789428125 0.3020828765625 0.6557014390625 0.324013509375 0.6557014390625 0.35910119375 0.658625965625 0.36458329843750004 0.6666656484375 0.36458329843750004 0.6827494390625 0.3601976140625 0.69517480625 0.35197445625 0.7032167015625 0.350329825 0.72587680625 0.3399116140625 0.73611154375 0.33717056093750003 0.7704675437499999 0.318531403125 0.7894736484375 0.3130492984375 0.7931276484375 0.31030603437500004 0.7945910171875 0.3015346671875 0.788741965625 0.2971489828125 0.769735859375 0.2900222453125 0.7660818593750001 0.28728119375
5 0.1331440703125 0.8561070875000001 0.13496996562500002 0.851644034375 0.13405701718750002 0.847528034375 0.1258250171875 0.8478728765625 0.12124922812500001 0.850958771875 0.11987649062500001 0.8550769828125 0.12216438593750001 0.858854771875 0.12856828125 0.8591929828125 0.1331440703125 0.8561070875000001
5 0.2850227015625 0.7710570875 0.281717965625 0.7727083515625 0.27994954375000003 0.775856140625 0.27994954375000003 0.778334140625 0.28061491250000004 0.78147971875 0.283039859375 0.7828016140625 0.28789417500000003 0.7836283515625 0.292748490625 0.7828016140625 0.296053228125 0.780153403125 0.29715628125000004 0.7766828765625 0.2962720703125 0.7728785609375 0.29164543906249996 0.7712228765625 0.2850227015625 0.7710570875