1 1 0.2175317203125 0.9932423421875001 0.2175317203125 0.9527028281250001 0.2694801296875 0.9008999640625 0.311688084375 0.8896386484375001 0.33116899375000003 0.891892540625 0.36363649374999996 0.9099094234375 0.3701308109375 0.945945225 0.3538960390625 0.9909904859375 0.37337694843749997 1 0.372511265625 1 0.2175317203125
1 0.8130633328125001 0.10065035781250001 0.8671180546875 0.11688308437499999 0.891892540625 0.11363694843750001 0.894144396875 0.09740217500000001 0.8761254781250001 0.07142899375 0.8896386484375001 0.03896149375 0.8896386484375001 0.019480584375000002 0.8738736218750001 0.0097401296875 0.8536028468750001 0.019480584375000002 0.8378378203124999 0.0162344484375 0.8085575859375 0.064934675 0.8018020187499999 0.090909903125 0.8130633328125001 0.10065035781250001
1 0.672711975 0 0.6801794046875 0.0227267203125 0.7027020359375 0.048701948437499996 0.7342341265625 0.051948084375 0.749999153125 0.032467175 0.790540703125 0.03896149375 0.8130633328125001 0.019480584375000002 0.811133146875 0 0.672711975 0
1 0.5045041078125 0.1396101296875 0.5045041078125 0.17532376562500002 0.5247748828125001 0.19805285781249998 0.5427938015625 0.19805285781249998 0.5878370265624999 0.14610444843749998 0.5968464859375 0.12012922031249999 0.585585171875 0.090909903125 0.57432385625 0.0811694484375 0.5563069734375 0.0811694484375 0.5112617109375 0.10714262968749999 0.5045041078125 0.1396101296875
1 0.6171172609375 0.81818149375 0.592342775 0.7824678578125 0.5675682890625 0.7629869484375 0.5427938015625 0.7532464937500001 0.48873908125 0.7597408109375 0.4527032796875 0.7922083109375 0.41891933281249993 0.8506489937499999 0.40765801875 0.8896108109374999 0.40990987343749996 0.9415592203125 0.42342304531249997 0.9448053578125 0.46171070312499995 0.9058435390625 0.558558828125 0.8474028578125001 0.6103596578125 0.837662403125 0.6171172609375 0.81818149375
0 0.8288283609375 0.7922083109375 0.84234153125 0.801948765625 0.8828830812499999 0.7954544484375 0.8896386484375001 0.7857139937500001 0.891892540625 0.7629869484375 0.8806312249999999 0.7305194484374999 0.86261230625 0.707792403125 0.8468472796875 0.707792403125 0.8288283609375 0.7435060390625 0.8243246484375 0.766233084375 0.8288283609375 0.7922083109375
1 0.9189188828124999 0.28571490312500003 0.9099094234375 0.253247403125 0.8963962515624999 0.240258765625 0.8671180546875 0.24675308437500001 0.8581085953124999 0.259739675 0.871621765625 0.2811678578125 0.8819811171874999 0.2912335390625 0.894144396875 0.29870149375 0.90315385625 0.30519581093750003 0.9189188828124999 0.28571490312500003
1 0.9632135109375 1 0.966216 0.98051899375 0.9572065406249999 0.9512996749999999 0.9279283421875 0.931818765625 0.8851349374999999 0.931818765625 0.84234153125 0.9577919484375 0.8130633328125001 0.993505584375 0.8114250828125 1 0.9632135109375 1
1 0.17567614375 0.16883149375 0.1531535140625 0.14610444843749998 0.1081082515625 0.1396101296875 0.07207245 0.162337175 0.065314846875 0.1785719484375 0.07207245 0.23376649375 0.08783747812500001 0.2759744484375 0.11036010781250001 0.31493422031249996 0.126125134375 0.32467467499999997 0.1418921984375 0.2759744484375 0.1621629734375 0.2370126296875 0.18918931562500002 0.2045451296875 0.18918931562500002 0.194804675 0.17567614375 0.16883149375
1 0.39864855781249997 0.0292210390625 0.394144846875 0.03896149375 0.396396703125 0.0746751296875 0.4144135859375 0.10389649375000001 0.43919010781249995 0.11363694843750001 0.4954946484375 0.11363694843750001 0.5067559640625 0.10714262968749999 0.5067559640625 0.0941560390625 0.486487225 0.064934675 0.47972962187499996 0.0292210390625 0.46621645 0.0064939937500000005 0.4436938203125 0.0064939937500000005 0.39864855781249997 0.0292210390625
1 0.1531535140625 0.704546265625 0.1216214234375 0.6785710390624999 0.07882801874999999 0.675324903125 0.07432430625 0.6785710390624999 0.07432430625 0.6948058109375 0.092343225 0.737013765625 0.10360454062499999 0.7954544484375 0.10360454062499999 0.8798703578125 0.1216214234375 0.88311649375 0.146395909375 0.8603894484374999 0.164414828125 0.81818149375 0.168918540625 0.7954544484375 0.168918540625 0.737013765625 0.1531535140625 0.704546265625
1 0.657656775 0.5551953578125 0.646395459375 0.5616876296875 0.6171172609375 0.603895584375 0.603604090625 0.6461035390625 0.603604090625 0.704546265625 0.6171172609375 0.704546265625 0.646395459375 0.6655844484375 0.686937009375 0.6331169484375 0.7297304140625 0.6201303578124999 0.7297304140625 0.603895584375 0.689188865625 0.55844149375 0.657656775 0.5551953578125
1 0.4909909375 0.31493422031249996 0.48873908125 0.33116899375000003 0.5135135671875 0.3474017203125 0.551801225 0.39285785781250004 0.56982014375 0.42207717499999997 0.581081459375 0.4675333109375 0.592342775 0.4675333109375 0.6126135500000001 0.4123367203125 0.6103596578125 0.350649903125 0.601352234375 0.318182403125 0.578829603125 0.2954553578125 0.5315324859375 0.2954553578125 0.4909909375 0.31493422031249996
1 0.7117114953125 0.058442403125 0.689188865625 0.0422076296875 0.6599106671875 0.032467175 0.6103596578125 0.045453765624999996 0.6058559453125001 0.0551942203125 0.6103596578125 0.0746751296875 0.6328822890625 0.09740217500000001 0.6914407203125 0.13636399375 0.7139633515625 0.142856265625 0.749999153125 0.142856265625 0.7567567562499999 0.13636399375 0.7545049015624999 0.11363694843750001 0.747747296875 0.10389649375000001 0.7319822703125001 0.0941560390625 0.7117114953125 0.058442403125
1 0.8671180546875 0.42857149375 0.831080215625 0.42207717499999997 0.8085575859375 0.44480422031250005 0.8085575859375 0.474025584375 0.8486491718750001 0.518831265625 0.87297369375 0.525325584375 0.8896386484375001 0.512987403125 0.8896386484375001 0.474025584375 0.8671180546875 0.42857149375
1 0.9324320546875 0.1850642203125 0.9752254593749999 0.14935058437499998 0.98423491875 0.13311785781250002 0.9527028281250001 0.09740217500000001 0.9369378015625 0.0876617203125 0.9256764859375 0.090909903125 0.8986481078124999 0.11363694843750001 0.79729830625 0.14610444843749998 0.7567567562499999 0.1720776296875 0.7432435859375001 0.1915585390625 0.7432435859375001 0.2305203578125 0.7635143609374999 0.24999922031250002 0.8018020187499999 0.24675308437500001 0.8378378203124999 0.220779903125 0.9324320546875 0.1850642203125