1 0.6114376828125 0.0460524171875 0.60703885625 0.054824310937499995 0.60703885625 0.067982153125 0.6129024921874999 0.0767540484375 0.6202353375 0.0701751265625 0.6217001468750001 0.059210259375 0.6173013203125 0.04385944375 0.6114376828125 0.0460524171875
1 0.10117375312500002 0.151315153125 0.09823973593749999 0.17105191718749999 0.080644428125 0.20833246875000003 0.080644428125 0.23464815312499998 0.090909090625 0.2390341015625 0.10117375312500002 0.21929733749999997 0.11876906093749999 0.21929733749999997 0.1348973609375 0.2017535484375 0.1348973609375 0.182016784375 0.12023387031249999 0.1337713640625 0.1114362171875 0.1337713640625 0.10117375312500002 0.151315153125
1 0.18035263906250001 0.1754378640625 0.16715615781249998 0.1776308375 0.164222140625 0.1973676015625 0.16715615781249998 0.203946521875 0.1818174484375 0.203946521875 0.184751465625 0.184209759375 0.18035263906250001 0.1754378640625
1 0.3739010265625 0.1798238109375 0.3607045453125 0.1776308375 0.354838709375 0.1864027328125 0.35337170156250003 0.203946521875 0.3797646625 0.203946521875 0.381231671875 0.19298165312499999 0.3739010265625 0.1798238109375
1 0.370967009375 0.21929733749999997 0.36656818125 0.23684112656249998 0.36656818125 0.24780599531249997 0.370967009375 0.25219194375 0.3841634890625 0.24999896875 0.390029325 0.24122707499999999 0.38709750781249996 0.21929733749999997 0.3797646625 0.21052544375 0.370967009375 0.21929733749999997
1 0.5630505859375 0.26754495624999997 0.5527859234375 0.26754495624999997 0.5425212609375001 0.2850887453125 0.5439882703125 0.302632534375 0.548387096875 0.3070184828125 0.5630505859375 0.30482550937499997 0.57331305 0.28947469375 0.571848240625 0.27631685156249997 0.5630505859375 0.26754495624999997
1 0.54985410625 0.078947021875 0.5439882703125 0.0921048640625 0.5439882703125 0.10306973281250001 0.5703812312500001 0.1118416265625 0.5703812312500001 0.0877189171875 0.5630505859375 0.0767540484375 0.54985410625 0.078947021875
1 0.3035197953125 0.0394734953125 0.3035197953125 0.0504383640625 0.3152492671875 0.067982153125 0.3240469203125 0.0657891796875 0.3255139296875 0.054824310937499995 0.3225799125 0.048245390625 0.30791862187499996 0.032894574999999995 0.3035197953125 0.0394734953125
1 0.64166525625 1 0.642229471875 0.9890354953125 0.63343181875 0.9714917062499999 0.6217001468750001 0.9714917062499999 0.6143695015625 0.986842521875 0.6137408 1 0.64166525625 1
1 0.658357771875 0.6578942718749999 0.6466282984375 0.6600872453125 0.6407624640625 0.6710521140625 0.6407624640625 0.6842099562499999 0.6495601171875001 0.6929818515624999 0.6642236078125 0.6907888765625 0.667155425 0.6732450875 0.6642236078125 0.66228021875 0.658357771875 0.6578942718749999
1 0.6147807921874999 0.7223035343750001 0.6095461875 0.73083371875 0.606216275 0.7478940875 0.6162016125 0.7457450609375 0.6219068921875001 0.7372148765625 0.6237983875 0.727280575 0.619531525 0.7201764828125 0.6147807921874999 0.7223035343750001
1 0.6524919359375 0.46491258750000003 0.6495601171875001 0.469298534375 0.6480931078125 0.48026340312500004 0.6524919359375 0.49342124531250003 0.6642236078125 0.486842325 0.6656884171875 0.471491509375 0.6627565984375 0.46491258750000003 0.6524919359375 0.46491258750000003
1 0.6217001468750001 0.3179833515625 0.618768328125 0.3223692984375 0.6173013203125 0.3421060609375 0.6202353375 0.346492009375 0.631964809375 0.3421060609375 0.63343181875 0.32894821875 0.6304978 0.320176325 0.6217001468750001 0.3179833515625
1 0.6363636359375 0.278509825 0.6363636359375 0.3004395609375 0.6407624640625 0.313597403125 0.6510271265625 0.324562271875 0.6700872437500001 0.30921145625 0.678884896875 0.293860640625 0.678884896875 0.2807027984375 0.6730212609375 0.26754495624999997 0.6612895890625 0.2587708640625 0.642229471875 0.265349784375 0.6363636359375 0.278509825
1 0.765396628125 0.8508781531249999 0.7551319640624999 0.861843021875 0.752200146875 0.883772759375 0.7551319640624999 0.899123575 0.7609978 0.9013165484375 0.7697954546875 0.8859657328124999 0.7756590906249999 0.861843021875 0.77419428125 0.8508781531249999 0.765396628125 0.8508781531249999
1 0.737844575 0.79899169375 0.7302346046875 0.79116246875 0.7273907625 0.7996926531249999 0.7335623171875 0.810349890625 0.7421268328124999 0.8089259953125 0.737844575 0.79899169375
1 0.7243401765625 0.5745612718750001 0.7140755125 0.5745612718750001 0.7111436953125 0.6666661671874999 0.718474340625 0.6776310343749999 0.740468475 0.668859140625 0.7565989734375 0.6184207453125 0.75366495625 0.6030699296875001 0.7243401765625 0.5745612718750001
1 0.7947214078125 0.66228021875 0.7844567453125 0.6557012984374999 0.77419428125 0.6644731937499999 0.77419428125 0.6842099562499999 0.7844567453125 0.6864029296874999 0.7917895890625 0.6820169828125 0.7961884171875 0.668859140625 0.7947214078125 0.66228021875
1 0.8372426687500001 0.6140347984375001 0.8137837250000001 0.6096488515625 0.8049860703125 0.6184207453125 0.7976532265625 0.638157509375 0.8064508796875 0.64254345625 0.82111436875 0.6293856140625 0.835777859375 0.6249996671875 0.8372426687500001 0.6140347984375001
1 0.7829919359375 0.521929903125 0.7697954546875 0.521929903125 0.76392961875 0.5307017984375 0.76392961875 0.53947369375 0.7756590906249999 0.53947369375 0.7829919359375 0.521929903125
1 0.740468475 0.4254390609375 0.741935484375 0.445175825 0.7507331374999999 0.45175474531250004 0.76392961875 0.4473687984375 0.7697954546875 0.4364039296875 0.7683284453125 0.4166671671875 0.7609978 0.40350932500000003 0.7448673015625 0.3991233765625 0.7448673015625 0.41447419375 0.740468475 0.4254390609375
1 0.71700953125 0.22368328437499999 0.7082118765625001 0.21491139062500003 0.6759530796875 0.21491139062500003 0.6700872437500001 0.2214903109375 0.6759530796875 0.25657789062499997 0.681818915625 0.265349784375 0.702346040625 0.2631568109375 0.7140755125 0.25219194375 0.718474340625 0.24122707499999999 0.71700953125 0.22368328437499999
1 0.712610703125 0.2127184171875 0.7214083578125 0.21710436406250003 0.72727199375 0.23464815312499998 0.7360696484375 0.24342004843749998 0.762462609375 0.23464815312499998 0.7756590906249999 0.2017535484375 0.77419428125 0.17105191718749999 0.7697954546875 0.157894075 0.7609978 0.1491221796875 0.752200146875 0.15350812656249999 0.7478013203125 0.1447362328125 0.7390036656250001 0.14692920625 0.7287390031250001 0.17324489062499998 0.7140755125 0.1973676015625 0.712610703125 0.2127184171875
1 0.75317666875 0 0.7507331374999999 0.0043859171874999995 0.7507331374999999 0.017543759375000002 0.7580637828125 0.026315653124999998 0.7727272734375 0.024122679687500002 0.7800579171875001 0.010964837500000001 0.7800579171875001 0 0.75317666875 0
1 0.8407617109375 0 0.8328438421875 0.0131578109375 0.8299120234374999 0.030701601562500003 0.8372426687500001 0.04385944375 0.8519061578124999 0.0504383640625 0.8607038125 0.04385944375 0.8695014656250001 0.0285086265625 0.870968475 0.010964837500000001 0.8620071109375 0 0.8407617109375 0
1 0.9750733140625 0.098683784375 0.9750733140625 0.0877189171875 0.9589450140625001 0.0877189171875 0.95747800625 0.100876759375 0.969207478125 0.10306973281250001 0.9750733140625 0.098683784375
1 0.9442815250000001 0.131578390625 0.932552053125 0.131578390625 0.9208203812500001 0.1491221796875 0.9193555718749999 0.1798238109375 0.9296180359375 0.1864027328125 0.932552053125 0.182016784375 0.932552053125 0.16666596875 0.9369508796874999 0.1600870484375 0.9501473609375 0.1557011015625 0.9618768328125 0.157894075 0.9633438421875 0.1491221796875 0.9442815250000001 0.131578390625
1 0.9013049859375 0.31835470625 0.8965542515625 0.309824521875 0.88894428125 0.31550471875 0.876115103125 0.3275880484375 0.8746920828125001 0.345351575 0.88134970625 0.35956195625 0.8965542515625 0.351031771875 0.9013049859375 0.33469214062499997 0.9013049859375 0.31835470625
1 0.9340168625 0.35087795625 0.9340168625 0.3421060609375 0.9134897359374999 0.344299034375 0.9090909093749999 0.3574568765625 0.9105579171875 0.361842825 0.9208203812500001 0.361842825 0.9296180359375 0.3574568765625 0.9340168625 0.35087795625
1 0.9384156890625001 0.21052544375 0.94721334375 0.23684112656249998 0.9501473609375 0.2587708640625 0.9530791781250001 0.26096383749999996 0.9604098234375 0.24999896875 0.9648086515625 0.20833246875000003 0.9604098234375 0.2017535484375 0.9428145156250001 0.1973676015625 0.9384156890625001 0.199560575 0.9384156890625001 0.21052544375
1 0.8489589437499999 0.7052189953125 0.8440322578125 0.7033776015625001 0.8349992671875001 0.707675653125 0.8276092374999999 0.7107453765625 0.8148680359375 0.72304844375 0.8078892968750001 0.7310314828125 0.806246334375 0.7500650875 0.808709678125 0.7721706140625 0.8119934015625001 0.788749759375 0.81938343125 0.8004375609375 0.8337675953125 0.8041225484375 0.8489589437499999 0.8059639437499999 0.860455278125 0.801665890625 0.8674340171875 0.7912064171875001 0.8777118765624999 0.7740142062500001 0.8805865109375001 0.7623461796875 0.8809977999999999 0.74822369375 0.8801752203125 0.7377839953125 0.8768914953125 0.7310314828125 0.8686656890625001 0.724276771875 0.8645593843749999 0.7187284171874999 0.86168695 0.71197370625 0.8567602640624999 0.7070603906249999 0.8489589437499999 0.7052189953125
1 0.88756525 0.8041225484375 0.8773027859375 0.801665890625 0.86250733125 0.8041225484375 0.852653959375 0.82070169375 0.8477272734374999 0.83543944375 0.8464956015625 0.8483336015624999 0.8481385625 0.86431945625 0.85224266875 0.8772158109375001 0.86086436875 0.885196653125 0.8690769796875 0.888881640625 0.883870234375 0.89317969375 0.9002932546875 0.8870402453124999 0.9043995593749999 0.879670271875 0.9076832843749999 0.8673913765625001 0.9085036656250001 0.8501749953125 0.9048086515625 0.8342111140625 0.9002932546875 0.821930021875 0.8937236078125 0.8102641937499999 0.88756525 0.8041225484375
3 0.922287390625 0.66228021875 0.9134897359374999 0.6666661671874999 0.9105579171875 0.6732450875 0.9120227265624999 0.6842099562499999 0.9296180359375 0.6907888765625 0.9340168625 0.6842099562499999 0.9354838703125001 0.6666661671874999 0.932552053125 0.66228021875 0.922287390625 0.66228021875
1 0.3475080640625 0.6447364296875 0.33284457500000003 0.6864029296874999 0.33284457500000003 0.6973677984375 0.3387104109375 0.70613969375 0.3797646625 0.70613969375 0.3841634890625 0.679824009375 0.3797646625 0.635964534375 0.3739010265625 0.62061371875 0.3621693546875 0.6184207453125 0.3475080640625 0.6447364296875
1 0.5564425156249999 1 0.555396628125 0.96999969375 0.5535623171874999 0.9617551671875001 0.5474193546875 0.9695624171875 0.543137096875 0.9883543109374999 0.5423688359375001 1 0.5564425156249999 1
1 0.5752601984375 1 0.574120234375 0.986075640625 0.56920894375 0.9654159828125 0.56246334375 0.960832271875 0.5544860703125 0.9667981265625001 0.5569362171875001 0.9746053765625 0.5566282984375001 0.9957023109375 0.55682063125 1 0.5752601984375 1
1 0 0.978618853125 0.0029325515625 0.9780706265625 0.007331378125 0.9714917062499999 0.007331378125 0.956140890625 0 0.94334854375 0 0.978618853125
1 0.25601219531249997 1 0.2551326984375 0.99342144375 0.2419362171875 0.9736846796874999 0.23313856249999998 0.9714917062499999 0.2184750734375 0.9802636015624999 0.2082106 1 0.25601219531249997 1
1 0.545455278125 0.7653499828125 0.5425212609375001 0.7763148515625 0.5425212609375001 0.8201765218749999 0.55718475 0.8333343640624999 0.5645153953125 0.8333343640624999 0.585044721875 0.8201765218749999 0.582110703125 0.771928903125 0.5703812312500001 0.7587710609375 0.5542529328125 0.7587710609375 0.545455278125 0.7653499828125
1 0.3988269796875 0.804823509375 0.39149633437500003 0.813595403125 0.3885623171875 0.8223694953124999 0.390029325 0.8355273375 0.404692815625 0.8377203109375 0.4105564515625 0.8289484171874999 0.4105564515625 0.80920945625 0.40762463281250005 0.804823509375 0.3988269796875 0.804823509375
3 0.080644428125 0.752192140625 0.0718467734375 0.7543851140625 0.0659831375 0.763157009375 0.0659831375 0.7785078249999999 0.07917961875 0.7807007984375 0.0821114375 0.7763148515625 0.080644428125 0.752192140625
1 0 0.7225871781250001 0.004399559375 0.7214905093749999 0.0131972140625 0.710525640625 0.0161290328125 0.6710521140625 0.008798387500000001 0.638157509375 0 0.623355553125 0 0.7225871781250001
1 0.1099714078125 0.6557012984374999 0.09530791718750001 0.6600872453125 0.09530791718750001 0.679824009375 0.10117375312500002 0.688595903125 0.12170087968750001 0.6842099562499999 0.12023387031249999 0.6710521140625 0.1099714078125 0.6557012984374999
1 0.524925953125 0.5109650343750001 0.5161282984375 0.5153509828125 0.5087976546874999 0.532894771875 0.5073306453125 0.5460526140625 0.5205271265625 0.5460526140625 0.52346114375 0.5416666671875 0.535190615625 0.5460526140625 0.538122434375 0.532894771875 0.535190615625 0.5197369296875001 0.524925953125 0.5109650343750001
1 0.4090916421875 0.3837725609375 0.42815175937500005 0.4100882453125 0.451612903125 0.4254390609375 0.46334237500000003 0.427632034375 0.47067522031250003 0.41447419375 0.47653885625000003 0.38596553437500003 0.47653885625000003 0.355263903125 0.47067522031250003 0.33114119375 0.4604105578125 0.313597403125 0.441348240625 0.302632534375 0.42375293281250004 0.302632534375 0.41202346093750003 0.3114044296875 0.4002939875 0.32894821875 0.3988269796875 0.3377201140625 0.4002939875 0.3596498515625 0.4090916421875 0.3837725609375
1 0.310850440625 0.3574568765625 0.321115103125 0.3596498515625 0.3621693546875 0.39473742968750003 0.3797646625 0.3991233765625 0.381231671875 0.39254445625 0.3768328453125 0.3837725609375 0.3592375359375 0.3684217453125 0.34604105625 0.361842825 0.31818108437500003 0.335527140625 0.30645161249999997 0.3377201140625 0.30645161249999997 0.35087795625 0.310850440625 0.3574568765625
1 0.271260996875 0.355263903125 0.28299046875 0.3991233765625 0.2785916421875 0.427632034375 0.310850440625 0.43421095625 0.3225799125 0.40350932500000003 0.3225799125 0.3903514828125 0.30645161249999997 0.355263903125 0.287389296875 0.3267552453125 0.2756598234375 0.3223692984375 0.271260996875 0.3267552453125 0.271260996875 0.355263903125
1 0.1759538125 0.28947469375 0.16275733125 0.313597403125 0.1686209671875 0.366228771875 0.1759538125 0.3815795875 0.18915029375 0.377193640625 0.2052785921875 0.3377201140625 0.2038115828125 0.3114044296875 0.1964809390625 0.2850887453125 0.1920821109375 0.282895771875 0.1759538125 0.28947469375
3 0.0645161296875 0.344299034375 0.0923761 0.3903514828125 0.10117375312500002 0.41228121875 0.1114362171875 0.418860140625 0.1129032265625 0.4057022984375 0.0997067453125 0.30482550937499997 0.0747807921875 0.302632534375 0.0659831375 0.3070184828125 0.0601173015625 0.3157903765625 0.0601173015625 0.33114119375 0.0645161296875 0.344299034375
1 0.1129032265625 0.43201798281250003 0.09530791718750001 0.4473687984375 0.0894420828125 0.46052664062500004 0.09530791718750001 0.4780704296875 0.1129032265625 0.4824563765625 0.11583504375 0.4780704296875 0.117302053125 0.4429828515625 0.1129032265625 0.43201798281250003
1 0.0894420828125 0.5657893765625001 0.0762456015625 0.5679823515625 0.0747807921875 0.5767542453125001 0.07771260937499999 0.5855261406250001 0.090909090625 0.5833331671875001 0.0894420828125 0.5657893765625001
1 0.019060849999999997 0.4166671671875 0.0029325515625 0.42324608750000003 0.0014655421875 0.449561771875 0.004399559375 0.4583336671875 0.020527859375 0.4583336671875 0.030792521875 0.4473687984375 0.03225733125 0.43421095625 0.0278585046875 0.4210531140625 0.019060849999999997 0.4166671671875
1 0.057185484375 0.08552594375 0.0483878296875 0.0811399953125 0.041054985937499996 0.089911890625 0.041054985937499996 0.116227575 0.0601173015625 0.10526270625 0.0615843109375 0.09429783750000001 0.057185484375 0.08552594375
1 0.010263196875 0.91008844375 0.0014655421875 0.9166673640624999 0.0029325515625 0.9364041265624999 0.0161290328125 0.9649127843749999 0.0278585046875 0.9649127843749999 0.0293255125 0.9583338640625 0.0278585046875 0.9188603375 0.024926685937500002 0.91008844375 0.010263196875 0.91008844375
1 0.8934520156250001 1 0.9002932546875 0.997807390625 0.9120227265624999 0.9802636015624999 0.9193555718749999 0.9583338640625 0.922287390625 0.9364041265624999 0.9178885625 0.9210533109375 0.9002932546875 0.9057024953124999 0.870968475 0.91008844375 0.8563049859375 0.9254392593749999 0.8445755125 0.9473689953125 0.8431085046875 0.9627198109374999 0.8475073312499999 0.9802636015624999 0.8646630999999999 1 0.8934520156250001 1
1 0.5527859234375 0.45394771875 0.5425212609375001 0.4583336671875 0.5337236078125 0.4846493515625 0.5337236078125 0.5153509828125 0.5425212609375001 0.51754395625 0.5762470671875 0.49561421875 0.5791788859375 0.4824563765625 0.574780059375 0.469298534375 0.5630505859375 0.45614069375 0.5527859234375 0.45394771875
1 0.43841642187499996 0.6403504828125001 0.4472140765625 0.6513153515625 0.45894354843749996 0.6578942718749999 0.47800586562499997 0.653508325 0.4809376828125 0.6337715609375 0.47653885625000003 0.6118418250000001 0.467741203125 0.6052629031250001 0.45014589374999997 0.6052629031250001 0.43841642187499996 0.62061371875 0.43841642187499996 0.6403504828125001
1 0.48533651093749997 0.74561321875 0.4692082109375 0.78947269375 0.4692082109375 0.804823509375 0.4721400296875 0.80920945625 0.5146634890625 0.804823509375 0.5190623171875 0.8004375609375 0.5205271265625 0.7850867453125 0.5117294718750001 0.763157009375 0.5 0.74780619375 0.48533651093749997 0.74561321875
1 0.44428225781249997 0.91008844375 0.4354846046875 0.9254392593749999 0.43401759531249995 0.9342111531249999 0.43988343125 0.9473689953125 0.4574787390625 0.9583338640625 0.46627639218750006 0.9583338640625 0.4809376828125 0.9473689953125 0.48680351875000005 0.9342111531249999 0.4736070375 0.899123575 0.46187756562500004 0.892544653125 0.44428225781249997 0.91008844375
4 0.7547646625 0.9137712328125 0.8127565984375 0.69006594375 0.654031525 0.74712720625 0.7547646625 0.9137712328125
4 0.8032541515625 0 0.765440615625 0.1467973640625 0.9577419359375 0.003003771875 0.9550526203124999 0 0.8032541515625 0
1 0.4794728734375 0.265349784375 0.46480938437499997 0.278509825 0.4604105578125 0.28728171874999997 0.46187756562500004 0.3004395609375 0.48533651093749997 0.3179833515625 0.5058658359375 0.313597403125 0.5102646625 0.30482550937499997 0.5058658359375 0.2807027984375 0.4912023453125 0.2631568109375 0.4794728734375 0.265349784375
1 0.2448680359375 0.12499946875000001 0.2434010265625 0.1359643375 0.2492668625 0.157894075 0.2639303515625 0.182016784375 0.2785916421875 0.182016784375 0.2917881234375 0.1447362328125 0.294722140625 0.11842054843750001 0.2888563046875 0.10526270625 0.2800586515625 0.10526270625 0.2668621703125 0.116227575 0.2448680359375 0.12499946875000001