1 0.542207078125 0.6695648046875 0.53896065 0.713043021875 0.584414934375 0.7347821296875 0.6006492203125 0.7260873484375 0.60389565 0.7000008484375 0.5909099343750001 0.6695648046875 0.5811685062499999 0.660870021875 0.55194850625 0.660870021875 0.542207078125 0.6695648046875
3 0.36688279218750003 0.14782619531250002 0.389609934375 0.1739126953125 0.454544934375 0.18695702187500002 0.461039934375 0.1739126953125 0.4350642203125 0.11739230468749999 0.36688279218750003 0.11739230468749999 0.36688279218750003 0.14782619531250002
3 0.28571350624999997 0.795652065625 0.25649350625 0.8173911734375 0.24350565 0.8391302828124999 0.24350565 0.856522 0.25324707812499997 0.8695641734375 0.26623279218749996 0.8695641734375 0.3019477921875 0.8130437828125 0.3051942203125 0.795652065625 0.28571350624999997 0.795652065625
3 0.41233672343750005 1 0.42207850625 0.9956514343749999 0.418832078125 0.9782618703124999 0.3928563640625 0.9608701515625 0.3376627921875 0.9739123265625 0.32142911406249997 1 0.41233672343750005 1
1 0.1038963640625 0.578260978125 0.0779227921875 0.5739135875 0.0454542203125 0.6000000875 0.06168850625 0.6782617390625 0.100649934375 0.6826091296875 0.11038922031250001 0.6739121953125 0.116882078125 0.6260865875 0.1038963640625 0.578260978125
5 0.4309092203125 0.7825216515625 0.418637078125 0.7852613703125 0.412499934375 0.81260904375 0.44931850625 0.9851294562499999 0.463637078125 0.9632181734374999 0.4309092203125 0.7825216515625
5 0.3225642203125 0.7578685000000001 0.24483850624999998 0.7167835 0.23665493437500001 0.755130934375 0.320519934375 0.779781934375 0.3225642203125 0.7578685000000001
5 0.58136350625 0.34360945625 0.5972077921875 0.34534841250000003 0.61964350625 0.2711306953125 0.6011677921875 0.25699952187499997 0.58136350625 0.34360945625
5 0.61039065 0.5565218703125 0.5876613640625 0.5565218703125 0.5779220781250001 0.660870021875 0.5909099343750001 0.6782617390625 0.60389565 0.6695648046875 0.613637078125 0.5956526953125 0.61039065 0.5565218703125
5 0.12662350625000002 0.37826160937500003 0.0811692203125 0.5565218703125 0.0811692203125 0.5739135875 0.09740350625000001 0.5826083703125 0.11363565 0.5739135875 0.1461042203125 0.443478934375 0.14935065 0.404348109375 0.142532078125 0.38087004375 0.1376613640625 0.38087004375 0.12662350625000002 0.37826160937500003
5 0.0218288640625 1 0.0811692203125 0.808696390625 0.0811692203125 0.7826077390624999 0.0714277921875 0.77391295625 0.04870065 0.7782603484374999 0.042207792187499996 0.795652065625 0 0.933816278125 0 1 0.0218288640625 1