1 0.3561143890625 0.5137935171875 0.38489280625 0.5172411375 0.4028776984375 0.5000008625000001 0.4064755390625 0.47931079375 0.377697121875 0.42758562031249997 0.370503596875 0.4310354140625 0.34532302187499997 0.486206034375 0.34532302187499997 0.49655106875 0.3561143890625 0.5137935171875
1 0.24820071875 0.510345896875 0.23381366875 0.510345896875 0.21582661875000003 0.49655106875 0.20503525156250002 0.5034484828125 0.20503525156250002 0.527586171875 0.2104309359375 0.5413788281249999 0.23381366875 0.5689663109375 0.2517985609375 0.5689663109375 0.2679856109375 0.5586212765624999 0.2805748203125 0.5344835859375 0.278776978125 0.5137935171875 0.26978345312499996 0.5000008625000001 0.24820071875 0.510345896875
5 0.2596589921875 0.9470684140625 0.27223093593750003 0.944000965625 0.27223093593750003 0.9396561374999999 0.2577338125 0.9452066546875001 0.2596589921875 0.9470684140625
1 0.22661798593750002 0.23103431093750001 0.246402878125 0.2275866890625 0.253596403125 0.213794034375 0.253596403125 0.1862065515625 0.24100719375000001 0.1758615171875 0.2194244609375 0.1758615171875 0.21402877656250002 0.18275893125 0.21402877656250002 0.2068966203125 0.22661798593750002 0.23103431093750001
1 0.26978345312499996 0.23448193125 0.2823748203125 0.23448193125 0.30035971250000004 0.210344240625 0.2967618703125 0.1758615171875 0.2823748203125 0.1655164828125 0.2733812953125 0.16896627656250002 0.26258992812500004 0.193103965625 0.26079208593750003 0.224136896875 0.26978345312499996 0.23448193125
1 0.4118712234375 0.896551103125 0.41906474843749997 0.8931034828125 0.4478410078125 0.8379306890624999 0.4478410078125 0.8206904140625 0.4262582734375 0.7896553109375 0.4118712234375 0.7896553109375 0.3884884890625 0.8172406203125 0.377697121875 0.8517233453124999 0.3902884890625 0.88620606875 0.4118712234375 0.896551103125
1 0.2931661875 0.8275856546875 0.3147489203125 0.8275856546875 0.3201446046875 0.8172406203125 0.3201446046875 0.803447965625 0.3129489203125 0.79310293125 0.3021575546875 0.79310293125 0.2931661875 0.8000003453125 0.28956834531250003 0.8172406203125 0.2931661875 0.8275856546875
1 0.4892086328125 0.644827 0.5035978421875 0.644827 0.514389209375 0.6275867234375 0.51618705 0.6068966546875 0.4892086328125 0.5965516203125001 0.4820151078125 0.6068966546875 0.4820151078125 0.6275867234375 0.4892086328125 0.644827
1 0.629496403125 0.6793097234375 0.6492812953125 0.66551706875 0.6636683453125001 0.6413793796875 0.6654683453125 0.6172416890625 0.6258985609375001 0.599999240625 0.61510719375 0.6310343453125 0.60791366875 0.6724144828124999 0.629496403125 0.6793097234375
1 0.7014381296875001 0.42758562031249997 0.7104316546875 0.4206903796875 0.712229496875 0.40344793125 0.7068338125 0.3896552765625 0.6906467625 0.393102896875 0.6888489203125 0.4172405859375 0.6924467625 0.424138 0.7014381296875001 0.42758562031249997
1 0.730216546875 0.582758965625 0.7428057546875 0.582758965625 0.74999928125 0.5689663109375 0.74999928125 0.5551714828125001 0.7410079140625 0.5413788281249999 0.728416546875 0.5448286203125 0.7194251796875 0.5551714828125001 0.7194251796875 0.5689663109375 0.730216546875 0.582758965625
1 0.6906467625 0.731034896875 0.6888489203125 0.7068972062500001 0.6636683453125001 0.6827595171875 0.6501791359375 0.690688828125 0.6510791359375 0.717242240625 0.6636683453125001 0.7448275515625 0.6906467625 0.731034896875
1 0.6582726625 0.865518171875 0.6672661875 0.865518171875 0.6762597125 0.8517233453124999 0.6762597125 0.8413783109375 0.6726618703125 0.83448306875 0.654676978125 0.83448306875 0.6510791359375 0.8517233453124999 0.6582726625 0.865518171875
1 0.7428057546875 0.751724965625 0.7553949640625001 0.7551725859375 0.7913669062500001 0.7275872765625 0.796762590625 0.69999979375 0.7877690640624999 0.6827595171875 0.7571949640625 0.6793097234375 0.7338122296875 0.6931023796875 0.7266187046875 0.7068972062500001 0.7266187046875 0.7206898625 0.7428057546875 0.751724965625
1 0.811151740625 0 0.8111517984375001 2.765625e-7 0.820143165625 0.013792931250000001 0.8417258999999999 0.0206903453125 0.850719425 0.0068955171875 0.851518865625 0 0.811151740625 0
1 0.9082723296875 0 0.9172654671875 0.0172405515625 0.9352525187499999 0.0206903453125 0.9424468578124999 0 0.9082723296875 0
1 0.9784179859375 0.8793108281249999 0.9874093531250001 0.8620683796874999 0.9874093531250001 0.83448306875 0.9784179859375 0.8172406203125 0.9658266187500001 0.8172406203125 0.9586330937499999 0.83448306875 0.9586330937499999 0.8551731374999999 0.96762661875 0.8793108281249999 0.9784179859375 0.8793108281249999
1 1 0.5413788281249999 0.9946050359375 0.5413788281249999 0.9838136687500001 0.5586212765624999 0.98201366875 0.582758965625 0.9928050359375 0.603449034375 1 0.603449034375 1 0.5413788281249999
2 0.7048468125 1 0.6582726625 0.9586213109375 0.579137409375 0.9000008968750001 0.56834604375 0.9034485171875 0.5737417265625 0.9413788625 0.6272496640624999 1 0.7048468125 1
2 0.12050431718750002 0.910343759375 0.14748273437499998 0.8827584484375001 0.1564741 0.8517233453124999 0.1564741 0.8068955859375 0.133093525 0.7379301375 0.12050431718750002 0.7206898625 0.10971295 0.7206898625 0.10791295000000001 0.782757896875 0.08992805781249999 0.8206904140625 0.06474748125 0.8413783109375 0.0143884890625 0.8482757234375 0.010790646875 0.8620683796874999 0.0287776984375 0.8931034828125 0.059351798437500006 0.9206887937499999 0.0935259 0.9241385859375001 0.12050431718750002 0.910343759375
2 0 0.492292403125 0.010790646875 0.506896103125 0.0431647484375 0.53103379375 0.07913669062499999 0.5448286203125 0.10971295 0.53793120625 0.133093525 0.510345896875 0.12410000000000002 0.45862072343750004 0.10971295 0.43793065468750003 0.03417338125 0.3862076546875 0.00899280625 0.362069965625 0 0.346396571875 0 0.492292403125
2 0.2432858359375 0 0.25000071875 0.013792931250000001 0.2733812953125 0.0379306203125 0.30755323749999997 0.041378240625 0.3345316546875 0.024137965625 0.348266390625 0 0.2432858359375 0
2 0.44784242343749997 0 0.4352517984375 0.010345310937500001 0.4136690640625 0.05517306875 0.4046755390625 0.1034484484375 0.40827338125 0.172413896875 0.4136690640625 0.193103965625 0.437049640625 0.23448193125 0.4604323734375 0.2517243796875 0.49280647499999997 0.2517243796875 0.5197848921875 0.23103431093750001 0.537769784375 0.1965515859375 0.544963309375 0.16896627656250002 0.5485611515625 0.086206 0.5323741 0.0275855859375 0.5115907953125001 0 0.44784242343749997 0
2 0.943346134375 0 0.9352525187499999 0.024137965625 0.93345251875 0.0689657234375 0.94963956875 0.10689606874999999 0.9766179859375 0.131033759375 1 0.1338358828125 1 0 0.943346134375 0
2 0.904676259375 0.3862076546875 0.9082741000000001 0.3482751375 0.9082741000000001 0.248276759375 0.904676259375 0.2206892765625 0.8830935249999999 0.1965515859375 0.8489215828125 0.193103965625 0.7931647484375 0.2172416546875 0.75899280625 0.2517243796875 0.746403596875 0.27586206875 0.7392079140625001 0.32413744843750003 0.744603596875 0.40344793125 0.7553949640625001 0.44482806874999997 0.7733820140625001 0.475861 0.820143165625 0.510345896875 0.850719425 0.510345896875 0.8759 0.486206034375 0.8938848921875 0.43793065468750003 0.904676259375 0.3862076546875
1 0.3507187046875 0.13793117187499998 0.3507187046875 0.117241103125 0.34352517968749996 0.08275837968750001 0.3255402875 0.058620689062499995 0.3021575546875 0.0724133453125 0.2931661875 0.096551034375 0.294964028125 0.13793117187499998 0.3093532375 0.1655164828125 0.3183446046875 0.172413896875 0.34352517968749996 0.16206886250000002 0.3507187046875 0.13793117187499998
1 0.3327338125 0.9241385859375001 0.3417273375 0.910343759375 0.3255402875 0.875861034375 0.31654676249999997 0.875861034375 0.3111510796875 0.9034485171875 0.3147489203125 0.9206887937499999 0.3327338125 0.9241385859375001
1 0.1717629921875 0 0.16906546718749998 0.0068955171875 0.170863309375 0.0275855859375 0.187050359375 0.0517232765625 0.20863309375 0.044828034375 0.21402877656250002 0.013792931250000001 0.20923324999999998 0 0.1717629921875 0
1 0.22661798593750002 0.31034479375 0.23740935312500003 0.3137924140625 0.24820071875 0.299999759375 0.25000071875 0.27586206875 0.2446050359375 0.265517034375 0.23201366874999999 0.2620694140625 0.21762661875 0.27930968906250003 0.21582661875000003 0.2931045171875 0.22661798593750002 0.31034479375
1 0.18345251875 0.7206898625 0.203237409375 0.717242240625 0.20863309375 0.689654759375 0.20143956875 0.6551720343749999 0.194243884375 0.64827679375 0.1816546765625 0.6517244140625 0.1600719421875 0.6827595171875 0.161869784375 0.7034474140625 0.18345251875 0.7206898625
1 0.133093525 0.9793113796874999 0.1366913671875 0.9862066203125 0.163669784375 0.982759 0.1654676265625 0.9413788625 0.1564741 0.9344836203125 0.1348913671875 0.9586213109375 0.133093525 0.9793113796874999
1 0.0773388484375 0.6103442765625 0.08992805781249999 0.6206893109375 0.102517265625 0.6172416890625 0.1061151078125 0.599999240625 0.09892158281249999 0.5758615515625001 0.0845323734375 0.5758615515625001 0.0755388484375 0.5862065859375 0.0773388484375 0.6103442765625
1 0.1564741 0.393102896875 0.161869784375 0.3758626203125 0.1654676265625 0.2931045171875 0.161869784375 0.28620710312500003 0.14568273437499998 0.2827594828125 0.1348913671875 0.327587240625 0.1187043171875 0.362069965625 0.100719425 0.3862076546875 0.100719425 0.4068955515625 0.1061151078125 0.4172405859375 0.1223021578125 0.4172405859375 0.1564741 0.393102896875
1 0.1582741 0.1862065515625 0.1528784171875 0.16896627656250002 0.14028705 0.1551714484375 0.1276978421875 0.158621240625 0.1187043171875 0.1965515859375 0.12949568281249998 0.2172416546875 0.14748273437499998 0.2206892765625 0.1582741 0.210344240625 0.1582741 0.1862065515625
1 0.09892158281249999 0.08965579375 0.0935259 0.079310759375 0.0827345328125 0.0758631375 0.06654748125 0.0931034140625 0.06834532343750001 0.10689606874999999 0.0809345328125 0.1275861375 0.0935259 0.131033759375 0.0971215828125 0.12413851718749999 0.09892158281249999 0.08965579375
1 0.0053949640625 0.9620689312499999 0.0143884890625 0.9724139656249999 0.02517985625 0.9689663453125 0.026977698437499996 0.9413788625 0.0215820140625 0.9344836203125 0.00899280625 0.937931240625 0.0053949640625 0.9620689312499999
1 0 0.76457726875 0.012590646875 0.7689652406249999 0.01798633125 0.76207 0.0197841734375 0.7379301375 0.010790646875 0.7034474140625 0 0.715860628125 0 0.76457726875
1 0.25000071875 0.982759 0.26258992812500004 0.9551715171874999 0.25917338125 0.9489649312499999 0.25377769843750003 0.943103759375 0.23740935312500003 0.9413788625 0.20503525156250002 0.9620689312499999 0.203237409375 0.9793113796874999 0.2122309359375 0.993104034375 0.2302158265625 0.9965516546875 0.25000071875 0.982759
1 0.17625899218750002 0.917241171875 0.19963956875 0.917241171875 0.20863309375 0.9068961375000001 0.20863309375 0.875861034375 0.203237409375 0.8689657937499999 0.1744611515625 0.8689657937499999 0.16906546718749998 0.875861034375 0.16906546718749998 0.9034485171875 0.17625899218750002 0.917241171875
1 0.18884820156249998 0.47241337968749997 0.203237409375 0.46896575937499996 0.20863309375 0.45172331093749996 0.2068352515625 0.434483034375 0.194243884375 0.4206903796875 0.18345251875 0.424138 0.178056834375 0.43793065468750003 0.178056834375 0.4620683453125 0.18884820156249998 0.47241337968749997
1 0.0996117640625 1 0.086330215625 0.9724139656249999 0.07374100781250001 0.9758615859375 0.06834532343750001 0.993104034375 0.06834532343750001 1 0.0996117640625 1
1 0.069887234375 0 0.0611517984375 0.013792931250000001 0.0611517984375 0.0275855859375 0.0935259 0.041378240625 0.12050431718750002 0.0172405515625 0.1223021578125 0.0068955171875 0.11720671406250001 0 0.069887234375 0
1 0 0 0 0.031035379687499996 0.003597121875 0.031035379687499996 0.0197841734375 0.010345310937500001 0.0197841734375 0 0 0
1 0 0.6120689406250001 0.0053949640625 0.6103442765625 0.012590646875 0.5965516203125001 0 0.5784476828125 0 0.6120689406250001
5 0.26030647500000004 0.955104171875 0.2735259 0.9538615515625001 0.2728784171875 0.9470684140625 0.25935251875 0.9483110343750001 0.26030647500000004 0.955104171875
2 0.710610790625 0.228966171875 0.6942446046875 0.224136896875 0.61690719375 0.2068966203125 0.612409353125 0.21000100000000002 0.61690719375 0.265517034375 0.6241007187500001 0.2827594828125 0.6510791359375 0.306897171875 0.6816553953125 0.3034473796875 0.6978424453125001 0.2827594828125 0.7068338125 0.2586196203125 0.710610790625 0.228966171875
4 0.2503050359375 0.7582074484375 0.2535251796875 0.9371035515624999 0.5117453234375 0.49758513750000005 0.4047489203125 0.49758513750000005 0.3033985609375 0.604000828125 0.2503050359375 0.7582074484375
3 1 0.3167496890625 0.98201366875 0.2896547234375 0.9730223015625 0.2896547234375 0.9622309359375001 0.3482751375 0.9838136687500001 0.362069965625 1 0.362069965625 1 0.3167496890625
1 0.9172654671875 0.9655165515625 0.9154676265624999 0.937931240625 0.9064741 0.9206887937499999 0.895682734375 0.9241385859375001 0.89208705 0.9551715171874999 0.899280575 0.9724139656249999 0.9118697843750001 0.9758615859375 0.9172654671875 0.9655165515625
3 0.7715820140625 0.13793117187499998 0.7949647484375 0.11379348281249999 0.8075539562499999 0.079310759375 0.8093517984374999 0.031035379687499996 0.75899280625 0.044828034375 0.7607906468750001 0.1344835515625 0.7715820140625 0.13793117187499998
1 0.7374100718750001 0.8620683796874999 0.7428057546875 0.8724134140625001 0.7571949640625 0.8689657937499999 0.7571949640625 0.83448306875 0.7374100718750001 0.844828103125 0.7374100718750001 0.8620683796874999
1 0.6582726625 0.4206903796875 0.669064028125 0.4068955515625 0.6726618703125 0.3896552765625 0.6654683453125 0.372412828125 0.6438856109375 0.372412828125 0.6402877703125001 0.4000003109375 0.6438856109375 0.413792965625 0.6582726625 0.4206903796875
1 0.7176251796875001 0.1862065515625 0.728416546875 0.1655164828125 0.728416546875 0.1344835515625 0.7230208640625 0.12413851718749999 0.705035971875 0.12413851718749999 0.6996402875000001 0.13793117187499998 0.6996402875000001 0.158621240625 0.7086338125 0.18275893125 0.7176251796875001 0.1862065515625
1 0.6636683453125001 0.18275893125 0.6798553953125 0.1758615171875 0.6888489203125 0.1551714484375 0.6888489203125 0.12068872343749999 0.6744597125 0.11379348281249999 0.654676978125 0.12413851718749999 0.6474812953125 0.14137879375 0.6510791359375 0.16896627656250002 0.6636683453125001 0.18275893125
1 0.5971223015625 0.189654171875 0.6025179859375001 0.1793113109375 0.5811143890625 0.1327586546875 0.5575546765625 0.079310759375 0.5521589921875 0.08965579375 0.5557546765625 0.1551714484375 0.5647482015625 0.16896627656250002 0.5971223015625 0.189654171875
1 0.6115115109375 0.475861 0.61510719375 0.4655181375 0.620502878125 0.3482751375 0.61510719375 0.33448248281250004 0.59892014375 0.33448248281250004 0.5953244609375 0.34482751718750004 0.5899287765625 0.4655181375 0.5953244609375 0.475861 0.6115115109375 0.475861
1 0.579137409375 0.7241374828125 0.5899287765625 0.7206898625 0.5971223015625 0.7034474140625 0.5971223015625 0.689654759375 0.5809352515625 0.689654759375 0.5737417265625 0.717242240625 0.579137409375 0.7241374828125
1 0.58273309375 0.803447965625 0.5899287765625 0.79310293125 0.5935244609375 0.7655176203125 0.5899287765625 0.75862020625 0.5719417265625 0.76207 0.570143884375 0.782757896875 0.57553956875 0.8000003453125 0.58273309375 0.803447965625
1 0.5881287765625001 0.858620759375 0.5899287765625 0.844828103125 0.5863309359375 0.83448306875 0.56834604375 0.83448306875 0.570143884375 0.8551731374999999 0.579137409375 0.8620683796874999 0.5881287765625001 0.858620759375
1 0.516636521875 1 0.521582734375 0.9965516546875 0.525180575 0.9862066203125 0.523380575 0.9448286546875 0.5107913671875 0.9448286546875 0.4586323734375 0.989654240625 0.4594038109375 1 0.516636521875 1
1 0.5197848921875 0.8137930000000001 0.5179848921875 0.7896553109375 0.4946043171875 0.7241374828125 0.48381295 0.7241374828125 0.474819425 0.7448275515625 0.474819425 0.76207 0.4802151078125 0.7793102765625 0.5017978421875 0.8172406203125 0.5197848921875 0.8137930000000001
1 0.4982021578125 0.43793065468750003 0.5359719421875 0.43793065468750003 0.544963309375 0.4310354140625 0.544963309375 0.36896520625 0.5395676265625 0.358620171875 0.4892086328125 0.3655175859375 0.487410790625 0.424138 0.4982021578125 0.43793065468750003
1 0.3327338125 0.62413693125 0.34352517968749996 0.6206893109375 0.3597122296875 0.599999240625 0.3507187046875 0.5724139312500001 0.3417273375 0.5724139312500001 0.330935971875 0.58965420625 0.3273381296875 0.6137940687500001 0.3327338125 0.62413693125
1 0.446043165625 0.527586171875 0.4604323734375 0.527586171875 0.4640280578125 0.520688759375 0.462230215625 0.5034484828125 0.4478410078125 0.49655106875 0.438849640625 0.506896103125 0.446043165625 0.527586171875