3 0.5897956578125 0.353659525 0.571428440625 0.35061071875 0.5571425953125 0.362803853125 0.5551029546875 0.3871942921875 0.5693888 0.4085359265625 0.5857142859375 0.41768234218750006 0.6040815015625001 0.4085359265625 0.6061232328124999 0.38109668281250003 0.5897956578125 0.353659525
3 0.9102031671875 0.0091466578125 0.900000784375 0.0091466578125 0.873468734375 0.033537096875 0.87142909375 0.048781121875 0.87755010625 0.057927535937499997 0.9142866281250001 0.0670739515625 0.9244890124999999 0.06402514687500001 0.9244890124999999 0.0304882921875 0.9102031671875 0.0091466578125
3 0.9714279187500001 0.317073865625 0.9510210609374999 0.3140250609375 0.9408165875 0.32622028125 0.942856228125 0.3567083296875 0.9510210609374999 0.37804787812499996 0.96530690625 0.393291903125 0.9979599671875 0.3749990734375 0.989795134375 0.3414643046875 0.9714279187500001 0.317073865625
1 0.9163270015625 1 0.9081635265625 0.97865826875 0.8857149390625001 0.97865826875 0.87755010625 0.9847558781249999 0.8738397453125 1 0.9163270015625 1
1 0.9306121140625001 0.756097596875 0.928570384375 0.701219109375 0.91632626875 0.679877475 0.900000784375 0.679877475 0.8591828890625001 0.710365525 0.8591828890625001 0.7286583531249999 0.87142909375 0.73780476875 0.8959194125 0.743902378125 0.91632626875 0.759146403125 0.9306121140625001 0.756097596875
1 0.820408815625 0.32622028125 0.7979581390625 0.3658526578125 0.7979581390625 0.4085359265625 0.820408815625 0.41463353593749996 0.8591828890625001 0.3993895125 0.8816335671875001 0.3749990734375 0.8816335671875001 0.353659525 0.8693873625 0.3292690859375 0.8510201468749999 0.317073865625 0.83265293125 0.317073865625 0.820408815625 0.32622028125
1 0.1734686046875 0.137194378125 0.15306174687500002 0.1585360125 0.151020015625 0.1737800359375 0.15918275937499998 0.17987764687500002 0.1938775515625 0.1768288421875 0.206121665625 0.1585360125 0.206121665625 0.12804796406250002 0.1938775515625 0.1249991578125 0.1734686046875 0.137194378125
1 0.231321978125 1 0.232877321875 0.9973160359375 0.253612278125 0.9888411093749999 0.264000653125 0.9719517312500001 0.2696535515625 0.9353347921875 0.26210102812499997 0.9142079515624999 0.2507952328125 0.8987199390624999 0.23475604843750003 0.8987199390624999 0.2206332078125 0.8846332921875 0.203653615625 0.8789944640625 0.19044819531249998 0.9001213046875 0.176306546875 0.9465853421875 0.175368228125 0.980395378125 0.1816173 1 0.231321978125 1
1 0.4183676078125 0.4512191953125 0.4040817625 0.454268 0.3877541875 0.48170724375 0.38979591875 0.49695126875 0.3959190203125 0.503048878125 0.43061172187499996 0.503048878125 0.43469309375 0.4939024640625 0.43061172187499996 0.46341441406249995 0.4183676078125 0.4512191953125
1 0.430610678125 1 0.43061172187499996 0.9999999031250001 0.4530603109375 0.97865826875 0.46122514218750005 0.942072609375 0.44897893906249997 0.9054869515625 0.4244907109375 0.8902429265625 0.40816313437499996 0.89329173125 0.3979586609375 0.9054869515625 0.385714546875 0.9542678296875 0.3877541875 0.9878046828124999 0.39591783281250004 1 0.430610678125 1
1 0.8183670859375001 0.4451215859375 0.8081626125 0.46341441406249995 0.8081626125 0.47865843906250005 0.8183670859375001 0.5000000734375 0.8367343015625 0.487804853125 0.867347721875 0.48170724375 0.873468734375 0.4725608296875 0.873468734375 0.44817039062499997 0.8571432484375 0.43292636562500003 0.8408156734375 0.4298775609375 0.8183670859375001 0.4451215859375
1 0.9204076406249999 0.518292903125 0.8959194125 0.518292903125 0.8877545796874999 0.5335369265625001 0.8877545796874999 0.5548785609375 0.89387768125 0.5609761703125 0.9142866281250001 0.557927365625 0.9224493718750001 0.53658573125 0.9204076406249999 0.518292903125
1 0.902040425 0.786585646875 0.87755010625 0.8384153296875001 0.87755010625 0.8658545734375 0.8857149390625001 0.881098596875 0.8959194125 0.8780497921875 0.9306121140625001 0.8445129390625 0.9530607015625 0.84756174375 0.961225534375 0.8262201093750001 0.942856228125 0.8018296703125 0.936735215625 0.7835368421875 0.902040425 0.786585646875
1 0.7408168484375001 0.6920726953125 0.7367354781250001 0.6371942078124999 0.710203428125 0.60670824375 0.6857152 0.6097570484375 0.6530621390625 0.6402430125 0.6530621390625 0.6554870359375 0.6693876249999999 0.661584646875 0.71632653125 0.701219109375 0.7285706453125 0.7042679140625 0.7408168484375001 0.6920726953125
1 0.5306126375 0.557927365625 0.548979853125 0.59146421875 0.56734706875 0.6036594390625 0.587756015625 0.60670824375 0.614285975 0.5884154140625 0.616325615625 0.5640249749999999 0.6122442453125 0.5487809515625 0.5897956578125 0.5121952921874999 0.5693888 0.5000000734375 0.5428567515625 0.5000000734375 0.5326522781249999 0.5121952921874999 0.5306126375 0.557927365625
1 0.6122442453125 0.518292903125 0.6265300890625001 0.5243905125 0.63877629375 0.503048878125 0.6755107265625 0.47865843906250005 0.6795920984375 0.46341441406249995 0.6693876249999999 0.44817039062499997 0.642857665625 0.43292636562500003 0.6285718203124999 0.439023975 0.6061232328124999 0.48170724375 0.6122442453125 0.518292903125
1 0.734693746875 0.4085359265625 0.730612375 0.3749990734375 0.712245159375 0.3567083296875 0.689796571875 0.359757134375 0.6714293546875 0.38109668281250003 0.6734689953124999 0.39634070781249997 0.689796571875 0.3993895125 0.71632653125 0.42682875625000005 0.7285706453125 0.42377995156250003 0.734693746875 0.4085359265625
1 0.6244904484375 0.2500001578125 0.634694921875 0.2530489640625 0.6530621390625 0.2317073296875 0.6734689953124999 0.228658525 0.6775503671875 0.2225609140625 0.6755107265625 0.20731689062499997 0.6551017796874999 0.1890240609375 0.6367345624999999 0.192072865625 0.6244904484375 0.22560971875 0.6244904484375 0.2500001578125
1 0.3653056 0.73780476875 0.3653056 0.756097596875 0.3795914453125 0.7743904265625 0.3979586609375 0.7804880359374999 0.4040817625 0.7896344515625 0.40816313437499996 0.8201225000000001 0.4244907109375 0.8201225000000001 0.43265345312500003 0.7896344515625 0.4204072484375 0.7530487921875 0.4204072484375 0.7256095484375 0.40204003281249995 0.710365525 0.381633175 0.7134143296875 0.3653056 0.73780476875
1 0.33061289843749997 0.3140250609375 0.316327053125 0.32622028125 0.2979598375 0.3689014640625 0.2979598375 0.38109668281250003 0.33265253906250003 0.3841454875 0.34081528125 0.3749990734375 0.3428570125 0.344513109375 0.33061289843749997 0.3140250609375
1 0.275122546875 0.1232620484375 0.2881628734375 0.122042109375 0.2930613546875 0.1013719640625 0.2808360484375 0.100152025 0.27024496249999996 0.1123180484375 0.275122546875 0.1232620484375
3 0.012245028125 0.304878646875 0.0306122453125 0.3018298421875 0.034693615625 0.28353701249999996 0.032653975 0.2530489640625 0.0102032984375 0.2713417921875 0.008163657812499999 0.2926834265625 0.012245028125 0.304878646875
3 0.2367350859375 0.048781121875 0.2265306125 0.06402514687500001 0.22448888125000002 0.09451319531249999 0.230611984375 0.1128039390625 0.2428581875 0.109755134375 0.25510230156249997 0.07012275625 0.253060571875 0.045732317187499996 0.2367350859375 0.048781121875
1 0.1551013875 0.051829926562499996 0.17959170625 0.036585903125 0.183673078125 0.021341878124999998 0.17551033437500002 0.0091466578125 0.1612244890625 0.0091466578125 0.136734171875 0.0304882921875 0.13469453125 0.045732317187499996 0.1387759015625 0.051829926562499996 0.1551013875 0.051829926562499996
3 0.040816718749999994 0.8993893421875001 0.014284668750000002 0.9146333656250001 0.014284668750000002 0.9542678296875 0.034693615625 0.9390238046875 0.042856359375 0.9146333656250001 0.040816718749999994 0.8993893421875001
3 0.020407771875 0.868903378125 0.0306122453125 0.8719521828125 0.0448980890625 0.8506105484375001 0.042856359375 0.83231771875 0.028570514062500003 0.83231771875 0.020407771875 0.841464134375 0.020407771875 0.868903378125
3 0 0.716463134375 0.0102032984375 0.716463134375 0.020407771875 0.701219109375 0.0265308734375 0.679877475 0.0244891421875 0.661584646875 0.012245028125 0.6585358421875 0 0.670731278125 0 0.716463134375
3 0 0.61019264375 0.012245028125 0.5762201953125 0.012245028125 0.5609761703125 0 0.567073890625 0 0.61019264375
1 0.0020405546875 0.5274393171875 0.01836813125 0.5274393171875 0.022449501562499998 0.5121952921874999 0.01836813125 0.487804853125 0.0102032984375 0.487804853125 0.0020405546875 0.5000000734375 0.0020405546875 0.5274393171875