3 0.9320488109375 0.28810920625 0.9259629703125001 0.2698167484375 0.92089281875 0.2637185703125 0.916836284375 0.2637185703125 0.9087211359375 0.2789629765625 0.9087211359375 0.2987804984375 0.916836284375 0.32164607031250003 0.9229200484375 0.3292693125 0.9279922765625 0.3292693125 0.9340781171874999 0.31707295625 0.9320488109375 0.28810920625
1 0.8478710265625 0.3018285484375 0.8509118703125 0.3079267265625 0.8600406328125001 0.3048786765625 0.861054246875 0.2896342703125 0.8529411765624999 0.28658621875 0.8488846406249999 0.29115933437499997 0.8478710265625 0.3018285484375
1 0.7342797234375 0.29115933437499997 0.740365565625 0.27438986249999997 0.740365565625 0.25152429062500004 0.7322524953125 0.233231834375 0.7261666531250001 0.23018378281250002 0.717037890625 0.23170677031250003 0.7068955124999999 0.2423780625 0.692698678125 0.2469511765625 0.68762645 0.2545723421875 0.690669371875 0.28506115625 0.699798134375 0.3003055625 0.717037890625 0.3064016625 0.7271802671875001 0.3003055625 0.7342797234375 0.29115933437499997
1 0.6146046578125001 0.3189034484375 0.6100413140625001 0.305944559375 0.6052744171875 0.2989321734375 0.60040574375 0.28810920625 0.5831639109375 0.2896342703125 0.5608519265624999 0.3033536125 0.5578090062500001 0.3124998421875 0.5567953921875 0.3536578703125 0.5628812328125 0.3658542265625 0.5750508390625 0.371950328125 0.5933062875 0.371950328125 0.601419359375 0.3658542265625 0.608518815625 0.35701134843750004 0.6156182718750001 0.34298865625 0.6156182718750001 0.3246941203125 0.6146046578125001 0.3189034484375
1 0.535497021875 0.32012100625 0.5365106374999999 0.3033536125 0.5314404875000001 0.28201310468749996 0.5253546453125 0.2759149265625 0.5081128109375 0.2759149265625 0.49695681875000003 0.2835360921875 0.4888437484375 0.297255434375 0.48783013437499995 0.31402490625 0.4939138984375 0.3567079984375 0.49898612499999995 0.36432916249999997 0.5081128109375 0.3658542265625 0.521298109375 0.3612811125 0.52941118125 0.34908475625 0.535497021875 0.32012100625
1 0.377281753125 0.207316134375 0.3569969984375 0.18750069062500002 0.34077085625 0.1798774484375 0.3245426375 0.1814025125 0.318458871875 0.18902367656250002 0.318458871875 0.19664691875 0.3580126890625 0.32012100625 0.362069225 0.3277442484375 0.37018229687500004 0.3292693125 0.384381209375 0.309451790625 0.3924942796875 0.28201310468749996 0.39350997187500003 0.26067052031250004 0.3853948234375 0.2240856046875 0.377281753125 0.207316134375
1 0.229208859375 0.34908475625 0.23225178125 0.3155478921875 0.22616593906250002 0.28810920625 0.21906648281250002 0.2759149265625 0.20689687656250003 0.28506115625 0.2038539546875 0.2987804984375 0.19675449843749998 0.31097477812499996 0.19675449843749998 0.3185980203125 0.181541971875 0.3292693125 0.150101225 0.38109655625 0.1480739953125 0.3932929125 0.15213053125 0.40243914218750004 0.167343059375 0.4085373203125 0.1855985078125 0.40701225625 0.20689687656250003 0.3917678484375 0.2210957890625 0.3704273421875 0.229208859375 0.34908475625
1 0.21906648281250002 0.265243634375 0.22819524531250002 0.2423780625 0.229208859375 0.2240856046875 0.22616593906250002 0.21188924843749998 0.20892410625000002 0.20579314843750002 0.19574088437499998 0.2088411984375 0.1896550421875 0.2149393765625 0.186612121875 0.22561066875 0.188641428125 0.262195584375 0.19574088437499998 0.268291684375 0.21298271875000002 0.268291684375 0.21906648281250002 0.265243634375
1 0.976672778125 0.368902278125 0.9908716921874999 0.3658542265625 0.9939146125 0.3612811125 0.9939146125 0.3536578703125 0.9858015421875 0.34451164218749997 0.9797157000000001 0.34451164218749997 0.9716026281250001 0.3567079984375 0.976672778125 0.368902278125
1 0.8853955375 0.46798780625 0.8874248437500001 0.4603666421875 0.8874248437500001 0.44969534843750003 0.8823526171875 0.442074184375 0.8742395453125 0.4435971703125 0.871196625 0.448170284375 0.8742395453125 0.46798780625 0.8793096953124999 0.47256092031249997 0.8853955375 0.46798780625
1 0.9279922765625 0.4176835484375 0.9330624265624999 0.40396420624999996 0.9320488109375 0.3902448625 0.9269786609375 0.38567174843749996 0.9188635125 0.3917678484375 0.9158205921875 0.40396420624999996 0.9178498984375001 0.4146334203125 0.9219064343750001 0.4176835484375 0.9279922765625 0.4176835484375
1 0.6480726328124999 0.48628026406249997 0.6551720890625 0.47256092031249997 0.6551720890625 0.4527434 0.6501019390625 0.4344509421875 0.6450297125 0.426829778125 0.6419867906250001 0.426829778125 0.6135910421874999 0.445122234375 0.6075052015625 0.4603666421875 0.608518815625 0.4786590984375 0.6277899546875 0.49390142812500004 0.6389459468750001 0.49237844218750004 0.6480726328124999 0.48628026406249997
1 0.5730215328125 0.4176835484375 0.5659220765625 0.4085373203125 0.5588226203125 0.40396420624999996 0.5496959343750001 0.40396420624999996 0.542596478125 0.41006030625 0.5365106374999999 0.42073159843749997 0.5273839515625001 0.4512204125 0.528397565625 0.46493975625 0.535497021875 0.4786590984375 0.542596478125 0.48475520000000005 0.5638948484374999 0.49390142812500004 0.57200791875 0.490853378125 0.580120990625 0.4664627421875 0.580120990625 0.448170284375 0.5730215328125 0.4176835484375
1 0.367139375 0.42073159843749997 0.3732252171875 0.400914078125 0.373123440625 0.384146684375 0.3630828390625 0.37804850624999997 0.35496976875 0.38109655625 0.34989961875 0.3902448625 0.35091323281250003 0.4146334203125 0.35598338281249997 0.4222566625 0.362069225 0.42530471406250003 0.367139375 0.42073159843749997
1 0.2505072296875 0.55487905625 0.2555773796875 0.53963465 0.2555773796875 0.5167690781250001 0.2494936140625 0.49999960625 0.24340777343750003 0.49542649218749996 0.23225178125 0.49390142812500004 0.222109403125 0.4984766203125 0.2160235625 0.5076228484375 0.20892410625000002 0.5243902421875 0.2018246484375 0.5518289281250001 0.2018246484375 0.57164645 0.2058832609375 0.5823177421875 0.20892410625000002 0.5853657921875 0.22312301875 0.583840728125 0.23935123749999998 0.5701213859375 0.2505072296875 0.55487905625
1 0.1481446171875 0.4926215375 0.1687533953125 0.48376619375 0.17464606875 0.4690246 0.13932118437500002 0.4542684640625 0.1363696546875 0.4793447546875 0.1481446171875 0.4926215375
1 0.1206690140625 0.4483697484375 0.11871240624999999 0.4557478171875 0.156978434375 0.45722509375 0.156004284375 0.43657024062499994 0.14127779375 0.427729440625 0.12656168750000002 0.43657024062499994 0.1206690140625 0.4483697484375
1 0.048681606249999995 0.4314028921875 0.053751756250000005 0.41920653437500005 0.0527381421875 0.40548719218749996 0.0425957640625 0.3948179765625 0.03448269375 0.3948179765625 0.02941254375 0.40396420624999996 0.02941254375 0.4222566625 0.037525614062500004 0.432925878125 0.048681606249999995 0.4314028921875
1 0.1328593921875 0.5609751562499999 0.1369159265625 0.5533539921874999 0.1359023125 0.5411576359375 0.127789240625 0.53201140625 0.1196761703125 0.5335364703125001 0.11663325 0.5411576359375 0.1176468640625 0.55792710625 0.12373270624999999 0.564025284375 0.1328593921875 0.5609751562499999
2 0.07263655937499999 0.75381056875 0.07059894531250001 0.8210983046875 0.0990881625 0.8577891843750001 0.1458930625 0.854741134375 0.2008318046875 0.8241463546875 0.229321021875 0.7782780812500001 0.23746525 0.7262804625 0.223214409375 0.6834602375000001 0.2008318046875 0.65593013125 0.1641983609375 0.6454271359375 0.1072303125 0.680395565625 0.07263655937499999 0.75381056875
2 0.3705030828125 1 0.345313428125 0.9648470171874999 0.2883370703125 0.952607028125 0.24763670625 0.9984898453125 0.24754250781249998 1 0.3705030828125 1
1 0.866553284375 1 0.8661264750000001 0.987804009375 0.8742395453125 0.94817104375 0.8742395453125 0.9344517015625 0.8681537031250001 0.9207323578125 0.861054246875 0.9146341796874999 0.8529411765624999 0.9146341796874999 0.8407715703124999 0.9344517015625 0.8377286484375001 0.954269221875 0.834685728125 0.9603653234375 0.8356993421875 0.967988565625 0.8296155781250001 0.97713479375 0.8296155781250001 0.9969502374999999 0.8318697921875 1 0.866553284375 1
1 0.6348894125 0.8856704296875 0.6288035703125 0.8887184796875 0.6217041140624999 0.8993897734375 0.6075052015625 0.9024399015625001 0.60243505 0.9176822296875 0.603448665625 0.9374997515624999 0.6064915859375 0.95121909375 0.6135910421874999 0.9634154515625 0.6288035703125 0.9786577812499999 0.6409731765625 0.9832308953125001 0.6521291687499999 0.9832308953125001 0.6602443171875 0.9756097296874999 0.6622715453125 0.9664635015625 0.66125793125 0.9359746875000001 0.6673437734375 0.926828459375 0.6714003078124999 0.913109115625 0.66632808125 0.8948166578125001 0.6348894125 0.8856704296875
1 0.6683573875000001 0.7225613 0.654158475 0.7073168937500001 0.6521291687499999 0.69359755 0.646045403125 0.687499371875 0.6359030265625 0.6905495 0.6288035703125 0.701218715625 0.6288035703125 0.7073168937500001 0.6196748078125001 0.7179881859374999 0.6146046578125001 0.730182465625 0.6135910421874999 0.7606712796874999 0.6156182718750001 0.7743906218750001 0.6217041140624999 0.7850619140624999 0.6348894125 0.7926830796875 0.6501019390625 0.7896350296875 0.6622715453125 0.7759136078125 0.6724139234375001 0.745426871875 0.6683573875000001 0.7225613
1 0.68052699375 0.594512021875 0.6693710015625001 0.5960370859374999 0.6602443171875 0.6051833140625 0.6440160968749999 0.6082313640625 0.6399595625 0.61737759375 0.6399595625 0.638720178125 0.6480726328124999 0.6661588640625 0.6653144671875 0.6859763859375 0.6744432296875 0.6905495 0.6916829859375 0.6890244359375 0.697768828125 0.6737800296875001 0.6987824421875 0.6509144578125 0.70892481875 0.623475771875 0.7079112046875 0.6128044781249999 0.70385466875 0.6067063 0.68965575625 0.60365825 0.68052699375 0.594512021875
4 0.729294621875 0 0.80842729375 0.024588946875 0.8591080249999999 0.2797857640625 0.8611647874999999 0 0.729294621875 0
1 0.14367825625 0 0.14300176874999998 0.0030489749999999998 0.14198815468749998 0.036585840625 0.14401538281249998 0.042681940625 0.16227083125 0.0564033609375 0.18052835625000002 0.054878296874999996 0.1977681140625 0.04573206875 0.20486757031249997 0.0350607765625 0.20892410625000002 0.022866496875 0.21298271875000002 9.249999999999999e-7 0.2129826484375 0 0.14367825625 0
1 0.4614595375 0.09908437656249999 0.46348884375 0.0929882765625 0.46348884375 0.07317075468749999 0.4594323078125 0.051830246875 0.447260625 0.048780118750000004 0.426977946875 0.068597640625 0.4066931921875 0.07317075468749999 0.4066931921875 0.08536503281249999 0.412779034375 0.10670761875000001 0.41379264843749997 0.1219520265625 0.4168355703125 0.1280481265625 0.42799156250000003 0.132621240625 0.4614595375 0.09908437656249999
1 1 0.074239403125 0.9929009984375 0.08384204687499999 0.9918873828124999 0.1234750125 0.9959439187499999 0.13567136875000002 1 0.1406594296875 1 0.074239403125
1 0.907518246875 0 0.909736828125 0.010670140625000001 0.916836284375 0.022866496875 0.9269786609375 0.0182933828125 0.9300195046875 0.010670140625000001 0.9320900906249999 0 0.907518246875 0
4 0.970740640625 0.8230493062500001 0.93336775625 0.8316303890625001 0.9314609984375 0.953521234375 0.988478896875 0.920183834375 0.970740640625 0.8230493062500001
1 0.9260707781249999 1 0.9239357406250001 0.9695115515625 0.91176405625 0.9222553437500001 0.9046646 0.913109115625 0.89959445 0.913109115625 0.8955379140625 0.9161592437499999 0.8945242999999999 0.971036615625 0.9016808015625 1 0.9260707781249999 1
1 0.7293220359375 1 0.7332661093749999 0.9923771234375 0.7261666531250001 0.9435979296875001 0.7251530390625 0.9115861296875 0.7180535828125 0.9039628875 0.7068955124999999 0.9054879515625001 0.697768828125 0.9115861296875 0.68965575625 0.925305471875 0.68965575625 0.9359746875000001 0.699798134375 0.9573172734375 0.6987824515625001 1 0.7293220359375 1
1 0.5040562765625001 0.9344517015625 0.5030426609374999 0.9176822296875 0.49188666875 0.9039628875 0.48377359843749995 0.9039628875 0.47971706249999996 0.913109115625 0.48174429218750003 0.9344517015625 0.4888437484375 0.9405478015625001 0.5010133546875 0.939024815625 0.5040562765625001 0.9344517015625
1 0.42799156250000003 0.9085360015624999 0.41886487656250004 0.88719549375 0.412779034375 0.8826223796875 0.405679578125 0.8826223796875 0.3975665078125 0.8948166578125001 0.3975665078125 0.926828459375 0.405679578125 0.9405478015625001 0.42292141250000004 0.9405478015625001 0.42799156250000003 0.9283535234375 0.42799156250000003 0.9085360015624999
1 0.2565930703125 0.9329266374999999 0.2555773796875 0.925305471875 0.2403648515625 0.9024399015625001 0.234279009375 0.8978667859374999 0.225152325 0.8993897734375 0.222109403125 0.9054879515625001 0.220082175 0.9237804078125 0.2210957890625 0.9405478015625001 0.22616593906250002 0.94817104375 0.23935123749999998 0.9466459796875 0.2565930703125 0.9329266374999999
1 0.1460446890625 0.9207323578125 0.1612572171875 0.910061065625 0.16227083125 0.8963417218749999 0.160243603125 0.8826223796875 0.14198815468749998 0.8795722515625 0.12271701406249999 0.8826223796875 0.11663325 0.88719549375 0.1176468640625 0.910061065625 0.12880285625000001 0.9344517015625 0.1338750828125 0.9359746875000001 0.13793161874999998 0.9329266374999999 0.1460446890625 0.9207323578125
1 0.056794678125 0.9298785875 0.0578082921875 0.9161592437499999 0.050710912500000004 0.9009148375 0.050710912500000004 0.8826223796875 0.0446250703125 0.881097315625 0.0334690796875 0.88719549375 0.0233267015625 0.8993897734375 0.0182565515625 0.9222553437500001 0.0182565515625 0.9374997515624999 0.022313087500000002 0.945120915625 0.03955284375 0.945120915625 0.056794678125 0.9298785875
1 0.3225154078125 0.7179881859374999 0.3204861015625 0.7118900078125 0.28397520468750004 0.7057918296875 0.27789144062500004 0.7088419578125 0.27789144062500004 0.719511171875 0.2890474328125 0.7606712796874999 0.2961468890625 0.76524439375 0.30628718906249996 0.7591462156250001 0.3204861015625 0.728659478125 0.3225154078125 0.7179881859374999
1 0.39858012187499997 0.5990851359375 0.3924942796875 0.5823177421875 0.377281753125 0.57164645 0.3610556109375 0.5701213859375 0.3590263046875 0.5746945 0.36003991874999997 0.583840728125 0.3711959109375 0.6021331859375 0.379311059375 0.623475771875 0.391480665625 0.623475771875 0.396550815625 0.61585460625 0.39858012187499997 0.5990851359375
1 0.432048096875 0.7118900078125 0.43509101875 0.7027437796875 0.43509101875 0.6905495 0.426977946875 0.6722570421875 0.41784918437499996 0.6692069140625 0.412779034375 0.6737800296875001 0.4016230421875 0.7103649437499999 0.4016230421875 0.7179881859374999 0.4046659640625 0.7225613 0.410749728125 0.72560935 0.42190572031249995 0.7240863640625 0.432048096875 0.7118900078125
1 0.48783013437499995 0.6128044781249999 0.48580082812500003 0.5914639703125 0.478701371875 0.5762195640625001 0.46855899375 0.5685984000000001 0.45638938749999997 0.5685984000000001 0.4482763171875 0.5746945 0.4401632453125 0.5868908562499999 0.4361046328125 0.6067063 0.43813393906250003 0.623475771875 0.442190475 0.632622 0.4553757734375 0.652439521875 0.46044592343749996 0.655487571875 0.4746448359375 0.655487571875 0.47971706249999996 0.652439521875 0.48377359843749995 0.6402431640625 0.48377359843749995 0.623475771875 0.48783013437499995 0.6128044781249999
1 0.5223117234375 0.7088419578125 0.5172415734375 0.69359755 0.5070991968749999 0.681403271875 0.49188666875 0.6829262578125 0.4868144421875 0.687499371875 0.48275790625 0.699695728125 0.48275790625 0.72560935 0.492900284375 0.7469519359375 0.5081128109375 0.762194265625 0.5152122671875 0.7637193296875 0.519268803125 0.7591462156250001 0.5243410296875 0.7378057078125 0.5223117234375 0.7088419578125
1 0.54361009375 0.623475771875 0.542596478125 0.6082313640625 0.537526328125 0.5990851359375 0.5273839515625001 0.597560071875 0.521298109375 0.6067063 0.5223117234375 0.6250008359375 0.528397565625 0.6341470640625 0.537526328125 0.6341470640625 0.54361009375 0.623475771875
1 0.7830723890625 0.791158015625 0.79190620625 0.8088562375 0.8419471968750001 0.6377581828125 0.8076068484375 0.5846655937499999 0.8056398546875 0.63628090625 0.7987730296875 0.69085285 0.7830723890625 0.791158015625
1 0.91176405625 0.66158575 0.8914813796875001 0.64938939375 0.8823526171875 0.6402431640625 0.87322593125 0.638720178125 0.870183009375 0.64938939375 0.8691693953125 0.67835314375 0.87829608125 0.7378057078125 0.8904656875000001 0.7378057078125 0.9107504421874999 0.7271344140625 0.9148069781249999 0.719511171875 0.9178498984375001 0.70426884375 0.916836284375 0.684451321875 0.91176405625 0.66158575
1 0.6467201578124999 1 0.6440160968749999 0.987804009375 0.6348894125 0.984755959375 0.6288035703125 0.9954272515625 0.627620421875 1 0.6467201578124999 1
3 0.955374409375 0.8704260234375001 0.962473865625 0.86127979375 0.9685597078124999 0.838414221875 0.9604466374999999 0.8216468296875 0.9533471812500001 0.8170737156250001 0.9442184171875001 0.8231698156249999 0.936105346875 0.8445124015625 0.936105346875 0.864329921875 0.9391482671875 0.8719510874999999 0.955374409375 0.8704260234375001
3 0.8687124374999999 0.13711955625 0.8780219062500001 0.1675605828125 0.884037128125 0.1749698171875 0.9032044140625001 0.119009940625 0.901015171875 0.09925267343750001 0.8703554078125 0.043292796875 0.8665211203125001 0.054818042187500006 0.869807059375 0.090197865625 0.8659727703125 0.1050142578125 0.8687124374999999 0.13711955625
3 0.8665211203125001 0.0679722390625 0.859949240625 0.053993178125 0.8615922109374999 0.10830748125 0.8687124374999999 0.09266830312499999 0.8665211203125001 0.0679722390625
3 0.8610438625000001 0.0037803421875 0.862140559375 0.02271274375 0.8615922109374999 0.041647223437500006 0.8654264984375001 0.056463615625 0.8692587093749999 0.044938370312499996 0.873641346875 0.026005968750000004 0.8725446484375 0.011189576562500001 0.8665211203125001 0.00048711718750000003 0.8610438625000001 0.0037803421875
1 0.6987824421875 0.1051825546875 0.7221101171875 0.10060944062499999 0.724137346875 0.0945112625 0.7200808109375 0.0670725765625 0.7160242765625 0.062499462500000005 0.7099384343749999 0.06402452656249999 0.688640065625 0.0792689328125 0.6866128359375 0.08384204687499999 0.68762645 0.0945112625 0.6987824421875 0.1051825546875
1 0.69472590625 0.07774386875 0.710954125 0.0670725765625 0.70892481875 0.04573206875 0.70385466875 0.0350607765625 0.69472590625 0.0350607765625 0.6825563 0.047257132812500005 0.68052699375 0.062499462500000005 0.6845835296875 0.07164569062500001 0.69472590625 0.07774386875
1 0.540567171875 0.097561390625 0.5365106374999999 0.08536503281249999 0.5273839515625001 0.07012270468750001 0.5152122671875 0.060976474999999995 0.5050719671875 0.0670725765625 0.5101421171875 0.086890096875 0.5101421171875 0.0945112625 0.5060855828124999 0.1021345046875 0.49188666875 0.1051825546875 0.47667414218750004 0.0945112625 0.47261760625000004 0.1021345046875 0.47667414218750004 0.1250000765625 0.4898573625 0.144817596875 0.5060855828124999 0.15548681250000002 0.514198653125 0.15396382656250002 0.52941118125 0.1432925328125 0.5395535578125 0.1250000765625 0.5415828640625 0.11128073281249999 0.540567171875 0.097561390625
1 0.33367165625 0 0.3336714 9.249999999999999e-7 0.3336714 0.01676831875 0.33570070625000004 0.022866496875 0.3468566984375 0.038108826562499996 0.3529404625 0.0411589546875 0.3651121453125 0.059451410937500004 0.37423883125 0.065549590625 0.3874241296875 0.06402452656249999 0.3995937359375 0.039633890625 0.3995937359375 0.0304876609375 0.3955372015625 0.022866496875 0.3782953671875 0.0015239109375 0.37635965625 0 0.33367165625 0
1 0.28431379375 0 0.28397520468750004 0.0030489749999999998 0.28803174062500003 0.01372026875 0.2981741171875 0.015243254687499999 0.30628718906249996 0.0030489749999999998 0.306118240625 0 0.28431379375 0
1 0.2981741171875 0.1204269625 0.2991877328125 0.086890096875 0.29716050312500003 0.0792689328125 0.2910746609375 0.07469581875 0.26774906249999997 0.08384204687499999 0.2596339140625 0.097561390625 0.2596339140625 0.115853846875 0.26774906249999997 0.13719435468750002 0.273832828125 0.14176746875 0.284990896875 0.13719435468750002 0.2981741171875 0.1204269625
1 0.12880285625000001 0.08384204687499999 0.12677562656250002 0.07774386875 0.11663325 0.07469581875 0.113590328125 0.07774386875 0.1125767140625 0.0899381484375 0.11460394375 0.097561390625 0.12474632031249999 0.097561390625 0.127789240625 0.0929882765625 0.12880285625000001 0.08384204687499999
1 0.058823984375000006 0.20274302031250002 0.0689663609375 0.2012200328125 0.0720072046875 0.1951218546875 0.069979975 0.1783544625 0.0578082921875 0.1768293984375 0.053751756250000005 0.1859756265625 0.053751756250000005 0.19664691875 0.058823984375000006 0.20274302031250002
1 1 0.1859747921875 0.9908716921874999 0.1692082328125 0.9776884703125001 0.15853694062499998 0.9665304015625 0.1600620046875 0.9655167875 0.17073121875 0.9705890140625 0.1829275765625 0.9716026281250001 0.20274302031250002 0.976672778125 0.21188924843749998 0.9918873828124999 0.2134143125 0.9989868390625001 0.20579314843750002 1 0.20274542499999998 1 0.1859747921875
1 0.8793096953124999 0.25914545625 0.8833662312499999 0.2469511765625 0.8833662312499999 0.23170677031250003 0.8752531609374999 0.21646444062499998 0.8681537031250001 0.2210375546875 0.870183009375 0.25609740625 0.8742395453125 0.265243634375 0.8793096953124999 0.25914545625
1 0.8671400890625 0.3018285484375 0.876266775 0.297255434375 0.8772824671875 0.28810920625 0.8752531609374999 0.277439990625 0.86663328125 0.266006165625 0.8651107828125 0.29115933437499997 0.8671400890625 0.3018285484375