1 0.621212 0.2631575296875 0.60606 0.2550611734375 0.563636 0.27530406875 0.566666 0.3157898578125 0.575758 0.3238862140625 0.6030300000000001 0.3238862140625 0.612122 0.3157898578125 0.624242 0.287448603125 0.621212 0.2631575296875
3 0.424242 0.777328259375 0.40303000000000005 0.8016193312500001 0.40303000000000005 0.8299585828125 0.466666 0.8299585828125 0.49090999999999996 0.777328259375 0.48484800000000006 0.7651817203125 0.424242 0.777328259375
3 0.28787799999999997 0.1417001625 0.28787799999999997 0.157894878125 0.3 0.17813777343749998 0.327272 0.19838066875 0.34545400000000004 0.19838066875 0.342424 0.1821859515625 0.30909 0.12955562812500002 0.29697 0.12955562812500002 0.28787799999999997 0.1417001625
3 0.360606 0 0.360606 0.0080962546875 0.375758 0.03238933125 0.427272 0.044533865625 0.451516 0.02833915 0.454546 0.0121464375 0.42727210312499997 0 0.360606 0
1 0.10303 0.3805667203125 0.133334 0.40485779375000003 0.157576 0.40080961562499995 0.169696 0.3562756484375 0.163636 0.3117416796875 0.15454600000000002 0.3036433203125 0.11818200000000001 0.3076914984375 0.10303 0.3805667203125
5 0.46278800000000003 0.21060736875 0.49333400000000005 0.042347449999999995 0.47996999999999995 0.021944231249999998 0.445606 0.18259076875 0.451334 0.20805621406250002 0.46278800000000003 0.21060736875
5 0.35975799999999997 0.213158521875 0.28148399999999996 0.23611289531250002 0.289122 0.27182103281250003 0.361666 0.2335637453125 0.35975799999999997 0.213158521875
5 0.621696 0.699959959375 0.6389400000000001 0.6868013765625001 0.618 0.6176917609375 0.603212 0.6193110328125 0.621696 0.699959959375
5 0.60909 0.42105250937500005 0.630304 0.42105250937500005 0.633334 0.3846148984375 0.624242 0.3157898578125 0.612122 0.3076914984375 0.6 0.3238862140625 0.60909 0.42105250937500005
5 0.166666 0.40485779375000003 0.151516 0.39676143750000004 0.13636399999999999 0.40485779375000003 0.13636399999999999 0.42105250937500005 0.178788 0.587043846875 0.18909 0.5846149390625001 0.193636 0.5846149390625001 0.2 0.5627527734375 0.19697 0.5263151625 0.166666 0.40485779375000003
5 0.0392561515625 0 0.1 0.19838066875 0.10606 0.214575384375 0.127272 0.2186235625 0.13636399999999999 0.21052720625000002 0.13636399999999999 0.1862341296875 0.0784621875 0 0.0392561515625 0