1 0.067459384375 0.17261880937500002 0.0436514125 0.16666595312500002 0.0317463578125 0.1845245234375 0.039681634375000004 0.23809595312499998 0.067459384375 0.2261902375 0.0753968015625 0.1845245234375 0.067459384375 0.17261880937500002
1 0.11111196875 0.5654752375000001 0.095237134375 0.5892866671875 0.095237134375 0.63095238125 0.1150796078125 0.6607145234375 0.13491994062499998 0.6547616671875 0.13888971875 0.6190466671875 0.1547624125 0.59523738125 0.13888971875 0.5654752375000001 0.11111196875 0.5654752375000001
1 0.16666746875 1 0.16666746875 0.9702373812499999 0.15079263437499998 0.9464280953124999 0.1150796078125 0.952380953125 0.095237134375 0.9761902375 0.09296995625 1 0.16666746875 1
1 0.107142190625 0.20238095312499998 0.08333421875 0.208333809375 0.067459384375 0.23809595312499998 0.067459384375 0.2678580953125 0.1031745515625 0.273808809375 0.12301488437500001 0.2499995234375 0.12301488437500001 0.22023738124999998 0.107142190625 0.20238095312499998
1 0.162697690625 0.76785738125 0.162697690625 0.8154759531250001 0.190475440625 0.83333238125 0.2023804953125 0.8273816671875001 0.190475440625 0.7559516671875001 0.1706351078125 0.750000953125 0.162697690625 0.76785738125
1 0.3253965515625 0.375000953125 0.2976188015625 0.375000953125 0.2817461078125 0.39285738124999997 0.2857137453125 0.44642880937499996 0.3095238578125 0.4523816671875 0.33333396875 0.42857238124999997 0.3373016078125 0.3988102375 0.3253965515625 0.375000953125
1 0.384919690625 0.7440480953125 0.38888946875 0.8511909531249999 0.40872980156249994 0.8869038093749999 0.4484126078125 0.8928566671875 0.4523802453125 0.8392852375000001 0.42460249531249994 0.7023802375 0.41269744062499997 0.7023802375 0.384919690625 0.7440480953125
1 0.4448858890625 1 0.44444496874999995 0.9940466671875001 0.42460249531249994 0.9642866671875 0.384919690625 0.9642866671875 0.3690469953125 0.9940466671875001 0.3690469953125 1 0.4448858890625 1
3 0.3650793578125 0.1785716671875 0.3412692453125 0.1964280953125 0.33333396875 0.22023738124999998 0.3373016078125 0.24404666718749998 0.3730167734375 0.2499995234375 0.3650793578125 0.1785716671875
1 0.48412777343749996 0.1845245234375 0.47222271875 0.1964280953125 0.4642853015625 0.2499995234375 0.47222271875 0.2678580953125 0.49206305156249996 0.2678580953125 0.52777821875 0.23214309531250002 0.5317458578125 0.21428666718749997 0.5198408015625 0.1845245234375 0.48412777343749996 0.1845245234375
1 0.6904770796874999 0.345238809375 0.6626993296875 0.375000953125 0.6587295515625 0.4166666671875 0.6746022453125 0.4523816671875 0.7103174125 0.4345230953125 0.7380951625 0.39285738124999997 0.7380951625 0.3690480953125 0.7261901078124999 0.3511895234375 0.6904770796874999 0.345238809375
2 1 0.715031071875 0.97222221875 0.678570953125 0.9404768296875 0.6607145234375 0.8849213296875 0.6607145234375 0.7698405515625 0.8273816671875001 0.7658729125 0.916665953125 0.7936506624999999 0.9285716671875001 0.8492061625 0.8988095234375001 0.9365070515625 0.8869038093749999 1 0.9042211671875 1 0.715031071875
1 0.1587300515625 0.101190953125 0.1269846625 0.1130945234375 0.1031745515625 0.16666595312500002 0.1031745515625 0.1964280953125 0.1150796078125 0.208333809375 0.15079263437499998 0.208333809375 0.16666746875 0.1964280953125 0.1825401625 0.16666595312500002 0.178570384375 0.11904738125 0.1587300515625 0.101190953125
1 0.69444471875 0.17261880937500002 0.69444471875 0.21428666718749997 0.7103174125 0.23214309531250002 0.7142850515625 0.25595238125 0.7619052734375 0.24404666718749998 0.7817456078125 0.22023738124999998 0.7817456078125 0.1845245234375 0.7698405515625 0.1607152375 0.72222246875 0.1428566671875 0.69444471875 0.17261880937500002
4 0.10717205625 0 0 0.3650044046875 0 0.42655397656250005 0.2917295796875 0 0.10717205625 0
1 1 0.4523816671875 0.9960323296875 0.4523816671875 0.9682545796875001 0.4880945234375 0.9761898578125001 0.5357152375 1 0.571429571875 1 0.4523816671875
3 0.9126990796875001 0.32142952343750003 0.9166667187499999 0.35714238125 0.9404768296875 0.38690452343750004 0.9761898578125001 0.39285738124999997 0.9642848015625001 0.2976180953125 0.9484121078125 0.273808809375 0.9285717734375 0.2678580953125 0.9126990796875001 0.32142952343750003