5 0.6768785328125 0.8153048437500001 0.6791129828125 0.8176519953125 0.6817902953125 0.81949570625 0.6851408515624999 0.8198268593750001 0.6896008046875 0.818824453125 0.69093834375 0.8163161999999999 0.691168721875 0.8136356578124999 0.690052615625 0.8106150140624999 0.6873753015624999 0.8082745750000001 0.6824635390625 0.807768896875 0.6779946390625 0.8091114046874999 0.67643566875 0.8114540828125 0.6768785328125 0.8153048437500001
5 0.3310353734375 0.9213495765624999 0.3291789234375 0.924822196875 0.3310353734375 0.9300333671875001 0.3365913015625 0.932807884375 0.343994734375 0.9324633078125 0.346774934375 0.9303779437499999 0.34769868593750003 0.9276034265625 0.3463097046875 0.922741309375 0.340753775 0.9196110281250001 0.33612383437500004 0.9196110281250001 0.3310353734375 0.9213495765624999
1 0 0.7779543296875 0.00369855625 0.777468484375 0.0244080359375 0.768590028125 0.0510357875 0.7469487953125 0.07544474531249999 0.708101078125 0.0806204375 0.6886794578125001 0.08136078125 0.6720301171874999 0.07544474531249999 0.663706565625 0.06730768125 0.6648163734375 0.0392014796875 0.6853500375 0.035502 0.6864598453124999 0.018492 0.6997775265625 0 0.71056938125 0 0.7779543296875
1 0.0458578578125 0.15205426875 0.030326307812499998 0.147612803125 0.011833384375 0.14705790000000002 0.0051770062499999995 0.15038955781250002 0.0044389 0.1598229171875 0.011833384375 0.1720307921875 0.01997045 0.1814641515625 0.0332832078125 0.19311936093749998 0.046598201562500004 0.2014429125 0.0636104375 0.20921156093749999 0.07248560937500001 0.2108762703125 0.08431991718750001 0.2108762703125 0.0909762953125 0.208101753125 0.0909762953125 0.19811349218750002 0.074704403125 0.1703660828125 0.06730768125 0.163707240625 0.0458578578125 0.15205426875
1 0.0109596109375 0 0.011833384375 0.0011093453125 0.026626828125 0.0133194578125 0.056951821874999996 0.028856754687500003 0.0769231953125 0.032186175 0.089497846875 0.032186175 0.10281060312500001 0.028856754687500003 0.1146449109375 0.027746948437500002 0.118342153125 0.02497243125 0.11908249687500001 0.0188684921875 0.10542221562500001 0 0.0109596109375 0
1 0.48003 0.7452840843749999 0.46375810624999997 0.7425073296875 0.4548806984375 0.7436171359375 0.4474862125 0.7469487953125 0.43934914843749995 0.7652606078125 0.43491156249999996 0.7952276312500001 0.43491156249999996 0.8124296375 0.44008949062499997 0.8190907171875 0.4548806984375 0.8240848484375001 0.47559241406249997 0.8251946546875001 0.48668637812500004 0.8240848484375001 0.5096146515625 0.8257495578125 0.5281075734375 0.8301887859375 0.5399418812500001 0.8290789796875 0.549555159375 0.822975040625 0.5569518812500001 0.811874734375 0.5599110171875 0.793562921875 0.5599110171875 0.7719194500000001 0.5613894671875 0.7647057046875 0.5591706750000001 0.755272346875 0.5539949828124999 0.7491684078125 0.54289878125 0.7458389875 0.48003 0.7452840843749999
1 0.48890517187500004 0.6392885765625 0.4896455140625 0.6326297359375 0.47928965625000003 0.619312053125 0.472633278125 0.6170924390625 0.4630177640625 0.6176473421875001 0.44822431875 0.6226414734375 0.44008949062499997 0.6326297359375 0.43787069843750004 0.6415104281249999 0.43934914843749995 0.6487241734375 0.443786734375 0.652608496875 0.4556210421875 0.65815753125 0.4644962125 0.658712434375 0.471154828125 0.656492821875 0.48890517187500004 0.6392885765625
1 0.5754448046875 0.35349540468749996 0.5251484375000001 0.349056178125 0.5066577515625 0.345171853125 0.49334275781250003 0.345171853125 0.49112396406250003 0.34850127343750004 0.49038362187500006 0.355160115625 0.49556155 0.366815325 0.5014798218750001 0.387346753125 0.5096146515625 0.3990019625 0.5266268875 0.40621570625 0.532545159375 0.4073255140625 0.5621298109375 0.4228628109375 0.570266875 0.42397261718749996 0.57248566875 0.425637328125 0.5754448046875 0.431743503125 0.58653876875 0.4395121515625 0.5976327343750001 0.45282983281250005 0.6323975500000001 0.519422721875 0.64866944375 0.5288560796875 0.6679004734375 0.5332953078125 0.704141503125 0.5388465796874999 0.7085790890625 0.5321855 0.6619822015625 0.44228666875 0.65014789375 0.4128745484375 0.6375732421875 0.3912310765625 0.627957728125 0.3695898421875 0.6198229000000001 0.3607113875 0.6131665203125001 0.3584895359375 0.5754448046875 0.35349540468749996
1 0.4208584609375 0.3851271390625 0.40828381093750005 0.3756937796875 0.40162743125 0.3729192625 0.3927522609375 0.3745839734375 0.389793125 0.377358490625 0.39127157343749996 0.3856820421875 0.39718984687500003 0.3917859796875 0.40754346718749995 0.409545128125 0.42011811874999994 0.42619223125000005 0.42529604687499994 0.42952165156250005 0.4534022484375 0.436737634375 0.46375810624999997 0.437847440625 0.471154828125 0.43229840625 0.4704144859375 0.42397261718749996 0.44822431875 0.4051059 0.4297336328125 0.39400559375 0.4208584609375 0.3851271390625
1 0.45636138437499996 0.3368483015625 0.4489646625 0.3146499265625 0.4452651828125 0.2918988859375 0.44008949062499997 0.28523780625 0.4304739765625 0.28246328906249996 0.4001489828125 0.2863476140625 0.37721847343750003 0.28690251718750004 0.35503054375 0.290789078125 0.34837192968749997 0.29522830624999996 0.3446746859375 0.2991126296875 0.3468934796875 0.3251953296875 0.3431962359375 0.34739146718749997 0.3454150296875 0.3540503078125 0.34837192968749997 0.356824825 0.35503054375 0.360156484375 0.3676029578125 0.36182119375 0.3779588171875 0.3607113875 0.4001489828125 0.35571501875 0.443046390625 0.355160115625 0.44822431875 0.3540503078125 0.45636138437499996 0.3468365640625 0.45636138437499996 0.3368483015625
1 0.470227540625 0 0.44822431875 0.009432896875000001 0.44452707656249996 0.0122096515625 0.43860880468749996 0.0244175265625 0.43934914843749995 0.036625403125 0.44230828437499997 0.04328424375 0.45192379843749997 0.053829646875000005 0.4607989703125 0.059378681249999996 0.471154828125 0.06326300625 0.4763305203125 0.0677022328125 0.4844675859375 0.07103165312500001 0.49334275781250003 0.0771355921875 0.517751715625 0.08657118750000001 0.5244080953125 0.09045551093750001 0.5443794671875 0.0948947390625 0.5621298109375 0.10099867656249999 0.57396411875 0.10099867656249999 0.579882390625 0.09933396718750001 0.5887575625 0.09156531875 0.5917166984375 0.086016284375 0.5961542843750001 0.082131959375 0.5998515265625 0.074361075 0.6065079046874999 0.0665924265625 0.6146449703125 0.05327474375 0.6264792781249999 0.028856754687500003 0.6325517078125 0 0.470227540625 0
1 0.8683433609375 0.2991126296875 0.8535499171875 0.2763593515625 0.8380183671875001 0.2658161859375 0.8365376812499999 0.26304166875 0.8232249234375001 0.2697005109375 0.8047342359374999 0.2741397375 0.7751473484375 0.28690251718750004 0.765531834375 0.28912213124999997 0.748519596875 0.29633811250000003 0.7374256328125 0.3029969546875 0.711538225 0.3140950234375 0.704881846875 0.32241857500000004 0.7056221890625001 0.3296345578125 0.71079788125 0.33962281875 0.74186321875 0.36570551875 0.7736689 0.37957810468750003 0.7847628640625001 0.3790232015625 0.7980778578125001 0.37624868437500003 0.8069530296874999 0.3729192625 0.8187873375000001 0.365150615625 0.8284028515624999 0.3629310015625 0.8387564734374999 0.355160115625 0.8402371593750001 0.3523855984375 0.8690837046875 0.33074436406249996 0.8720406031250001 0.3207538640625 0.8720406031250001 0.3124303125 0.8683433609375 0.2991126296875
1 0.8328404375 0.5416210968749999 0.8343188874999999 0.5227521421875 0.8291409578125 0.49722434687500006 0.8254437156250001 0.49056550468750004 0.8210061296875001 0.487236084375 0.8113906156249999 0.48668118125 0.8047342359374999 0.48779098750000005 0.7707097640625 0.5011109078125 0.750000284375 0.5127638796875 0.7159758109375 0.5394014828125 0.7159758109375 0.5493897453125001 0.7181946031249999 0.5566034890625 0.725591325 0.5604878140625 0.736685290625 0.5627074265625 0.75739700625 0.56326233125 0.7899407921875 0.5610427171875 0.7995563078125 0.558823103125 0.812869065625 0.557713296875 0.8276625093750001 0.5516093578125 0.8306216453124999 0.5482799375 0.8328404375 0.5416210968749999
1 0.7906811359375 0.8346280140625 0.7825440703125001 0.8357378203125 0.77292855625 0.8351829171875 0.765531834375 0.837957434375 0.7566566625 0.84350646875 0.748519596875 0.8512773546875 0.7463008046875 0.8590460015625 0.7507406265625 0.8651499406250001 0.75739700625 0.8690342640625 0.7633130421875001 0.8701440703125 0.7744092421875 0.8768029125 0.7810656218750001 0.8906777359375001 0.7914192421874999 0.8984463843749999 0.80251544375 0.9012209015625 0.8143497515625 0.9006659984375001 0.8187873375000001 0.8990012875 0.8232249234375001 0.8917875421874999 0.8239652656249999 0.8768029125 0.81804699375 0.8512773546875 0.812869065625 0.8401770484375 0.80325355 0.8362927234375 0.7906811359375 0.8346280140625
1 0.9386088640624999 0.8895679296875001 0.92381765625 0.8867934125 0.8897931828125 0.8740283953124999 0.8831368046874999 0.8729185875000001 0.8742593968750001 0.8734734921875 0.8624250890624999 0.8801323328124999 0.851331125 0.8928973499999999 0.8343188874999999 0.905105225 0.81952768125 0.9211996625 0.81804699375 0.931187925 0.8217464734375 0.9384016687500001 0.8476338812499999 0.958935334375 0.8639057749999999 0.9800216640625001 0.8742593968750001 0.9866805062499999 0.8912716328125001 0.9844608921875 0.9060650765625 0.9783569546875001 0.9215966265625 0.9744726296874999 0.9363900703124999 0.9733628234375 0.9534023078124999 0.9694784999999999 0.9607990296875 0.965039271875 0.964496271875 0.9606000437500001 0.964496271875 0.9511644484374999 0.95636144375 0.927858503125 0.9556210999999999 0.905105225 0.9526619640625 0.8967816734375 0.9386088640624999 0.8895679296875001
1 1 0.3272676953125 0.9933428171875001 0.3296345578125 0.9881648875 0.334073784375 0.9829891953125 0.34572675625 0.9829891953125 0.35571501875 0.9918643671874999 0.3590444390625 1 0.35656485312499997 1 0.3272676953125
1 1 0.20754716874999998 0.9999991953125 0.20754685 0.9844676453125001 0.19811349218750002 0.9726333374999999 0.197003684375 0.9652366156250001 0.19811349218750002 0.9615393734375 0.2003331046875 0.9578398937499999 0.20532723593750002 0.9585802359375 0.208101753125 0.964496271875 0.21420569218750002 0.980768165625 0.2264158046875 1 0.2456547546875 1 0.20754716874999998
2 0.6993015781249999 0 0.6989635734374999 0.0116547484375 0.6945259874999999 0.037735209375 0.6915690890625 0.074915978125 0.69674478125 0.0899006078125 0.711538225 0.11043203593749999 0.72633166875 0.1231970515625 0.750000284375 0.1398441546875 0.77219045 0.15371897968749998 0.7810656218750001 0.1559385921875 0.7892004499999999 0.1609327234375 0.8121309578125 0.1703660828125 0.826184059375 0.1725856953125 0.8387564734374999 0.1725856953125 0.8468935390624999 0.1703660828125 0.8602062953124999 0.1631523375 0.8690837046875 0.1542738828125 0.8720406031250001 0.1487226109375 0.8764781890625001 0.1448382859375 0.8838749109374999 0.1287460859375 0.886834046875 0.114316359375 0.8831368046874999 0.082131959375 0.8764781890625001 0.058268875 0.8749997390625 0.04717080625 0.877958875 0.010544940625 0.877958875 0 0.6993015781249999 0
1 0.3602062359375 0.7114327375 0.332840378125 0.6931186859375 0.3076933140625 0.68424023125 0.27440918281250004 0.6759166796875 0.22929074531250002 0.6764715828125001 0.21449730156250002 0.6775813890625 0.20118454375 0.68035590625 0.1671600703125 0.69034416875 0.1375731828125 0.705881465625 0.132397490625 0.7097680265624999 0.12500076875 0.71864648125 0.1205631828125 0.7269700328125 0.11908249687500001 0.735293584375 0.11094766874999999 0.7541625390625 0.1005918109375 0.7708096421875 0.082101125 0.7918982109375 0.07248560937500001 0.81131983125 0.07248560937500001 0.828524075 0.08136078125 0.8512773546875 0.090235953125 0.86570484375 0.1057697390625 0.88290685 0.11538525468750001 0.8901228328125 0.1205631828125 0.8984463843749999 0.1294383546875 0.9006659984375001 0.150888178125 0.9156483906249999 0.1767755859375 0.9261937937500001 0.1982254078125 0.9317428281250001 0.226331609375 0.9350722484375 0.24925988124999998 0.9345173453125 0.27662797656250004 0.9317428281250001 0.2914191828125 0.9267486968749999 0.30103469843749997 0.9267486968749999 0.3084314203125 0.92230946875 0.3158281421875 0.9217545656249999 0.32692210625 0.9117640671875 0.3394967578125 0.9078797421875 0.3542902015625 0.89789148125 0.36390571562499996 0.8884581218750001 0.3705620953125 0.8840166578125 0.38905278125 0.8590460015625 0.39127157343749996 0.8518322578124999 0.395709159375 0.8457260828125 0.40088708906250003 0.83351820625 0.40458656875 0.8146514890625 0.40458656875 0.7885687906250001 0.40162743125 0.77302925625 0.39423070937500004 0.7524978296875 0.3764803671875 0.7264151296875 0.3602062359375 0.7114327375
5 0.30465142031250003 0.955039821875 0.3092746515625 0.953994903125 0.3111311 0.948783734375 0.3088161296875 0.944966534375 0.3037209578125 0.941842965625 0.298632496875 0.9425365953125 0.2963175265625 0.9456601640625 0.2949263078125 0.948783734375 0.2963175265625 0.9526076453125001 0.3000214796875 0.955039821875 0.30465142031250003 0.955039821875
5 0.051250509374999996 0.7616693984375 0.050718178125 0.7672967453124999 0.057144178125 0.7713153203124999 0.0619597640625 0.7725191031249999 0.0662430171875 0.7713153203124999 0.0689270421875 0.7681022515625 0.0689270421875 0.764484190625 0.0657106859375 0.760465615625 0.06035605937500001 0.7596623484375 0.051250509374999996 0.7616693984375
5 0.0244751359375 0.7893944328125 0.027684781250000002 0.78819065 0.030362095312499997 0.7833688078125001 0.027684781250000002 0.7777459359375001 0.021797821875 0.776537678125 0.0159019171875 0.77814645 0.01215323125 0.7813595203125 0.012692271875 0.7861813625 0.01857923125 0.7893944328125 0.0244751359375 0.7893944328125
5 0 0.9127002281250001 0.0009094078125 0.9127575234374999 0.0051926624999999995 0.9091394625 0.0046513843749999995 0.9031138375 0.0003703671875 0.8994957781249999 0 0.899565175 0 0.9127002281250001
2 0.5473363671875 0.47003407812500003 0.5281075734375 0.465039946875 0.5073958578125 0.4639279015625 0.4896455140625 0.4689242703125 0.4770708640625 0.4778027265625 0.4622774203125 0.49112040781250005 0.4474862125 0.5160933 0.4460055265625 0.5221972390625 0.44674587031249996 0.5443956140624999 0.4548806984375 0.5627074265625 0.4763305203125 0.5876803203125001 0.49112396406250003 0.60155290625 0.4940831 0.607104178125 0.5051770656250001 0.619312053125 0.519970509375 0.6298552187500001 0.5465982609375 0.658712434375 0.5517761890624999 0.66204185625 0.5909763546875 0.6992226234375 0.6020703187499999 0.713097446875 0.6065079046874999 0.7158719640625 0.6213013484375 0.7308543578125 0.6257389343749999 0.7375131984375 0.6516263437500001 0.7602664765625 0.656804271875 0.768590028125 0.6634606515625 0.77302925625 0.6679004734375 0.782464853125 0.6775137515625 0.78912369375 0.6849104734375 0.799666859375 0.696006675 0.8074355078125001 0.7233725328125 0.8218652343749999 0.7396444265625 0.8263044609374999 0.7566566625 0.828524075 0.7670125203125 0.8324083999999999 0.7847628640625001 0.8329633031249999 0.7892004499999999 0.8318534968750001 0.812869065625 0.8312985921875 0.8187873375000001 0.827969171875 0.8328404375 0.82352994375 0.85059078125 0.8146514890625 0.8594681890625001 0.804660990625 0.8624250890624999 0.7918982109375 0.8624250890624999 0.7808001421874999 0.8602062953124999 0.772474353125 0.8535499171875 0.7591566703125 0.8372780234375 0.7397328125 0.7914192421874999 0.69644810625 0.75887545625 0.6492790765625001 0.7322477046875 0.6231963781250001 0.72781011875 0.6165375359375 0.6664197875 0.5604878140625 0.6390539296875 0.5416210968749999 0.6375732421875 0.5382916765625 0.6309168640625 0.5321855 0.6286980703125 0.526636465625 0.6139046265625 0.5177580109375 0.6028106625 0.50277561875 0.58801721875 0.49112040781250005 0.5769232546875 0.48668118125 0.5710049828125 0.481132146875 0.565088946875 0.47946743593749996 0.5569518812500001 0.4739184015625 0.5473363671875 0.47003407812500003
1 1 0.26803344687499997 0.9992610890625 0.262486765625 0.9918643671874999 0.25027665312499997 0.9837273015625 0.2436178109375 0.9689338578125 0.23529425937499998 0.9615393734375 0.23362955 0.9519238578125 0.23362955 0.941568 0.23030012812499998 0.932692828125 0.229190321875 0.9127214562500001 0.229745225 0.8683433609375 0.23584916250000001 0.851331125 0.234184453125 0.8446747453125001 0.2364040671875 0.8394968171875 0.2436178109375 0.8394968171875 0.2491668453125 0.8431962953125 0.2619318625 0.84911233125 0.2697005109375 0.8542902609375 0.2741397375 0.8742593968750001 0.3002224375 0.8816561187499999 0.3029969546875 0.8994086984375 0.3163146375 0.9075435265625 0.3201989609375 0.9149402484375001 0.32575023281250004 0.9356519640625001 0.33351888125 0.950443171875 0.332963978125 0.966715065625 0.326860040625 0.980030059375 0.315759734375 0.9926024734375 0.29633811250000003 1 0.2756527703125 1 0.26803344687499997
0 1 0.0611668421875 0.9985207453125 0.057713971875000006 0.997780403125 0.0516100328125 0.9918643671874999 0.0466159015625 0.9770709234374999 0.043839146875 0.9630178218750001 0.043839146875 0.9452652421875 0.0466159015625 0.9371304140625 0.0510551296875 0.92529610625 0.06936694374999999 0.9208585203125 0.08157705625 0.9193778343749999 0.098224159375 0.9208585203125 0.102108484375 0.92529610625 0.1026633875 0.9363900703124999 0.11098693906249998 0.9445271359375 0.11098693906249998 0.9519238578125 0.11376145625 0.9607990296875 0.114316359375 0.9696742015625001 0.11320655312500001 0.9748521296874999 0.109322228125 0.9881648875 0.10432809843749999 0.9918643671874999 0.1015535796875 1 0.089727859375 1 0.0611668421875
4 0 0.4240960546875 0.0029582125 0.42619223125000005 0.0051770062499999995 0.431743503125 0.012573728125 0.4406219578125 0.0384611359375 0.45948867499999996 0.0510357875 0.4739184015625 0.0702668171875 0.4894556984375 0.08136078125 0.50277561875 0.09689456874999999 0.5160933 0.104289053125 0.5205325281250001 0.1235200828125 0.5416210968749999 0.14127266249999998 0.553828971875 0.149407490625 0.5643721375 0.1568042125 0.56936626875 0.1582849 0.5721430234375 0.1760352421875 0.58546070625 0.1841723078125 0.5849058031250001 0.1908286859375 0.5793567687500001 0.19748506562499998 0.564927040625 0.210059715625 0.5482799375 0.2329879875 0.5088795562499999 0.23890626093749998 0.49389492500000004 0.26479366875 0.45504944687500004 0.2810655625 0.42230790625000003 0.286243490625 0.41675887187500005 0.2936379765625 0.400666671875 0.2951186625 0.38901146249999996 0.2928998703125 0.38401733125000004 0.28476280468750004 0.3845722359375 0.2781064265625 0.38290752499999997 0.24186315937499997 0.38290752499999997 0.2071005796875 0.38679184843750003 0.1908286859375 0.38623694531249997 0.1760352421875 0.3901212703125 0.149407490625 0.3906761734375 0.1168637046875 0.3951176375 0.088017159375 0.3956725421875 0.0458578578125 0.40233138281249997 0.0281075140625 0.40233138281249997 0.0207107921875 0.40399609375 0 0.40545276875 0 0.4240960546875
4 0.2951186625 0.3368483015625 0.2928998703125 0.3146499265625 0.29585900625 0.29966753437500004 0.29585900625 0.267480896875 0.2914191828125 0.26415147656250004 0.2832843546875 0.2635965734375 0.2603560828125 0.268590703125 0.24482229531250002 0.2752495453125 0.23890626093749998 0.27913386875 0.22189402343750003 0.284128 0.20118454375 0.2941185 0.1834319640625 0.29966753437500004 0.179734721875 0.30244205156250004 0.1605036921875 0.3096557953125 0.1545854203125 0.3140950234375 0.15606610625 0.322973478125 0.1597633484375 0.32575023281250004 0.17899437812500002 0.3312992671875 0.21375695781249998 0.350165984375 0.22411281718749998 0.3529405015625 0.24704108906250002 0.36348590468749997 0.25517815312500003 0.365150615625 0.26775056875000003 0.37347416718750004 0.2840246984375 0.37791339375 0.2921595265625 0.37791339375 0.2951186625 0.372364359375 0.2951186625 0.3368483015625
5 0.8220126390625 0.8709204890625 0.8238601421875 0.875438028125 0.8284900828125 0.8785615984374999 0.8349697640624999 0.878219259375 0.837284734375 0.874395346875 0.8358957515625001 0.870226859375 0.8312658109375001 0.8671032890625 0.822936390625 0.8667542375 0.8220126390625 0.8709204890625
5 0.6579069578125 0.7950441546875 0.659023065625 0.7985570515625 0.6623669109375 0.80123759375 0.667278675 0.8020744234375 0.6721904375000001 0.80123759375 0.6746440828125 0.7998995609375 0.675317325 0.7967155781249999 0.675317325 0.794207325 0.6735279765625 0.7910211046875 0.6701841296875 0.7893496828125001 0.6634830171874999 0.7895174968750001 0.6588016328124999 0.79119339375 0.6579069578125 0.7950441546875