1 1 0.32051309843750003 0.9858760453125001 0.324787103125 0.97740158125 0.3376078796875 0.98022570625 0.38888887968749997 0.9858760453125001 0.39743676875 1 0.39743676875 1 0.32051309843750003
1 1 0.7809833125 0.991526384375 0.77777876875 0.9745753671875 0.799145325 0.9689271187499999 0.9102573250000001 0.9943505078125 0.961538325 1 0.9623929015625 1 0.7809833125
1 0.087884140625 0 0.084746271875 0.0213676578125 0.11299378593750001 0.025640546874999996 0.1299427125 0.01709476875 0.142498384375 0 0.087884140625 0
1 0.1355930515625 0.6068378796875 0.1016951984375 0.5982899921875 0.07344559375000001 0.623931546875 0.062147006250000005 0.6666667687500001 0.07627180781250001 0.6837604359375 0.11299378593750001 0.679487546875 0.1468916390625 0.6581188796874999 0.14971785312500002 0.636752325 0.1355930515625 0.6068378796875
1 0.10451932187499999 0.1666669921875 0.12429446250000001 0.20940221406249998 0.14971785312500002 0.22649587968749998 0.18361570625 0.23076876875000002 0.2118653109375 0.21367510312500002 0.22598802187499997 0.188033546875 0.23163836093749998 0.1153838796875 0.217513559375 0.06837576875 0.19774050781250002 0.0427342140625 0.14971785312500002 0.038461325000000005 0.1299427125 0.0555549921875 0.1073455375 0.0982902140625 0.10451932187499999 0.1666669921875
1 0.6412429937499999 0.106838103125 0.6525415812500001 0.12820465781249998 0.6836153109375 0.149573325 0.7033904515625 0.145298325 0.7005642375 0.106838103125 0.6807911859375 0.07264865781249999 0.655367796875 0.06837576875 0.64406711875 0.081196546875 0.6412429937499999 0.106838103125
5 1 0.2762203125 0.9968924296875 0.2765376578125 0.9962987578125 0.3173074359375 1 0.3175907140625 1 0.2762203125
5 0 0.347099371875 0.026102315625 0.35303376875 0.0271182484375 0.32833376875 0 0.32434211562500004 0 0.347099371875
1 0.616760346875 1 0.6045189265625 0.99145276875 0.5706210734375 0.99145276875 0.5649714015625 1 0.616760346875 1
1 0.46045096093750004 0.8418805468749999 0.4463282484375 0.8589742140625001 0.440677909375 0.9017094359375 0.45197649687499997 0.9230759921875 0.47457576250000005 0.9273509921875001 0.4915246890625 0.9059823250000001 0.4943509046875 0.8632471031250001 0.4830502265625 0.8461534359374999 0.46045096093750004 0.8418805468749999
1 0.30508440625 0.5299153249999999 0.3333340109375 0.5512818796875 0.3531070625 0.5897442140625 0.36158152499999996 0.5769234359375 0.36158152499999996 0.517094546875 0.3446325984375 0.48290510312499996 0.32768367187499997 0.4700864359375 0.282485140625 0.474359325 0.2570617515625 0.517094546875 0.2570617515625 0.5427339921875001 0.30508440625 0.5299153249999999
1 0.2994340671875 0.9572654359375001 0.3361581359375 0.9529904359374999 0.36440774062500003 0.9743591031250001 0.384180790625 0.9743591031250001 0.387004915625 0.9529904359374999 0.3785304515625 0.9059823250000001 0.3502829375 0.8504263249999999 0.31355887031249996 0.8247868796875 0.28531135625 0.8205118796875001 0.274010678125 0.82905976875 0.2655362140625 0.854701325 0.2655362140625 0.8931615468749999 0.274010678125 0.9273509921875001 0.2994340671875 0.9572654359375001
1 0.5847458750000001 0.2478624359375 0.5480218078125 0.2478624359375 0.5141239546875 0.2905976578125 0.5056494921875 0.354701546875 0.51129983125 0.36752232500000004 0.5254246328125001 0.36752232500000004 0.5621466109375 0.34188076875 0.5790955375 0.34188076875 0.6242940671875 0.3589744359375 0.6271181921875 0.311966325 0.6129933890625 0.2735039921875 0.5847458750000001 0.2478624359375
1 0.7711861578125 0.0897444359375 0.7683620343750001 0.12393176875 0.7824868359375 0.145298325 0.8022598875 0.145298325 0.8192088140625 0.12820465781249998 0.8192088140625 0.106838103125 0.788135084375 0.07264865781249999 0.7711861578125 0.0897444359375
1 0.74293864375 0.307691325 0.7853109609375 0.3333328796875 0.81073435 0.36752232500000004 0.8474584187499999 0.363247325 0.85875700625 0.3333328796875 0.85875700625 0.307691325 0.8502825421875 0.269231103125 0.8361577406249999 0.243589546875 0.813558475 0.22649587968749998 0.776836496875 0.22649587968749998 0.7514131078124999 0.25213743593750004 0.7401124296875 0.28632476875 0.74293864375 0.307691325
1 0.7824868359375 0.4700864359375 0.7824868359375 0.48290510312499996 0.8022598875 0.525640325 0.8333336156250001 0.5384611031250001 0.8389839546875001 0.517094546875 0.8361577406249999 0.4786322140625 0.8220329375000001 0.4444448796875 0.8079102265625 0.4401719921875 0.7824868359375 0.4700864359375
1 0.666666384375 0.6666667687500001 0.666666384375 0.6880333249999999 0.686441525 0.7136748796875 0.7316379656249999 0.72222276875 0.7372883046875 0.6752146578125 0.711864915625 0.6410252140625 0.6836153109375 0.6410252140625 0.666666384375 0.6666667687500001
1 0.0169488 1 0.0423718640625 0.948717546875 0.039547740625 0.9230759921875 0.028249153125 0.9145302140625 0.0084740109375 0.918803103125 0 0.9259256109375 0 1 0.0169488 1
1 0.3333340109375 0.2948726578125 0.30791062187499996 0.2905976578125 0.28813547968750003 0.307691325 0.282485140625 0.3376078796875 0.28531135625 0.3461536578125 0.3333340109375 0.3461536578125 0.3446325984375 0.3376078796875 0.3446325984375 0.307691325 0.3333340109375 0.2948726578125