5 0.707223675 0.7658928796875 0.7094191515625 0.7681965671875 0.7120497671875 0.770006134375 0.715341884375 0.7703311546875 0.7197240468749999 0.7693473109375 0.7210382562500001 0.7668855078125 0.721264615625 0.76425460625 0.7201679765625 0.7612899 0.7175373609375 0.7589928015625 0.7127112671875 0.7584964875 0.7083203140625 0.759814134375 0.706788534375 0.7621134296875 0.707223675 0.7658928796875
5 0.3674126625 0.8699738218749999 0.36558859374999997 0.873382134375 0.3674126625 0.8784968015624999 0.3728716859375 0.8812199390625001 0.38014598906249997 0.8808817421875 0.3828776984375 0.8788349984374999 0.3837853375 0.8761118609375 0.38242058125 0.8713397828125 0.37696155781249996 0.86826746875 0.372412371875 0.86826746875 0.3674126625 0.8699738218749999
1 0 0.809364521875 0.0000010578124999999999 0.8093686453125001 0.007994 0.8240735859375 0.015989139062499998 0.8338790765624999 0.024709510937500002 0.8398699781250001 0.031249790625000003 0.8425931156249999 0.04069759375 0.8420484874999999 0.049417965625 0.8387807234375 0.056685675000000005 0.8322429984375 0.059593198437499995 0.8251628406249999 0.05741310468750001 0.808279390625 0.0443303484375 0.7913937421874999 0.0356099765625 0.7766888015625 0.023982081250000002 0.76307091875 0.010901523437500001 0.7527229984375 0.0000010578124999999999 0.7516337421875 0 0.7516346671874999 0 0.809364521875
1 0 0.7323902671875 0.0043612437499999995 0.7320271546875 0.016714371875 0.7325717828125 0.045785209375000004 0.72875719375 0.0661334765625 0.7200431546875 0.092296790625 0.698802684375 0.1162800109375 0.6606743703125 0.1213654296875 0.641612409375 0.1220928609375 0.625271390625 0.1162800109375 0.617101978125 0.108284871875 0.6181912328125 0.0806688953125 0.6383446453125 0.07703394218750001 0.6394339 0.060320628125 0.6525049593750001 0.04069759375 0.66394433125 0.036337406249999996 0.66830135 0.0319772203125 0.66939060625 0.016714371875 0.6797385265625 0.0050864765625 0.6857294296875 0 0.6897081015625 0 0.7323902671875
1 0.087209175 0.1149247234375 0.0719485234375 0.1105655078125 0.0537781515625 0.1100208796875 0.047237871875 0.11329084062500001 0.0465126390625 0.1225495078125 0.0537781515625 0.13453131093749998 0.061773290625 0.143789978125 0.07485384843750001 0.15522935 0.0879366046875 0.16339876250000002 0.10465211562500001 0.17102354687500002 0.1133724890625 0.1726574296875 0.125000384375 0.1726574296875 0.13154066250000002 0.1699342921875 0.13154066250000002 0.1601309984375 0.11555258125000001 0.1328974296875 0.108284871875 0.1263619 0.087209175 0.1149247234375
1 0.513808546875 0.6971688015625 0.497820465625 0.6944434687500001 0.4890978953125 0.6955327234375 0.481832384375 0.698802684375 0.47383724374999997 0.716775390625 0.46947705781250004 0.74618746875 0.46947705781250004 0.76307091875 0.474564675 0.7696086453125 0.4890978953125 0.7745102921875 0.5094483609375 0.775599546875 0.520348825 0.7745102921875 0.5428771859375 0.776144175 0.5610475578125 0.7805011937499999 0.572675453125 0.7794119390625001 0.5821210578125 0.7734210375 0.5893887671875 0.7625262921875 0.592296290625 0.7445535859375 0.592296290625 0.72331091875 0.593748953125 0.7162307625000001 0.5915688609374999 0.7069720953124999 0.5864834421875 0.70098119375 0.5755807796875 0.6977134296874999 0.513808546875 0.6971688015625
1 0.52252891875 0.5931361749999999 0.5232563484375 0.5866006453125 0.513081115625 0.5735295859375 0.5065408375 0.5713510765625001 0.497093034375 0.571895703125 0.48255761562500005 0.57679735 0.474564675 0.5866006453125 0.47238458124999994 0.5953168796874999 0.47383724374999997 0.6023970375000001 0.4781974296875 0.6062094296875 0.489825325 0.6116557031250001 0.4985456984375 0.6122003312500001 0.505088175 0.610021821875 0.52252891875 0.5931361749999999
1 0.6075591390625 0.31263546875000003 0.558140034375 0.30827844843749996 0.5399718609375 0.30446605625 0.5268891046874999 0.30446605625 0.5247090109375 0.307733821875 0.5239815812499999 0.31426935 0.5290691984375 0.3257087234375 0.53488424375 0.3458599390625 0.5428771859375 0.3572993109375 0.5595926984374999 0.36437946875 0.56540774375 0.3654687234375 0.5944763843749999 0.3807182921875 0.6024715234375 0.381807546875 0.604651615625 0.3834414296875 0.6075591390625 0.3894345265625 0.6184596046874999 0.3970593109375 0.6293600703125 0.4101303703125 0.6635185234375001 0.47549005624999996 0.6795066046875 0.48474872343750003 0.698402209375 0.48910574218749997 0.7340111281249999 0.4945542140625 0.7383713140625 0.48801648750000004 0.6925871625 0.3997824484375 0.6809592671875 0.37091499843750003 0.6686039421875 0.34967233124999997 0.6591561390625 0.3284318609375 0.6511631984374999 0.319717821875 0.64462291875 0.31753711562500003 0.6075591390625 0.31263546875000003
1 0.4556690703125 0.34368142968750004 0.44331374375 0.33442276249999997 0.43677346562499997 0.331699625 0.42805309375 0.33333350781250004 0.4251455703125 0.3360566453125 0.42659823281250003 0.34422605625 0.43241327968750004 0.350216959375 0.44258631406250004 0.3676472328125 0.45494163906249996 0.38398605625000004 0.46002925625 0.387253821875 0.48764523281249994 0.394336175 0.497820465625 0.3954254296875 0.505088175 0.3899791546875 0.5043607437500001 0.381807546875 0.48255761562500005 0.3632902140625 0.4643894421875 0.35239546875 0.4556690703125 0.34368142968750004
1 0.49055275624999994 0.2962966453125 0.483285046875 0.27450935 0.47965009375 0.252179625 0.474564675 0.2456419 0.465116871875 0.2429187625 0.4353208015625 0.2467311546875 0.41279024375000006 0.24727578281249998 0.3909893140625 0.2510903703125 0.38444683749999997 0.255447390625 0.38081408125 0.2592597828125 0.382994175 0.28485946875 0.37936141874999996 0.3066445671875 0.3815415109375 0.3131800953125 0.38444683749999997 0.3159032328125 0.3909893140625 0.31917319375000003 0.4033424421875 0.3208070765625 0.41351767500000003 0.319717821875 0.4353208015625 0.314813978125 0.47747 0.31426935 0.48255761562500005 0.3131800953125 0.49055275624999994 0.3060999390625 0.49055275624999994 0.2962966453125
1 0.4737380765625 0 0.47383724374999997 0.0016334296875000001 0.4767447671875 0.008168959375 0.4861925703125 0.0185190765625 0.4949129421875 0.02396535 0.505088175 0.0277777421875 0.51017359375 0.032134762500000004 0.5181687328125 0.035402526562499995 0.5268891046874999 0.0413934296875 0.550872325 0.050654292187500005 0.5574126046875 0.054466684375 0.5770356390625 0.058823703125 0.5944763843749999 0.06481460624999999 0.6061042796875 0.06481460624999999 0.611919325 0.0631807234375 0.6206396984375 0.055555939062500004 0.6235472203125 0.0501096640625 0.6279074062500001 0.046297271875000004 0.6315401625 0.0386702921875 0.6380804421875 0.0310455078125 0.6460755812500001 0.017974448437500002 0.65479655 0 0.4737380765625 0
1 0.8953490000000001 0.2592597828125 0.88081358125 0.23692786093749998 0.8655529296875001 0.22657993906249999 0.8640980703125001 0.22385680156249999 0.8510175109375 0.23039233124999997 0.8328493375000001 0.23474935000000002 0.8037785 0.24727578281249998 0.7943306984375 0.24945429218749998 0.7776151859375 0.2565366453125 0.7667147203125 0.263072175 0.7412788375 0.2739647234375 0.7347385578125001 0.282134134375 0.7354659890625 0.2892164875 0.74055140625 0.29901978281249997 0.77107490625 0.32461946875000003 0.8023258375 0.3382351546875 0.8132263015625 0.3376905265625 0.8263090578125001 0.334967390625 0.8350294296874999 0.331699625 0.846657325 0.32407484062499997 0.8561051281250001 0.32189633125 0.8662781624999999 0.31426935 0.8677330234375 0.3115462140625 0.8960764296875 0.2903057421875 0.8989817562500001 0.280500253125 0.8989817562500001 0.272330840625 0.8953490000000001 0.2592597828125
1 0.8604653140625 0.49727734999999995 0.8619179765625 0.47875782187500004 0.8568303609375001 0.4537027625 0.8531976046875 0.4471672328125 0.84883741875 0.44389946875 0.8393896156249999 0.44335484062499997 0.8328493375000001 0.44444409531250006 0.7994183140625 0.45751735 0.779070046875 0.46895452656250003 0.7456390234375 0.495098840625 0.7456390234375 0.504902134375 0.747819115625 0.5119822921875 0.755086825 0.515794684375 0.765987290625 0.51797319375 0.78633775625 0.518517821875 0.81831391875 0.5163393109375 0.8277617203125001 0.5141608015625 0.8408422796874999 0.513071546875 0.8553776984375 0.5070806453125 0.8582852203125 0.5038128796875 0.8604653140625 0.49727734999999995
1 0.8190413484375 0.7848582140625 0.8110462093749999 0.78594746875 0.8015984062499999 0.785402840625 0.7943306984375 0.788125978125 0.785610325 0.793572253125 0.7776151859375 0.8011992328125 0.77543509375 0.8088240171875001 0.7797974765625 0.81481491875 0.78633775625 0.8186273109375 0.7921506046875 0.8197165671875 0.8030532671874999 0.8262520953125 0.809593546875 0.8398699781250001 0.81976658125 0.8474947625 0.8306692437500001 0.8502179 0.8422971390624999 0.849673271875 0.846657325 0.8480393906250001 0.8510175109375 0.8409592328125 0.8517449421875 0.8262520953125 0.8459298953125 0.8011992328125 0.8408422796874999 0.7903044875 0.8313944765624999 0.7864920953125 0.8190413484375 0.7848582140625
1 0.9643889421875 0.8387807234375 0.9498557203125 0.8360575859375 0.9164246984375 0.823528959375 0.9098844187499999 0.8224397031249999 0.9011618484374999 0.82298433125 0.889533953125 0.8295198609375 0.8786334890624999 0.8420484874999999 0.8619179765625 0.8540302921875 0.84738475625 0.869826684375 0.8459298953125 0.8796299781249999 0.8495648484375 0.8867101343750001 0.8750007328124999 0.9068635468749999 0.8909888140625 0.927559390625 0.9011618484374999 0.93409491875 0.9178773609374999 0.9319164093750001 0.9324127796875 0.9259255078124999 0.9476734296875 0.922113115625 0.9622088484375 0.9210238609375001 0.9789243609374999 0.91721146875 0.9861920703125 0.9128544484375001 0.989824825 0.9084974296875 0.989824825 0.8992365671875 0.9818318843749999 0.8763622140624999 0.9811044531249999 0.8540302921875 0.9781969296874999 0.8458608796875 0.9643889421875 0.8387807234375
2 0.7250270984375 0 0.724563325 0.002722684375 0.721658 0.03921491875 0.72674341875 0.053922056249999996 0.7412788375 0.074073271875 0.75581425625 0.0866019 0.779070046875 0.1029407234375 0.8008731750000001 0.11655860625 0.809593546875 0.118737115625 0.8175864890625 0.12363876250000001 0.8401170468749999 0.1328974296875 0.853925034375 0.13507593906249998 0.8662781624999999 0.13507593906249998 0.8742733015624999 0.1328974296875 0.8873538609375 0.125817271875 0.8960764296875 0.11710323281249999 0.8989817562500001 0.11165476249999999 0.9033419421875 0.10784237031249999 0.9106096515625 0.092048175 0.913517175 0.0778856640625 0.9098844187499999 0.046297271875000004 0.9033419421875 0.0228760953125 0.9018892796875001 0.011983546874999999 0.9028585359375001 0 0.7250270984375 0
1 0.3960747328125 0.66394433125 0.36918618593749997 0.6459694296875 0.3444777328125 0.637255390625 0.3117741390625 0.629085978125 0.2674426515625 0.62963060625 0.2529072328125 0.6307198609375 0.239826675 0.6334429984375001 0.2063956515625 0.6432462921875 0.1773248140625 0.6584958609375 0.17223939531250002 0.6623104484375 0.1649716859375 0.6710244875 0.1606115 0.6791939 0.1591566390625 0.6873633109374999 0.1511636984375 0.705882840625 0.140988465625 0.7222216640625 0.122820290625 0.742919703125 0.1133724890625 0.7619816640625 0.1133724890625 0.7788673109375 0.1220928609375 0.8011992328125 0.13081323281249999 0.815359546875 0.14607608125 0.8322429984375 0.155523884375 0.83932535 0.1606115 0.8474947625 0.169331871875 0.849673271875 0.1904075703125 0.8643782140624999 0.21584345312500003 0.87472833125 0.23691915156249999 0.88017460625 0.264535128125 0.8834423703125 0.2870634890625 0.8828977421875001 0.3139542328125 0.88017460625 0.328487453125 0.875272959375 0.33793525625 0.875272959375 0.345202965625 0.8709159390625001 0.352470675 0.8703713109375 0.36337113906249996 0.860565821875 0.375726465625 0.8567534296874999 0.390261884375 0.846950134375 0.3997096859375 0.8376914687499999 0.406249965625 0.8333322531249999 0.42441813906250003 0.8088240171875001 0.42659823281250003 0.8017438609375 0.43095841874999996 0.7957507625 0.436046034375 0.783768959375 0.43968098906249997 0.765251625 0.43968098906249997 0.7396519390625 0.43677346562499997 0.724400175 0.42950575625000004 0.704248959375 0.41206501093750003 0.678649271875 0.3960747328125 0.66394433125
5 0.34148889531250004 0.9030401749999999 0.3460314890625 0.9020146062500001 0.3478555578125 0.8968999390624999 0.345580965625 0.8931534296875 0.3405746625 0.890087703125 0.33557495312499996 0.8907684874999999 0.3333003609375 0.8938342140625 0.33193340625 0.8968999390624999 0.3333003609375 0.9006530375 0.336939709375 0.9030401749999999 0.34148889531250004 0.9030401749999999
5 0.0925077671875 0.7132506843749999 0.0919847203125 0.7187738218749999 0.0982986390625 0.722717978125 0.10303023281250001 0.72389946875 0.1072387796875 0.722717978125 0.1098759890625 0.719564409375 0.1098759890625 0.71601335 0.10671573281249999 0.71206919375 0.1014545 0.7112808015625001 0.0925077671875 0.7132506843749999
5 0.06619940625000001 0.7404622921875 0.0693530703125 0.7392808015625 0.0719836859375 0.734548253125 0.0693530703125 0.7290295078125 0.06356879062500001 0.727843625 0.0577757203125 0.72942260625 0.05409241875 0.7325761749999999 0.0546220578125 0.7373087234375 0.0604063375 0.7404622921875 0.06619940625000001 0.7404622921875
5 0.043044709375000004 0.8615408796875 0.04725325625 0.857989821875 0.04672141875 0.8520757828125 0.0425150703125 0.8485247234375001 0.03199040625 0.8504946062500001 0.0309377203125 0.8552293499999999 0.0309377203125 0.858780409375 0.036728593749999996 0.8611433906249999 0.043044709375000004 0.8615408796875
2 0.579940965625 0.42701601718750004 0.5610475578125 0.4221143703125 0.54069709375 0.42102291875000003 0.5232563484375 0.42592676249999994 0.5109010234375 0.4346408015625 0.4963656046875 0.44771186093750004 0.481832384375 0.4722222921875 0.4803775234375 0.47821319375 0.481104953125 0.5000004875 0.4890978953125 0.51797319375 0.51017359375 0.542483625 0.5247090109375 0.5560993109375 0.527616534375 0.5615477828125 0.5385169999999999 0.5735295859375 0.55305241875 0.5838775078125 0.5792157328124999 0.6122003312500001 0.5843033484375 0.6154680953125 0.622819790625 0.65196033125 0.63372025625 0.6655782140625 0.6380804421875 0.66830135 0.6526158609375 0.6830062921875 0.656976046875 0.689541821875 0.6824119296875 0.7118737421875 0.687499546875 0.7200431546875 0.694039825 0.724400175 0.698402209375 0.7336610375 0.7078478140625 0.7401965671874999 0.7151155234375 0.7505444875 0.7260181859375 0.758169271875 0.7529067328125 0.7723317828125 0.7688948140625 0.7766888015625 0.785610325 0.7788673109375 0.7957855578124999 0.782679703125 0.8132263015625 0.78322433125 0.8175864890625 0.7821350765624999 0.8408422796874999 0.7815904484375 0.846657325 0.778322684375 0.8604653140625 0.7739656640625 0.8779060578125 0.765251625 0.886628628125 0.755446134375 0.889533953125 0.742919703125 0.889533953125 0.7320271546875 0.8873538609375 0.7238555468750001 0.88081358125 0.7107844875 0.8648255 0.69172033125 0.81976658125 0.64923719375 0.78779041875 0.6029416640624999 0.7616271046875001 0.577341978125 0.75726691875 0.5708064484375 0.6969473484375001 0.515794684375 0.6700588015625 0.49727734999999995 0.6686039421875 0.4940095859375 0.6620636625 0.48801648750000004 0.6598835703125 0.4825702140625 0.6453481515624999 0.473856175 0.6344476859375 0.4591512328125 0.6199122671875 0.44771186093750004 0.6090118015625 0.44335484062499997 0.60319675625 0.4379085671875 0.5973839062499999 0.436274684375 0.5893887671875 0.430828409375 0.579940965625 0.42701601718750004
1 1 0.199891459375 0.9941850109375 0.1966232328125 0.9869195 0.19498935 0.9774716984375 0.19498935 0.967296465625 0.1917215859375 0.95857609375 0.19063233125 0.9389530578124999 0.191176959375 0.8953490000000001 0.1971678609375 0.8786334890624999 0.195533978125 0.8720932093749999 0.19771248749999998 0.8670055937500001 0.20479264531250002 0.8670055937500001 0.21023891875 0.870640546875 0.22276754687500003 0.8764533953125 0.23039233124999997 0.8815410109374999 0.23474935000000002 0.9011618484374999 0.2603490375 0.9084295578124999 0.263072175 0.9258725 0.27614323281250003 0.9338654421875001 0.27995562500000004 0.9411331515624999 0.2854040953125 0.961483615625 0.2930288796875 0.9760168374999999 0.292484253125 0.99200491875 0.28649335 1 0.279835396875 1 0.199891459375
0 1 0.0087135859375 0.9883721624999999 0.0087135859375 0.9709292203125001 0.01143891875 0.9629362796875001 0.0157959390625 0.951308384375 0.0337686453125 0.9469481984374999 0.0457526453125 0.9454933375 0.06209146875 0.9469481984374999 0.0659038609375 0.951308384375 0.0664484875 0.9622088484375 0.0746179 0.9702039890625 0.0746179 0.9774716984375 0.0773410375 0.9861920703125 0.0778856640625 0.9949124421875 0.076796409375 1 0.0729840609375 1 0.0087135859375
4 0.31831441875 0.3801736640625 0.32340203437500004 0.374727390625 0.330667546875 0.35893319375 0.33212240625 0.347493821875 0.3299423140625 0.342592175 0.321947175 0.3431368015625 0.3154068953125 0.34150291875 0.2797957796875 0.34150291875 0.2456395234375 0.3453153109375 0.2296514421875 0.34477068437499997 0.21511602343749997 0.3485830765625 0.188952709375 0.349127703125 0.156976546875 0.35348691875 0.1286331390625 0.354031546875 0.087209175 0.36056707656250003 0.0697684296875 0.36056707656250003 0.06250072031250001 0.362200959375 0.0392449296875 0.363834840625 0.0341573140625 0.366557978125 0.0319772203125 0.374727390625 0.0450577796875 0.38398605625000004 0.047237871875 0.3894345265625 0.054505581250000004 0.39814856718749997 0.079941465625 0.41666590000000003 0.092296790625 0.430828409375 0.1111923953125 0.44607797812500005 0.1220928609375 0.4591512328125 0.137355709375 0.4722222921875 0.1446212203125 0.4765793109375 0.163516825 0.49727734999999995 0.1809597671875 0.5092591546875 0.188952709375 0.5196070765624999 0.19622041875000001 0.5245087234375 0.1976752796875 0.52723405625 0.21511602343749997 0.540305115625 0.22311116250000002 0.5397604874999999 0.2296514421875 0.5343142140625 0.2361917203125 0.520151703125 0.248547046875 0.5038128796875 0.27107540625 0.465142134375 0.276890453125 0.45043499843749996 0.3023263375 0.41230887968749996 0.31831441875 0.3801736640625
4 0.33212240625 0.2962966453125 0.3299423140625 0.27450935 0.3328498375 0.259804409375 0.3328498375 0.228213821875 0.328487453125 0.22494605625 0.32049451093750003 0.22440142968750001 0.2979661515625 0.2293030765625 0.2827033015625 0.23583860625000003 0.276890453125 0.2396509984375 0.26017494218750004 0.24455264531249998 0.239826675 0.254358134375 0.2223837328125 0.259804409375 0.21875097656250003 0.262527546875 0.199855371875 0.26960770312500004 0.19404032499999999 0.2739647234375 0.19549518593749998 0.2826787625 0.19912794218750002 0.2854040953125 0.21802354687499997 0.2908503703125 0.2521798015625 0.309367703125 0.26235503437499996 0.312090840625 0.2848833953125 0.322440959375 0.292878534375 0.32407484062499997 0.3052316625 0.332244253125 0.3212219421875 0.336601271875 0.329214884375 0.336601271875 0.33212240625 0.3311549984375 0.33212240625 0.2962966453125
5 0.849826371875 0.82047860625 0.8516416515625 0.8249124875 0.8561908375 0.8279782140625 0.8625575 0.8276422140624999 0.8648320937499999 0.823889115625 0.8634673375 0.819797821875 0.8589181515625001 0.8167320953124999 0.8507340109375001 0.8163895078125 0.849826371875 0.82047860625
5 0.6885830000000001 0.746007390625 0.6896796390625 0.7494552328124999 0.6929651625 0.752086134375 0.69779125625 0.7529074687499999 0.7026173484375 0.752086134375 0.7050281984375 0.7507728796875 0.7056896984375001 0.7476478609375 0.7056896984375001 0.74518605625 0.7039315578124999 0.742058840625 0.700646034375 0.7404183703125 0.6940618015625 0.7405830765625 0.6894620703125 0.7422279390625001 0.6885830000000001 0.746007390625