1 0.4292674390625 0.5097564640625001 0.4292674390625 0.526829025 0.43658573125 0.5341473171875 0.45122024375 0.5365853656249999 0.4682928046875 0.529269146875 0.4682928046875 0.5121945125 0.4292674390625 0.5097564640625001
1 0.5926830484375001 0.4073169515625 0.5902429265625 0.38780426874999996 0.5682921953125 0.38536621875 0.5536576828124999 0.390244390625 0.551219634375 0.404878903125 0.558535853125 0.41219512187499996 0.5829267078125 0.4146331703125 0.5926830484375001 0.4073169515625
1 0.739024025 0.6853664640625 0.7073169515625 0.712195365625 0.704878903125 0.726829878125 0.7317078046875001 0.741464390625 0.7560965859375 0.734146096875 0.770731096875 0.7146334140625 0.77560926875 0.6780481703125 0.7634148781250001 0.6756101218749999 0.739024025 0.6853664640625
1 0.7439021953125 0.56341426875 0.7414641468750001 0.5463417078125 0.7097570734375 0.5463417078125 0.704878903125 0.5512198781250001 0.704878903125 0.56341426875 0.7170732921875 0.5707325609375 0.7414641468750001 0.5682924390624999 0.7439021953125 0.56341426875
1 0.770731096875 1 0.770731096875 0.9780484140624999 0.739024025 0.9682920734374999 0.726829634375 0.9707321953125 0.7219514640625 0.997561096875 0.7243903656249999 1 0.770731096875 1
1 0.61219573125 0.6878045125 0.61463378125 0.7048770734375001 0.62683024375 0.7073171953124999 0.646340853125 0.7048770734375001 0.653659146875 0.6951228046875 0.646340853125 0.6829263421875 0.61219573125 0.6878045125
1 0.4682928046875 0.48536560937499995 0.4658526828125 0.45365853593749994 0.45122024375 0.434145853125 0.42195121875 0.439024025 0.426829390625 0.4658529265625 0.4463420734375 0.5024381703125 0.45853646406250004 0.5073163421875 0.4682928046875 0.48536560937499995
1 0.4609765859375 0.8097567078125 0.45853646406250004 0.800000365625 0.4195131703125 0.800000365625 0.414635 0.8048785359374999 0.41707304843750004 0.8195130484375 0.4292674390625 0.82439121875 0.44878012187499994 0.8219510968750001 0.4609765859375 0.8097567078125
1 0.792683903125 0.7756095125 0.7951219515625 0.7634151218749999 0.7902437812499999 0.7560968296875 0.7560965859375 0.7560968296875 0.7536585359375 0.7658531703125 0.76097475625 0.7780496343750001 0.785365609375 0.7804876828125 0.792683903125 0.7756095125
1 0.20243975625 0.6878045125 0.20243975625 0.660975609375 0.185365121875 0.6414629265625 0.17317073125 0.6414629265625 0.15122 0.653659390625 0.13414536562499998 0.690244634375 0.13414536562499998 0.7048770734375001 0.1439017078125 0.7195115859375 0.17317073125 0.7219517078125001 0.1951214640625 0.7048770734375001 0.20243975625 0.6878045125
1 0.060974878125 0.6853664640625 0.060974878125 0.6658537812499999 0.048780487500000004 0.653659390625 0.039024146875 0.6341467078125 0.0195114640625 0.6341467078125 0.009755121875 0.6585375609375 0.009755121875 0.7073171953124999 0.0170734140625 0.7195115859375 0.034145975 0.72438975625 0.063415 0.712195365625 0.0682931703125 0.700000975 0.060974878125 0.6853664640625
1 0.3230360046875 1 0.3219518296875 0.9951209750000001 0.3073173171875 0.9878047562500001 0.2853665859375 0.9926829265625001 0.278048625 1 0.3230360046875 1
1 0.624390121875 0.229268903125 0.6560971953125 0.236585121875 0.6951225609375 0.23414707343750002 0.7317078046875001 0.21219426874999997 0.7487803656249999 0.19268365781250002 0.7634148781250001 0.16341463437499998 0.7682930484375 0.1292674390625 0.7634148781250001 0.10000048749999998 0.7414641468750001 0.060975121875 0.7292676828125 0.0658532921875 0.690244390625 0.12438926875 0.639024634375 0.185365365625 0.6195119515624999 0.21463439062499998 0.624390121875 0.229268903125
1 0.415548709375 0 0.4048786578125 0.05121878125 0.36341524375 0.08536597500000001 0.35365890312500003 0.10000048749999998 0.35365890312500003 0.13902378124999998 0.38536597499999997 0.175609025 0.4097568296875 0.1902435359375 0.4317075609375 0.19268365781250002 0.4536582921875 0.1829273171875 0.507316096875 0.1024385359375 0.5317069515624999 0.0292680484375 0.5317069515624999 0 0.415548709375 0
1 0.397560365625 0.6926826828125 0.41219487812500005 0.72438975625 0.44390195156249995 0.760975 0.48292731718750004 0.7658531703125 0.499999878125 0.7585369515625 0.5195125609375 0.7390242687499999 0.52439073125 0.7292679265625 0.5195125609375 0.7048770734375001 0.48048719531249995 0.6682918296875 0.485365365625 0.646341096875 0.48292731718750004 0.6268284140625 0.45853646406250004 0.6073178046875001 0.43414560937499996 0.6073178046875001 0.41219487812500005 0.6195121953125 0.397560365625 0.6414629265625 0.397560365625 0.6926826828125
1 0.648780975 0.2853668296875 0.6341464640625001 0.287804878125 0.61463378125 0.30243939062499997 0.61219573125 0.32683024375 0.6317063421875 0.3560971953125 0.6609753656249999 0.3707317078125 0.690244390625 0.3707317078125 0.7073169515625 0.3634154875 0.726829634375 0.3414626828125 0.7414641468750001 0.31219573125 0.7439021953125 0.2829267078125 0.734145853125 0.2560978046875 0.7146331703125 0.23414707343750002 0.7024387812499999 0.2317069515625 0.690244390625 0.236585121875 0.648780975 0.2853668296875
1 0.34146243906249996 0.2804886578125 0.3585370734375 0.287804878125 0.4317075609375 0.2926830484375 0.44878012187499994 0.2804886578125 0.45122024375 0.2463414640625 0.43414560937499996 0.2048780484375 0.3560969515625 0.1585364640625 0.33414621875 0.1585364640625 0.309755365625 0.170730853125 0.302439146875 0.185365365625 0.302439146875 0.199999878125 0.324389878125 0.2414632921875 0.3317081703125 0.2707323171875 0.34146243906249996 0.2804886578125
1 0.2243904875 0.5463417078125 0.20731792656249998 0.573170609375 0.21707219531250002 0.5975614640625 0.24634121874999998 0.6268284140625 0.2780482921875 0.6414629265625 0.2951229265625 0.6414629265625 0.3146335359375 0.6317065859375 0.3365863421875 0.5999995124999999 0.3439025609375 0.529269146875 0.3365863421875 0.5024381703125 0.3170736578125 0.47560926875 0.29999902500000003 0.4682930484375 0.2804884140625 0.4682930484375 0.2707320734375 0.47560926875 0.25365951249999996 0.521950853125 0.2243904875 0.5463417078125
1 0 0.148780121875 0.034145975 0.148780121875 0.11219463437499999 0.1560984140625 0.1170728046875 0.15122024375 0.11219463437499999 0.1292674390625 0.0926819515625 0.10487865781250001 0.0170734140625 0.060975121875 8.531250000000001e-7 0.0439025609375 0 0.0439022640625 0 0.148780121875
1 0.9048776828125 0 0.9048776828125 0.0414624390625 0.9390248781249999 0.10000048749999998 0.9536593906249999 0.114635 0.9658537812500001 0.1195131703125 0.997560853125 0.1170730484375 1 0.116134965625 1 0 0.9048776828125 0
1 0.8414635359375 0.2414632921875 0.8682924390625001 0.2487795125 0.912195975 0.2463414640625 0.9195121953125 0.23902524375 0.917074146875 0.2170724390625 0.8707325609375 0.14390195156250002 0.8097564640625 0.0707314640625 0.79756 0.0658532921875 0.78780573125 0.0682934140625 0.77317121875 0.1024385359375 0.770731096875 0.13902378124999998 0.778049390625 0.175609025 0.7951219515625 0.2048780484375 0.8414635359375 0.2414632921875
1 0.5463414640625001 0.787803903125 0.6048774390625 0.8195130484375 0.6365845125 0.8682926828124999 0.6609753656249999 0.8707307312499999 0.67316975625 0.865854634375 0.7024387812499999 0.8317074390625001 0.7170732921875 0.79756024375 0.7195113421875 0.7634151218749999 0.712195121875 0.7439024390625 0.67316975625 0.726829878125 0.61219573125 0.712195365625 0.573170365625 0.712195365625 0.551219634375 0.72438975625 0.529268903125 0.748780609375 0.529268903125 0.7731714640625 0.5463414640625001 0.787803903125
1 0.4902435359375 0.965854025 0.4902435359375 0.9414631703125 0.4658526828125 0.8951215859375001 0.4317075609375 0.8560982921875 0.4048786578125 0.8512201218750001 0.39268219531250004 0.8804870734374999 0.39268219531250004 0.9073180484375 0.4048786578125 0.9414631703125 0.42195121875 0.9585357312499999 0.45853646406250004 0.9731702437499999 0.485365365625 0.9707321953125 0.4902435359375 0.965854025
1 0.5707323171875001 0.5926832921875 0.573170365625 0.6341467078125 0.5804886578125 0.646341096875 0.595121096875 0.653659390625 0.6585373171875 0.64878121875 0.6682936578125 0.6414629265625 0.6682936578125 0.6170741468750001 0.6317063421875 0.5512198781250001 0.6195119515624999 0.5024381703125 0.609755609375 0.49024378124999995 0.5902429265625 0.49024378124999995 0.5560978046875 0.5121945125 0.5439034140625 0.5341473171875 0.5439034140625 0.54877975625 0.5707323171875001 0.5926832921875
1 0.65414731875 0 0.6658535359375 0.009755365625 0.697560609375 0.0170736578125 0.704878903125 0.009755365625 0.704878903125 0 0.65414731875 0
1 0 0.4975568703125 8.531250000000001e-7 0.49756 0.01219524375 0.514634634375 0.024389634375 0.5195128046875 0.0560967078125 0.514634634375 0.0731713421875 0.500000121875 0.0951220734375 0.45365853593749994 0.11463475625 0.4292676828125 0.11951292656250001 0.40000073125 0.10731646406249999 0.38780426874999996 0.07073121875 0.3682936578125 0 0.35154036093749996 0 0.4975568703125
1 0.92527624375 1 0.9219502437499999 0.997561096875 0.8951213421875 0.990244878125 0.887805121875 0.9951209750000001 0.8871078640625001 1 0.92527624375 1
1 0.8533716859375 1 0.8463417078125 0.9829265859375 0.836585365625 0.9731702437499999 0.8170726828125 0.9731702437499999 0.8073163421875 0.990244878125 0.8073163421875 1 0.8533716859375 1
1 0.59756121875 0.875608903125 0.5707323171875001 0.873170853125 0.529268903125 0.8999997562500001 0.51219426875 0.9317068296875 0.5170724390625 0.960975853125 0.536585121875 0.9707321953125 0.5487795125 0.9707321953125 0.6073175609375 0.9317068296875 0.61219573125 0.8999997562500001 0.59756121875 0.875608903125
1 0.423984175 1 0.426829390625 0.997561096875 0.4292674390625 0.9829265859375 0.414635 0.9560976828125 0.40243853593749995 0.9512195125 0.3951223171875 0.9707321953125 0.3951223171875 1 0.423984175 1
1 0.37680620781249996 1 0.360975121875 0.8951215859375001 0.360975121875 0.8585363421875 0.35121878125 0.84878 0.3317081703125 0.84878 0.324389878125 0.8609764640625001 0.324389878125 0.8975617078125 0.3317081703125 0.9268286578125 0.339024390625 0.9317068296875 0.3439025609375 0.9463413421875 0.3365863421875 0.9926829265625001 0.3371958390625 1 0.37680620781249996 1
1 0.10731646406249999 0.9317068296875 0.0829276828125 0.8707307312499999 0.06585304843749999 0.8682926828124999 0.0585368296875 0.8585363421875 0.0439023171875 0.8560982921875 0.039024146875 0.8609764640625001 0.048780487500000004 0.8707307312499999 0.08048756093750001 0.960975853125 0.090243903125 0.9731702437499999 0.097560121875 0.9731702437499999 0.10731646406249999 0.9536575609375 0.10731646406249999 0.9317068296875
1 0 0.7807201140625 0.024389634375 0.785365853125 0.06585304843749999 0.7658531703125 0.0780495125 0.7512186578125 0.08536573125 0.726829878125 0.0951220734375 0.7219517078125001 0.08048756093750001 0.7219517078125001 0.046342439062500004 0.734146096875 8.531250000000001e-7 0.760975 0 0.7609750953125001 0 0.7807201140625
1 0.087805853125 0.7926820734375 0.0951220734375 0.800000365625 0.11463475625 0.8024384140624999 0.12439109687500001 0.7926820734375 0.12439109687500001 0.7780496343750001 0.11219463437499999 0.741464390625 0.097560121875 0.734146096875 0.087805853125 0.7658531703125 0.087805853125 0.7926820734375
1 0.16117121875 0.9274879265625 0.183976096875 0.982609390625 0.2210236578125 0.99875524375 0.16685378125 0.8828297562499999 0.16117121875 0.9274879265625
1 0.13551158593749998 0.9540970734374999 0.1402674390625 0.9417554875 0.13551158593749998 0.9312921953125001 0.1269514640625 0.9312921953125001 0.1202924390625 0.936999634375 0.11934085312500001 0.948389634375 0.1279030484375 0.9550486578124999 0.13551158593749998 0.9540970734374999
1 0.1478531703125 0.9997068296875 0.157364878125 0.9997068296875 0.157364878125 0.990195121875 0.1516595125 0.9778535359375 0.1402674390625 0.9797567078125 0.132658903125 0.98736524375 0.13455999999999999 0.9930478046875001 0.1478531703125 0.9997068296875
1 0.096560853125 0.8657323171875 0.1003423171875 0.8600248781250001 0.10129182968749999 0.8543423171875 0.0899018296875 0.843879025 0.0813417078125 0.8476832921874999 0.0813417078125 0.8543423171875 0.08895024375 0.86478073125 0.096560853125 0.8657323171875
1 0 0.912194146875 0.024389634375 0.912194146875 0.026829756249999996 0.887805365625 0.0073170734375 0.8634145125 0 0.8451218296875 0 0.912194146875
1 0.251219390625 0.8414637812500001 0.24878134218749998 0.8682926828124999 0.26341378125000003 0.9268286578125 0.27561024375 0.9243906093750001 0.2951229265625 0.8999997562500001 0.3048771953125 0.8097567078125 0.2951229265625 0.8048785359374999 0.273170121875 0.8097567078125 0.251219390625 0.8414637812500001
1 0.6439028046875 0.9048779265625001 0.6341464640625001 0.9170723171875 0.6341464640625001 0.9268286578125 0.646340853125 0.9439032921875 0.67316975625 0.960975853125 0.712195121875 0.9707321953125 0.7219514640625 0.965854025 0.7317078046875001 0.9414631703125 0.736585975 0.8975617078125 0.726829634375 0.865854634375 0.7097570734375 0.8536581703125 0.68780426875 0.8634145125 0.68536621875 0.873170853125 0.6682936578125 0.8902434140625 0.6439028046875 0.9048779265625001
1 0.7829275609375 0.8902434140625 0.778049390625 0.9048779265625001 0.7958537812500001 0.9192678046875 0.810730853125 0.925365 0.8170726828125 0.9317068296875 0.826829025 0.9390251218750001 0.8317071953124999 0.909756096875 0.824390975 0.8999997562500001 0.8048782921875001 0.887805365625 0.7829275609375 0.8902434140625
1 0.8902431703125 0.9317068296875 0.8887795125 0.929024146875 0.8797570734375 0.9217079265624999 0.8741470734375 0.9170723171875 0.8560980484374999 0.912194146875 0.836585365625 0.936585 0.8414635359375 0.9585357312499999 0.86341426875 0.9707321953125 0.8780487812500001 0.9707321953125 0.8951213421875 0.9560976828125 0.8902431703125 0.9317068296875
1 0.93658475625 0.8707307312499999 0.912195975 0.8536581703125 0.873170609375 0.8536581703125 0.8682924390625001 0.8609764640625001 0.8707325609375 0.8951215859375001 0.8902431703125 0.936585 0.9317065859375001 0.9682920734374999 0.9512192687500001 0.9731702437499999 0.9707319515625 0.965854025 0.9707319515625 0.9195124390625 0.93658475625 0.8707307312499999
1 0.4975618296875 0.8268292687500001 0.50975621875 0.8268292687500001 0.52439073125 0.79756024375 0.52439073125 0.7829278046875 0.50975621875 0.7829278046875 0.478049146875 0.8024384140624999 0.48048719531249995 0.8170729265625001 0.4975618296875 0.8268292687500001
1 0.3658532921875 0.7560968296875 0.3658532921875 0.7439024390625 0.34878073125000003 0.72438975625 0.33414621875 0.7219517078125001 0.2829264640625 0.7658531703125 0.2780482921875 0.7804876828125 0.29024475625 0.79756024375 0.302439146875 0.8048785359374999 0.3170736578125 0.8048785359374999 0.3585370734375 0.7682932921875001 0.3658532921875 0.7560968296875
1 0.25853560937500003 0.7292679265625 0.239025 0.7365862187500001 0.2048778046875 0.7634151218749999 0.1902432921875 0.7829278046875 0.1926834140625 0.8024384140624999 0.2243904875 0.8268292687500001 0.24878134218749998 0.82439121875 0.26097573125 0.8048785359374999 0.273170121875 0.7463404875 0.25853560937500003 0.7292679265625
1 0.0829276828125 0.6243903656249999 0.06585304843749999 0.6341467078125 0.06585304843749999 0.653659390625 0.0731713421875 0.6585375609375 0.090243903125 0.6560974390625 0.12926926875 0.6317065859375 0.1365854875 0.614634025 0.11951292656250001 0.612195975 0.0829276828125 0.6243903656249999
1 0.2804884140625 0.653659390625 0.2780482921875 0.646341096875 0.239025 0.6268284140625 0.22682853593750002 0.6341467078125 0.2317067078125 0.6560974390625 0.2439031703125 0.6634136578125001 0.26097573125 0.6634136578125001 0.2804884140625 0.653659390625
1 0.297560975 0.70975524375 0.324389878125 0.7146334140625 0.34878073125000003 0.700000975 0.35121878125 0.6829263421875 0.31219548750000004 0.6560974390625 0.29268280468749996 0.65121926875 0.2829264640625 0.6585375609375 0.2804884140625 0.6878045125 0.297560975 0.70975524375
1 0.3707314640625 0.6878045125 0.360975121875 0.6975608531249999 0.3585370734375 0.70975524375 0.38536597499999997 0.7560968296875 0.397560365625 0.7682932921875001 0.42195121875 0.7682932921875001 0.4292674390625 0.760975 0.4292674390625 0.748780609375 0.38536597499999997 0.690244634375 0.3707314640625 0.6878045125
1 0.6804880484375 0.6853664640625 0.6658535359375 0.700000975 0.6634154875 0.7146334140625 0.6804880484375 0.7170735359375 0.697560609375 0.712195365625 0.7170732921875 0.690244634375 0.7170732921875 0.6780481703125 0.6951225609375 0.6780481703125 0.6804880484375 0.6853664640625
1 0.829269146875 0.75365878125 0.8487797562500001 0.7292679265625 0.86097621875 0.700000975 0.8585360968750001 0.6756101218749999 0.8341473171875 0.6585375609375 0.8195128046875 0.6634136578125001 0.800000121875 0.702439025 0.7804874390625 0.726829878125 0.785365609375 0.7390242687499999 0.8170726828125 0.760975 0.8317071953124999 0.7585369515625 0.829269146875 0.75365878125
1 0.9268284140624999 0.5536579265625 0.912195975 0.56097621875 0.887805121875 0.6634136578125001 0.8951213421875 0.6975608531249999 0.912195975 0.7292679265625 0.924390365625 0.726829878125 0.9707319515625 0.65121926875 0.9682918296875 0.612195975 0.9512192687500001 0.5707325609375 0.9268284140624999 0.5536579265625
1 1 0.6447153296875 0.990244634375 0.6414629265625 0.9756101218750001 0.64878121875 0.9756101218750001 0.6658537812499999 0.9951228046875 0.6853664640625 1 0.682927175 1 0.6447153296875
1 0.8560980484374999 0.5463417078125 0.8463417078125 0.5512198781250001 0.826829025 0.62195024375 0.8317071953124999 0.6414629265625 0.8560980484374999 0.6341467078125 0.8829269515625 0.614634025 0.8951213421875 0.5975614640625 0.8902431703125 0.573170609375 0.8682924390625001 0.5512198781250001 0.8560980484374999 0.5463417078125
1 0.7195113421875 0.6756101218749999 0.7195113421875 0.6658537812499999 0.7414641468750001 0.65121926875 0.7487803656249999 0.6317065859375 0.7414641468750001 0.5999995124999999 0.712195121875 0.573170609375 0.6926824390624999 0.573170609375 0.6682936578125 0.5926832921875 0.6658535359375 0.62195024375 0.6707317078125 0.63658475625 0.6951225609375 0.660975609375 0.7097570734375 0.6634136578125001 0.7195113421875 0.6756101218749999
1 0.5682921953125 0.6292685359375 0.565854146875 0.612195975 0.551219634375 0.6048776828125 0.5341470734375 0.6073178046875001 0.514634390625 0.6268284140625 0.5195125609375 0.6414629265625 0.50975621875 0.6560974390625 0.50975621875 0.6658537812499999 0.536585121875 0.6804882921875001 0.5487795125 0.6756101218749999 0.5682921953125 0.6292685359375
1 0.1829270734375 0.5390234140625 0.1804869515625 0.5560980484375 0.1902432921875 0.565854390625 0.20243975625 0.5682924390624999 0.2243904875 0.5512198781250001 0.22682853593750002 0.5317071953125 0.21951231718750003 0.524390975 0.20975597499999998 0.524390975 0.1829270734375 0.5390234140625
1 0.08048756093750001 0.565854390625 0.0951220734375 0.585365 0.11219463437499999 0.585365 0.126829146875 0.573170609375 0.12926926875 0.5536579265625 0.11951292656250001 0.5390234140625 0.097560121875 0.5390234140625 0.08048756093750001 0.5512198781250001 0.08048756093750001 0.565854390625
1 0.178048903125 0.46097475625 0.1609763421875 0.46097475625 0.1365854875 0.47560926875 0.1414636578125 0.48780573125000004 0.2048778046875 0.5097564640625001 0.2292686578125 0.529269146875 0.239025 0.529269146875 0.24878134218749998 0.5195128046875 0.24878134218749998 0.49024378124999995 0.239025 0.48048743906249997 0.178048903125 0.46097475625
1 0.35365890312500003 0.49756 0.3585370734375 0.47560926875 0.346340609375 0.45853670781250006 0.3219518296875 0.45853670781250006 0.3195117078125 0.47317121875 0.32683 0.48780573125000004 0.339024390625 0.500000121875 0.35365890312500003 0.49756
1 0.47073085312499996 0.492683903125 0.4951217078125 0.524390975 0.5170724390625 0.524390975 0.5195125609375 0.5097564640625001 0.50975621875 0.48780573125000004 0.4878054875 0.4560965859375 0.47317097500000005 0.4560965859375 0.4682928046875 0.46097475625 0.47073085312499996 0.492683903125
1 0.52682878125 0.5682924390624999 0.5414632921875 0.5585360968749999 0.5487795125 0.5121945125 0.5414632921875 0.5073163421875 0.52682878125 0.5073163421875 0.5195125609375 0.5170726828125 0.514634390625 0.5585360968749999 0.52682878125 0.5682924390624999
1 0.485365365625 0.5829269515625 0.499999878125 0.5975614640625 0.52439073125 0.5951213421875 0.5341470734375 0.585365 0.5341470734375 0.5707325609375 0.50244 0.5560980484375 0.4926836578125 0.5585360968749999 0.485365365625 0.5682924390624999 0.485365365625 0.5829269515625
1 0.6439028046875 0.5463417078125 0.6439028046875 0.573170609375 0.6585373171875 0.587805121875 0.6780479265625 0.587805121875 0.697560609375 0.565854390625 0.7073169515625 0.5439015859375 0.7000007312500001 0.5170726828125 0.67316975625 0.5170726828125 0.6439028046875 0.5463417078125
1 0.736585975 0.5926832921875 0.7439021953125 0.602439634375 0.76097475625 0.6073178046875001 0.770731096875 0.5999995124999999 0.778049390625 0.587805121875 0.778049390625 0.5707325609375 0.7682930484375 0.565854390625 0.739024025 0.573170609375 0.736585975 0.5926832921875
1 0.9268284140624999 0.5317071953125 0.9634136578125 0.5048782921875 0.9804882921875 0.500000121875 0.9926826828124999 0.4682930484375 0.9926826828124999 0.4463423171875 0.9756101218750001 0.439024025 0.94878121875 0.441464146875 0.8902431703125 0.4658529265625 0.8536579265625001 0.5024381703125 0.851219878125 0.526829025 0.8658543906249999 0.5365853656249999 0.9268284140624999 0.5317071953125
1 0.97317 0.360975365625 0.9463410968750001 0.35853731718750004 0.9268284140624999 0.3634154875 0.9219502437499999 0.37316975625 0.9219502437499999 0.40243878125 0.93658475625 0.42682963437500004 0.9512192687500001 0.4243895125 0.9536593906249999 0.390244390625 0.9756101218750001 0.3707317078125 0.97317 0.360975365625
1 0.8317071953124999 0.4658529265625 0.8560980484374999 0.46097475625 0.8707325609375 0.4512204875 0.8707325609375 0.441464146875 0.86341426875 0.434145853125 0.8097564640625 0.43170780468750003 0.8048782921875001 0.436585975 0.8048782921875001 0.4512204875 0.8317071953124999 0.4658529265625
1 0.7414641468750001 0.3341464640625 0.7463423171875 0.3634154875 0.7439021953125 0.39756060937500004 0.739024025 0.40243878125 0.7439021953125 0.41219512187499996 0.7439021953125 0.45365853593749994 0.7536585359375 0.46097475625 0.7804874390625 0.46097475625 0.79756 0.44878036562499996 0.8024381703125 0.31463378125 0.79756 0.263414025 0.7902437812499999 0.236585121875 0.7512204875 0.2317069515625 0.7439021953125 0.23902524375 0.7463423171875 0.30731756093749996 0.7414641468750001 0.3341464640625
1 0.8780487812500001 0.3341464640625 0.8780487812500001 0.3414626828125 0.8926832921875001 0.3560971953125 0.909755853125 0.3634154875 0.9414629265625001 0.360975365625 0.9585375609375 0.3414626828125 0.9463410968750001 0.3317063421875 0.9219502437499999 0.32683024375 0.8902431703125 0.32683024375 0.8780487812500001 0.3341464640625
1 0.690244390625 0.439024025 0.697560609375 0.4512204875 0.7170732921875 0.46097475625 0.7317078046875001 0.46097475625 0.7414641468750001 0.44878036562499996 0.7414641468750001 0.4097570734375 0.734145853125 0.40000073125 0.7170732921875 0.404878903125 0.690244390625 0.439024025
1 0.6609753656249999 0.42195146406250006 0.67316975625 0.43170780468750003 0.697560609375 0.4292676828125 0.7170732921875 0.4073169515625 0.7146331703125 0.390244390625 0.697560609375 0.37316975625 0.6658535359375 0.37316975625 0.6560971953125 0.390244390625 0.6609753656249999 0.42195146406250006
1 0.6682936578125 0.44878036562499996 0.6682936578125 0.46097475625 0.6756098781250001 0.47317121875 0.7097570734375 0.49512195156249994 0.7243895124999999 0.48780573125000004 0.7243895124999999 0.47317121875 0.7170732921875 0.46097475625 0.690244390625 0.44390219531249997 0.67316975625 0.44390219531249997 0.6682936578125 0.44878036562499996
1 0.639024634375 0.46097475625 0.639024634375 0.434145853125 0.6292682921874999 0.4292676828125 0.5902429265625 0.43170780468750003 0.5926830484375001 0.4682930484375 0.59999926875 0.47560926875 0.6317063421875 0.47560926875 0.639024634375 0.46097475625
1 0.62683024375 0.404878903125 0.639024634375 0.3926824390625 0.639024634375 0.3707317078125 0.6317063421875 0.3634154875 0.6024393906250001 0.375609878125 0.6024393906250001 0.38780426874999996 0.61463378125 0.404878903125 0.62683024375 0.404878903125
1 0.5195125609375 0.48536560937499995 0.52682878125 0.5048782921875 0.5439034140625 0.5073163421875 0.558535853125 0.48536560937499995 0.558535853125 0.44390219531249997 0.5536576828124999 0.4292676828125 0.536585121875 0.4243895125 0.52439073125 0.436585975 0.5195125609375 0.48536560937499995
1 0.4463420734375 0.42195146406250006 0.45853646406250004 0.441464146875 0.478049146875 0.4512204875 0.4926836578125 0.4512204875 0.499999878125 0.441464146875 0.4975618296875 0.4146331703125 0.4536582921875 0.39756060937500004 0.4463420734375 0.404878903125 0.4463420734375 0.42195146406250006
1 0.3804878046875 0.4292676828125 0.3804878046875 0.4073169515625 0.3731715859375 0.40000073125 0.339024390625 0.39756060937500004 0.3195117078125 0.40243878125 0.309755365625 0.4146331703125 0.31219548750000004 0.4463423171875 0.3292680484375 0.45853670781250006 0.35365890312500003 0.45365853593749994 0.3707314640625 0.44390219531249997 0.3804878046875 0.4292676828125
1 0.11219463437499999 0.353659146875 0.12926926875 0.353659146875 0.1463418296875 0.33902463437499997 0.1463418296875 0.3292682921875 0.126829146875 0.31463378125 0.10731646406249999 0.309755609375 0.0926819515625 0.31463378125 0.0951220734375 0.3317063421875 0.11219463437499999 0.353659146875
1 0 0.34749673593749997 0.024389634375 0.348780975 0.036586096875 0.3414626828125 0.034145975 0.317073903125 0.002438903125 0.2756104875 0 0.2756104875 0 0.34749673593749997
1 0.0073170734375 0.19268365781250002 0.0073170734375 0.207316096875 0.026829756249999996 0.2414632921875 0.06585304843749999 0.251219634375 0.0829276828125 0.23902524375 0.0829276828125 0.2195125609375 0.06585304843749999 0.199999878125 0.0317079265625 0.185365365625 0.0170734140625 0.185365365625 0.0073170734375 0.19268365781250002
1 0.4195131703125 0.30731756093749996 0.4292674390625 0.3317063421875 0.43902378124999997 0.3365845125 0.4560984140625 0.3341464640625 0.47560902499999996 0.30487743906250003 0.478049146875 0.2853668296875 0.4658526828125 0.273170365625 0.42438926875 0.2926830484375 0.4195131703125 0.30731756093749996
1 0.5634140249999999 0.26829219531250004 0.5560978046875 0.2780485359375 0.558535853125 0.30731756093749996 0.595121096875 0.31219573125 0.6048774390625 0.29999926875 0.6024393906250001 0.2707323171875 0.5634140249999999 0.26829219531250004
1 0.6365845125 0.2317069515625 0.6048774390625 0.21219426874999997 0.5926830484375001 0.21463439062499998 0.5902429265625 0.2414632921875 0.59999926875 0.263414025 0.61219573125 0.2756104875 0.6317063421875 0.2780485359375 0.6585373171875 0.263414025 0.6658535359375 0.2487795125 0.6634154875 0.23902524375 0.6365845125 0.2317069515625
1 0.7487803656249999 0.2195125609375 0.7585367078125 0.229268903125 0.785365609375 0.2317069515625 0.792683903125 0.2170724390625 0.792683903125 0.20244 0.77560926875 0.178049146875 0.7658529265625 0.178049146875 0.7487803656249999 0.199999878125 0.7487803656249999 0.2195125609375
1 0.800000121875 0.29756121874999997 0.8170726828125 0.3195119515625 0.8390234140624999 0.324390121875 0.8585360968750001 0.31219573125 0.86097621875 0.2829267078125 0.8439015859375001 0.258535853125 0.8121945125 0.251219634375 0.800000121875 0.263414025 0.800000121875 0.29756121874999997
1 0.9219502437499999 0.2414632921875 0.9195121953125 0.263414025 0.9268284140624999 0.2902429265625 0.9536593906249999 0.3341464640625 0.97317 0.3439028046875 0.990244634375 0.3414626828125 0.990244634375 0.3219520734375 0.9512192687500001 0.26097597499999997 0.9317065859375001 0.2414632921875 0.9219502437499999 0.2414632921875
1 0.10731646406249999 0.1658526828125 0.126829146875 0.1804871953125 0.1609763421875 0.178049146875 0.1707326828125 0.16829280468750002 0.16341439062500002 0.1609765859375 0.121950975 0.1536582921875 0.10731646406249999 0.1658526828125
1 0.1829270734375 0.170730853125 0.1951214640625 0.1829273171875 0.21951231718750003 0.185365365625 0.2341468296875 0.16341463437499998 0.2292686578125 0.13902378124999998 0.19999963437499998 0.112194878125 0.1804869515625 0.112194878125 0.17560878124999998 0.148780121875 0.1829270734375 0.170730853125
1 0.11951292656250001 0.02683 0.11463475625 0.0317081703125 0.11463475625 0.0585370734375 0.12926926875 0.0804878046875 0.1707326828125 0.1073167078125 0.18780524375000002 0.1073167078125 0.1902432921875 0.09268219531250001 0.1658545125 0.046340609375 0.1414636578125 0.02683 0.11951292656250001 0.02683
1 0 0 0 0.040162190625 0.0195114640625 0.0414624390625 0.0195114640625 0 0 0
1 0.43902378124999997 0.1975618296875 0.441463903125 0.2195125609375 0.45122024375 0.2414632921875 0.45853646406250004 0.2414632921875 0.478049146875 0.2195125609375 0.48048719531249995 0.19268365781250002 0.47560902499999996 0.185365365625 0.4609765859375 0.185365365625 0.43902378124999997 0.1975618296875
1 0.5439034140625 0.1463420734375 0.5341470734375 0.1560984140625 0.5317069515624999 0.170730853125 0.5463414640625001 0.1804871953125 0.5609759750000001 0.173170975 0.5609759750000001 0.1560984140625 0.5439034140625 0.1463420734375
1 0.5682921953125 0.082925853125 0.53902524375 0.082925853125 0.51219426875 0.10000048749999998 0.50975621875 0.134145609375 0.5219506093749999 0.15122024375 0.5341470734375 0.15122024375 0.558535853125 0.1292674390625 0.5804886578125 0.1195131703125 0.5829267078125 0.1073167078125 0.5682921953125 0.082925853125
1 0.5536576828124999 0.060975121875 0.5634140249999999 0.0804878046875 0.5926830484375001 0.08536597500000001 0.61219573125 0.06341524375 0.6195119515624999 0.036586342187499996 0.61219573125 0.0195117078125 0.5804886578125 0.012195487500000001 0.558535853125 0.03414621875 0.5536576828124999 0.060975121875
1 0.573170365625 0.1658526828125 0.5756104875 0.173170975 0.558535853125 0.19268365781250002 0.551219634375 0.21463439062499998 0.558535853125 0.23414707343750002 0.573170365625 0.23414707343750002 0.595121096875 0.207316096875 0.6414626828125 0.114635 0.690244390625 0.0414624390625 0.690244390625 0.0219518296875 0.68536621875 0.0146335359375 0.6707317078125 0.0146335359375 0.6560971953125 0.0292680484375 0.6292682921874999 0.087804025 0.573170365625 0.1658526828125
1 0.30985704375 0 0.309755365625 0.002439146875 0.3682934140625 0.0414624390625 0.3804878046875 0.0414624390625 0.38536597499999997 0.036586342187499996 0.38536597499999997 0.009755365625 0.38181843125000003 0 0.30985704375 0
1 0.23236264687500002 0 0.23590280468749997 0.013829146875 0.2949031703125 0.0621464640625 0.32897573125 0.063340609375 0.32738975625 0.057780365624999996 0.258435003125 0 0.23236264687500002 0
1 0.3139265859375 0.0744154875 0.3004634140625 0.0744154875 0.2755128046875 0.1263173171875 0.2747063421875 0.137390121875 0.286585609375 0.1520495125 0.2988774390625 0.13263426875 0.30917073125 0.119560853125 0.3155125609375 0.10056024374999999 0.32104792656250003 0.07997573125 0.3139265859375 0.0744154875
1 0.2331226828125 0.08590292656250001 0.2406586578125 0.0815617078125 0.23826829218749998 0.06373243906250001 0.22878146406250002 0.0447318296875 0.21690219531250002 0.0312686578125 0.2018530484375 0.0320481703125 0.1994626828125 0.0470973171875 0.21531621875 0.070464025 0.2331226828125 0.08590292656250001
1 0.45853646406250004 0.36585353593750003 0.4560984140625 0.38536621875 0.4682928046875 0.40000073125 0.4926836578125 0.4073169515625 0.5317069515624999 0.4073169515625 0.5487795125 0.40000073125 0.5609759750000001 0.3682936578125 0.5560978046875 0.324390121875 0.5414632921875 0.30243939062499997 0.52439073125 0.29756121874999997 0.5048780484375001 0.29999926875 0.485365365625 0.31463378125 0.4682928046875 0.33902463437499997 0.45853646406250004 0.36585353593750003
4 0.2218132421875 1 0.10129182968749999 0.7243171953124999 0 0.7602174640625 0 0.8512336609375 0.062418821874999995 1 0.2218132421875 1
4 1 0.751832921875 0.9204886578125 0.7869995125 1 0.8757220921875 1 0.751832921875
4 0.13808547499999999 0 0.2703174390625 0.1722919515625 0.32941524375000003 0.058000121875 0.2828776140625 0 0.13808547499999999 0
4 0.997341096875 0.3417321953125 0.9992919515625 0.16243817031250002 0.9480721953125 0.1131713421875 0.84563475625 0.10136670781249998 0.997341096875 0.3417321953125
1 0.909755853125 0.7634151218749999 0.8926832921875001 0.7463404875 0.86097621875 0.7390242687499999 0.8463417078125 0.7585369515625 0.8463417078125 0.8073165859375001 0.86341426875 0.8268292687500001 0.8756107312499999 0.8317074390625001 0.8951213421875 0.8292673171875 0.9048776828125 0.8195130484375 0.912195975 0.7926820734375 0.909755853125 0.7634151218749999
1 0.76097475625 0.8268292687500001 0.77317121875 0.800000365625 0.7536585359375 0.7804876828125 0.7292676828125 0.7780496343750001 0.7243895124999999 0.7951221953125 0.736585975 0.8268292687500001 0.7439021953125 0.8317074390625001 0.76097475625 0.8268292687500001
1 0.397560365625 0.8024384140624999 0.414635 0.7926820734375 0.414635 0.7780496343750001 0.39024414687500003 0.7731714640625 0.35365890312500003 0.7804876828125 0.34146243906249996 0.7926820734375 0.3317081703125 0.8390236578125 0.34146243906249996 0.8414637812500001 0.3585370734375 0.8268292687500001 0.375609634375 0.8292673171875 0.397560365625 0.8024384140624999
1 1 0.562388109375 0.960975609375 0.5439015859375 0.9536593906249999 0.5536579265625 0.9536593906249999 0.585365 0.9682918296875 0.612195975 0.9707319515625 0.6292685359375 0.9756101218750001 0.6341467078125 1 0.6341467078125 1 0.562388109375
1 0.3731715859375 0.521950853125 0.346340609375 0.56097621875 0.3560969515625 0.585365 0.3804878046875 0.5975614640625 0.42195121875 0.5902431703125 0.426829390625 0.585365 0.42438926875 0.54877975625 0.40243853593749995 0.521950853125 0.39268219531250004 0.5170726828125 0.3731715859375 0.521950853125
1 0.77560926875 0.5585360968749999 0.8170726828125 0.5756107312500001 0.8317071953124999 0.5707325609375 0.829269146875 0.5317071953125 0.8097564640625 0.5024381703125 0.76097475625 0.5073163421875 0.736585975 0.5170726828125 0.739024025 0.529269146875 0.77560926875 0.5585360968749999
1 0.40731670781249996 0.30487743906250003 0.3731715859375 0.31219573125 0.33414621875 0.3414626828125 0.34146243906249996 0.36585353593750003 0.3585370734375 0.38536621875 0.382925853125 0.40000073125 0.4097568296875 0.3951225609375 0.4317075609375 0.360975365625 0.4317075609375 0.3439028046875 0.40731670781249996 0.30487743906250003
1 0.873170609375 0.29999926875 0.8999995125 0.30243939062499997 0.9219502437499999 0.2853668296875 0.9219502437499999 0.26097597499999997 0.914634025 0.2536576828125 0.8682924390625001 0.2536576828125 0.8585360968750001 0.263414025 0.8585360968750001 0.2804886578125 0.873170609375 0.29999926875
1 0.0437112078125 0 0.053658657812499996 0.012682682812500002 0.0673167078125 0.0163418296875 0.0829276828125 0.009755365625 0.0841467140625 0 0.0437112078125 0
1 0.7975604171875 0 0.78780573125 0.004877195312500001 0.7829275609375 0.012195487500000001 0.78780573125 0.03414621875 0.8097564640625 0.0682934140625 0.8463417078125 0.082925853125 0.8926832921875001 0.075609634375 0.8999995125 0.0682934140625 0.902009046875 0 0.7975604171875 0
5 0.697560609375 0.7292679265625 0.697560609375 0.712195365625 0.68780426875 0.712195365625 0.6829260968749999 0.726829878125 0.697560609375 0.7292679265625
5 0.499999878125 0.609755853125 0.514634390625 0.609755853125 0.5170724390625 0.5975614640625 0.499999878125 0.5975614640625 0.499999878125 0.609755853125
5 0.3219518296875 0.72438975625 0.3195117078125 0.7146334140625 0.3048771953125 0.7146334140625 0.302439146875 0.726829878125 0.3170736578125 0.7317080484375 0.3219518296875 0.72438975625
5 0.50975621875 0.8390236578125 0.50975621875 0.8268292687500001 0.4926836578125 0.8268292687500001 0.4951217078125 0.8414637812500001 0.50975621875 0.8390236578125
5 0.0682931703125 0.02683 0.06585304843749999 0.0170736578125 0.0512185359375 0.0170736578125 0.0512185359375 0.0292680484375 0.063415 0.03414621875 0.0682931703125 0.02683
5 0.2292686578125 0.82439121875 0.2243904875 0.8292673171875 0.22682853593750002 0.8390236578125 0.2341468296875 0.8439018296875 0.2414630484375 0.8414637812500001 0.2439031703125 0.82439121875 0.2292686578125 0.82439121875
5 0.036586096875 0.2439034140625 0.039024146875 0.229268903125 0.024389634375 0.22682878125 0.0219515859375 0.23902524375 0.036586096875 0.2439034140625
5 0.39024414687500003 0.612195975 0.39268219531250004 0.5999995124999999 0.37804975625 0.5951213421875 0.375609634375 0.612195975 0.39024414687500003 0.612195975
5 0.12926926875 0.3707317078125 0.1317073171875 0.3560971953125 0.11463475625 0.353659146875 0.11219463437499999 0.3634154875 0.1170728046875 0.3707317078125 0.12926926875 0.3707317078125
5 0.097560121875 0.602439634375 0.11219463437499999 0.5975614640625 0.1097565859375 0.5829269515625 0.0951220734375 0.587805121875 0.097560121875 0.602439634375
5 0.7634148781250001 0.6268284140625 0.7658529265625 0.612195975 0.7536585359375 0.609755853125 0.7512204875 0.6243903656249999 0.7634148781250001 0.6268284140625
5 0.3804878046875 0.8414637812500001 0.382925853125 0.8292673171875 0.3682934140625 0.82439121875 0.36341524375 0.8390236578125 0.3707314640625 0.8439018296875 0.3804878046875 0.8414637812500001
1 0.978854634375 0.16321975625000001 0.9390725609375 0.2263167078125 0.9857313421875 0.21095036562499997 0.978854634375 0.16321975625000001
2 0.25609756093749997 0.16829280468750002 0.2317067078125 0.173170975 0.221950365625 0.1951217078125 0.1829270734375 0.236585121875 0.1609763421875 0.273170365625 0.15122 0.353659146875 0.1390235359375 0.37316975625 0.1317073171875 0.41219512187499996 0.1439017078125 0.441464146875 0.1682925609375 0.45853670781250006 0.1975615859375 0.4560965859375 0.21707219531250002 0.4682930484375 0.24878134218749998 0.4658529265625 0.2804884140625 0.441464146875 0.2951229265625 0.41219512187499996 0.287804634375 0.3341464640625 0.3048771953125 0.21463439062499998 0.29024475625 0.1902435359375 0.25609756093749997 0.16829280468750002
1 0.8999995125 0.37316975625 0.8756107312499999 0.353659146875 0.8414635359375 0.353659146875 0.8317071953124999 0.360975365625 0.8317071953124999 0.3804880484375 0.8414635359375 0.39756060937500004 0.8439015859375001 0.41951134218749997 0.8536579265625001 0.4292676828125 0.8756107312499999 0.42682963437500004 0.8999995125 0.40000073125 0.8999995125 0.37316975625
1 0.7585367078125 0.4682930484375 0.7536585359375 0.478049390625 0.7560965859375 0.49024378124999995 0.77560926875 0.492683903125 0.7804874390625 0.4829275609375 0.778049390625 0.470731096875 0.7585367078125 0.4682930484375
1 0.478049146875 0.1560984140625 0.478049146875 0.1829273171875 0.48292731718750004 0.19268365781250002 0.51219426875 0.2170724390625 0.536585121875 0.21463439062499998 0.5414632921875 0.1951217078125 0.5219506093749999 0.1463420734375 0.514634390625 0.14146390312499998 0.4926836578125 0.14146390312499998 0.478049146875 0.1560984140625
1 0.800000121875 0.6195121953125 0.778049390625 0.6195121953125 0.77317121875 0.6243903656249999 0.77560926875 0.6439030484375 0.8048782921875001 0.6414629265625 0.800000121875 0.6195121953125
1 0.8121945125 0.800000365625 0.8121945125 0.8170729265625001 0.8170726828125 0.8219510968750001 0.8341473171875 0.8219510968750001 0.836585365625 0.8024384140624999 0.829269146875 0.79756024375 0.8121945125 0.800000365625
1 0.048780487500000004 0.5999995124999999 0.0512185359375 0.587805121875 0.039024146875 0.5780487812499999 0.0292678046875 0.5780487812499999 0.0219515859375 0.5829269515625 0.0195114640625 0.5975614640625 0.039024146875 0.6073178046875001 0.048780487500000004 0.5999995124999999
1 0.441463903125 0.56341426875 0.441463903125 0.5756107312500001 0.44878012187499994 0.585365 0.463414634375 0.585365 0.4682928046875 0.5804868296875 0.4658526828125 0.56097621875 0.441463903125 0.56341426875
1 0.2682919515625 0.9780484140624999 0.273170121875 0.9560976828125 0.265853903125 0.9512195125 0.24634121874999998 0.9536575609375 0.2414630484375 0.965854025 0.2439031703125 0.9756103656249999 0.25365951249999996 0.9804885359375 0.2682919515625 0.9780484140624999
1 0.5756104875 0.360975365625 0.5682921953125 0.3682936578125 0.5707323171875001 0.382926096875 0.5804886578125 0.38780426874999996 0.5902429265625 0.38536621875 0.595121096875 0.3682936578125 0.5756104875 0.360975365625
1 0.11951292656250001 0.8268292687500001 0.11463475625 0.8317074390625001 0.1170728046875 0.8463419515625 0.1365854875 0.8536581703125 0.1390235359375 0.836585609375 0.12926926875 0.8268292687500001 0.11951292656250001 0.8268292687500001
1 0.3658532921875 0.6585375609375 0.3658532921875 0.6390248781250001 0.3365863421875 0.6390248781250001 0.3365863421875 0.6585375609375 0.3658532921875 0.6585375609375
1 0.5170724390625 0.8804870734374999 0.5170724390625 0.865854634375 0.4926836578125 0.8609764640625001 0.4902435359375 0.8829271953125 0.51219426875 0.8853652437499999 0.5170724390625 0.8804870734374999
1 0.16341439062500002 0.521950853125 0.1609763421875 0.5097564640625001 0.1560981703125 0.5048782921875 0.1365854875 0.5048782921875 0.1317073171875 0.5097564640625001 0.1317073171875 0.529269146875 0.1560981703125 0.5341473171875 0.16341439062500002 0.521950853125
1 0.6658535359375 0.492683903125 0.6658535359375 0.514634634375 0.6804880484375 0.5170726828125 0.690244390625 0.5121945125 0.690244390625 0.49512195156249994 0.68536621875 0.49024378124999995 0.6658535359375 0.492683903125
1 0.960975609375 0.734146096875 0.9853664640625001 0.734146096875 0.9853664640625001 0.712195365625 0.9682918296875 0.712195365625 0.960975609375 0.7195115859375 0.960975609375 0.734146096875
1 0.41707304843750004 0.42195146406250006 0.41707304843750004 0.40243878125 0.39268219531250004 0.40243878125 0.3951223171875 0.4243895125 0.41219487812500005 0.42682963437500004 0.41707304843750004 0.42195146406250006
1 0.7414641468750001 0.3951225609375 0.7414641468750001 0.382926096875 0.7195113421875 0.3634154875 0.704878903125 0.36585353593750003 0.7024387812499999 0.37804792656249997 0.7219514640625 0.40000073125 0.736585975 0.40000073125 0.7414641468750001 0.3951225609375
1 0.6219520734375 0.492683903125 0.6219520734375 0.5097564640625001 0.62683024375 0.514634634375 0.6609753656249999 0.5121945125 0.6609753656249999 0.49512195156249994 0.651219025 0.49024378124999995 0.6219520734375 0.492683903125
1 0.087805853125 0.49024378124999995 0.0951220734375 0.5048782921875 0.126829146875 0.5048782921875 0.13414536562499998 0.500000121875 0.13414536562499998 0.4829275609375 0.0951220734375 0.48048743906249997 0.087805853125 0.49024378124999995
1 0.5487795125 0.6756101218749999 0.53902524375 0.6975608531249999 0.5414632921875 0.7146334140625 0.565854146875 0.712195365625 0.587804878125 0.702439025 0.595121096875 0.6951228046875 0.5926830484375001 0.6634136578125001 0.573170365625 0.6634136578125001 0.5487795125 0.6756101218749999
1 0.8414635359375 0.492683903125 0.836585365625 0.47560926875 0.8121945125 0.4560965859375 0.79756 0.46097475625 0.7951219515625 0.48536560937499995 0.800000121875 0.492683903125 0.8219508531249999 0.49756 0.8414635359375 0.492683903125
1 0.8341473171875 0.41219512187499996 0.826829025 0.404878903125 0.800000121875 0.404878903125 0.7951219515625 0.4097570734375 0.800000121875 0.43170780468750003 0.8121945125 0.434145853125 0.8341473171875 0.42682963437500004 0.8341473171875 0.41219512187499996
1 0.34146243906249996 0.3926824390625 0.339024390625 0.382926096875 0.3292680484375 0.37804792656249997 0.297560975 0.382926096875 0.29999902500000003 0.40000073125 0.309755365625 0.404878903125 0.327804390625 0.3985370734375 0.34146243906249996 0.3926824390625
1 0.265853903125 0.700000975 0.26341378125000003 0.690244634375 0.2243904875 0.6878045125 0.21951231718750003 0.6926826828125 0.21951231718750003 0.7048770734375001 0.2292686578125 0.712195365625 0.25853560937500003 0.712195365625 0.265853903125 0.700000975