1 0.42378006093750004 0.6762299390625001 0.39634176875 0.6762299390625001 0.3871943296875 0.684425840625 0.3750004265625 0.713115553125 0.378048903125 0.7377052875000001 0.3932932921875 0.7459011890625 0.435975975 0.72540940625 0.4329275 0.684425840625 0.42378006093750004 0.6762299390625001
3 0.5762199390625 0.2172127875 0.59756128125 0.192623053125 0.59756128125 0.16393536875 0.53353725625 0.16393536875 0.5091454265625 0.2172127875 0.515244390625 0.22950866875 0.5762199390625 0.2172127875
3 0.655488353125 0.8032785859375 0.6585368296875 0.81967241875 0.6920740859375 0.8729498359375001 0.7042679875 0.8729498359375001 0.7134154265625 0.860655984375 0.7134154265625 0.8442621515625 0.7012195125 0.82377036875 0.6737812187500001 0.8032785859375 0.655488353125 0.8032785859375
3 0.6402439640625001 1 0.6402439640625001 0.9959025609375001 0.6249995734375 0.9713107984375 0.5731714640625001 0.959016946875 0.548779634375 0.9754107781249999 0.5457311578125 0.99180258125 0.56402514375 1 0.6402439640625001 1
1 0.8475604265625 0.696721721875 0.8841461578124999 0.6926237703125 0.8993905484375 0.6188525406250001 0.86890176875 0.5942628078125 0.8445119515625 0.5983607578125001 0.8323180484374999 0.6434422750000001 0.838415 0.688523790625 0.8475604265625 0.696721721875
5 0.520152134375 0.9818843234375001 0.5547256703125 0.8192626234375 0.54896274375 0.793484078125 0.537438903125 0.7909015578124999 0.506706646875 0.9612302453125 0.520152134375 0.9818843234375001
5 0.641097134375 0.7883190375 0.7198484140625 0.7650824390625 0.7121638421875 0.728935265625 0.6391775 0.7676629296875 0.641097134375 0.7883190375
5 0.3775619515625 0.2955323359375 0.3602128046875 0.3088527046875 0.3812804875 0.378812028125 0.3961586578125 0.3771728484375 0.3775619515625 0.2955323359375
5 0.39024481718750004 0.577868975 0.3689014640625 0.577868975 0.3658529875 0.614754590625 0.3750004265625 0.684425840625 0.3871943296875 0.6926237703125 0.39939024375 0.6762299390625001 0.39024481718750004 0.577868975
5 0.8658532921875001 0.577868975 0.8231706093750001 0.4098367625 0.8128057921874999 0.41229553281250003 0.8082320734374999 0.41229553281250003 0.80182926875 0.4344264953125 0.80487774375 0.4713121109375 0.8353665250000001 0.5942628078125 0.8506089031249999 0.602458709375 0.8658532921875001 0.5942628078125 0.8658532921875001 0.577868975
5 0.9623060328124999 1 0.902439025 0.8032785859375 0.8963420734374999 0.7868847546875 0.8750007312499999 0.782786803125 0.8658532921875001 0.7909827046875 0.8658532921875001 0.8155744671875 0.9228417500000001 1 0.9623060328124999 1