1 0.550139971875 0.9645835703125 0.5543182453125 0.9729168703125 0.5598878828125 0.9750001953125 0.56406615625 0.9604169203125 0.562674790625 0.9500002953125 0.555709609375 0.9437503203125001 0.550139971875 0.9520836203125 0.550139971875 0.9645835703125
1 0.0877430359375 0.8895838703125 0.10167130937499999 0.8437507203125 0.10167130937499999 0.8250007953124999 0.08635167187500001 0.8083341953125001 0.06963857968750001 0.8083341953125001 0.0598885796875 0.7895842703125 0.0501385796875 0.7937509203124999 0.0501385796875 0.8187508203125 0.06685167187499999 0.8541673453125 0.06963857968750001 0.8729172703125 0.079386490625 0.8895838703125 0.0877430359375 0.8895838703125
1 0.149025765625 0.8416673953125 0.14623885781249998 0.8229174703125001 0.1323126734375 0.8229174703125001 0.129525765625 0.8291674453125 0.1323126734375 0.8479173703124999 0.14484749375 0.8500006953125 0.149025765625 0.8416673953125
1 0.335654596875 0.8333340953124999 0.3342611421875 0.8229174703125001 0.3091915046875 0.8229174703125001 0.3105849578125 0.8395840703124999 0.3161566859375 0.8479173703124999 0.32869150468749997 0.8458340453125001 0.335654596875 0.8333340953124999
1 0.325904596875 0.7770843203125 0.32172632343749996 0.7812509703125 0.32172632343749996 0.7916675953125 0.325904596875 0.8083341953125001 0.3342611421875 0.8166674953124999 0.34122632343750003 0.8083341953125001 0.3440111421875 0.7875009453125 0.338439415625 0.7791676453124999 0.325904596875 0.7770843203125
1 0.490250696875 0.7291657578125 0.4888572421875 0.7458323578125 0.49860724218749997 0.7624989578125 0.5083572421875 0.7624989578125 0.5167137890625 0.7541656578125 0.5181051531249999 0.7416657078125 0.5083572421875 0.7270824328125001 0.49442896875000003 0.7249991078125 0.490250696875 0.7291657578125
1 0.5083572421875 0.9437503203125001 0.515320334375 0.9333336953125 0.515320334375 0.9104171203125 0.490250696875 0.9187504203125 0.490250696875 0.9291670453125 0.4958224234375 0.9416669953125 0.5083572421875 0.9437503203125001
1 0.26183913593749997 0.9687502203125 0.26183913593749997 0.9791668453125 0.26601740937499996 0.9854168203125001 0.27994359375 0.9708335453125001 0.2827305015625 0.9645835703125 0.281337046875 0.9541669453124999 0.27298050156250003 0.9520836203125 0.26183913593749997 0.9687502203125
1 0.5612813375 0.0333331203125 0.555709609375 0.0499997203125 0.5571030640625 0.0791662703125 0.56406615625 0.0937495453125 0.575209609375 0.0937495453125 0.5835661562500001 0.0770829453125 0.5821727015625 0.0499997203125 0.57381615625 0.0354164453125 0.5612813375 0.0333331203125
1 0.5821727015625 0.3666672078125 0.5821727015625 0.3791671578125 0.5877444296875 0.3895837828125 0.59888579375 0.39166710781249997 0.6044575203125 0.3875004578125 0.6072423390624999 0.3770838328125 0.6044575203125 0.36041723281250004 0.5905292484375 0.35833390781249996 0.5821727015625 0.3666672078125
1 0.5525215875 0.3223746328125 0.5574937328125 0.3304783078125 0.5620062671875 0.33249900781249997 0.5660591921875 0.3257501203125 0.564262534375 0.3163125328125 0.5588433140625 0.3082088578125 0.549358634375 0.3061672828125 0.5525215875 0.3223746328125
1 0.5905292484375 0.5708330578125 0.5933140671875 0.5749997078125 0.6030640671875 0.5749997078125 0.6058488859375 0.5687497328125 0.6044575203125 0.5541664578125001 0.5933140671875 0.5479164828124999 0.5891357937499999 0.5604164328125 0.5905292484375 0.5708330578125
1 0.5612813375 0.7104158328125 0.56406615625 0.7145824828125 0.5724227015625 0.7124991578125 0.575209609375 0.7041658578125001 0.57381615625 0.6916659078125 0.562674790625 0.6874992578125 0.5598878828125 0.6916659078125 0.5612813375 0.7104158328125
1 0.6128140671875 0.7624989578125 0.6183837046875 0.7499990078125001 0.6183837046875 0.7374990578125 0.610027159375 0.7229157828125 0.5919227015625 0.7083325078125 0.5821727015625 0.7187491328125 0.5779944296874999 0.7312490828125 0.5779944296874999 0.7520823328125 0.5835661562500001 0.7645843703125 0.6016706125 0.7708343453125 0.6128140671875 0.7624989578125
1 0.6908078 0.1624992703125 0.6880229812499999 0.1770825453125 0.6908078 0.1979157953125 0.7005578 0.20833242031250002 0.7089143453125 0.20833242031250002 0.7103057109375001 0.1979157953125 0.704736071875 0.17499922031249998 0.6963795265625 0.1604159453125 0.6908078 0.1624992703125
1 0.6644575203125 0.2569586453125 0.667158775 0.2650623203125 0.6743871859375 0.2576245578125 0.6784547359374999 0.2481869703125 0.6703196375 0.2468342703125 0.6644575203125 0.2569586453125
1 0.6518098890624999 0.4708334578125 0.6615598890625 0.4708334578125 0.6894143453125 0.44375023281250003 0.692201253125 0.4291669578125 0.6768795265625001 0.38125048281249996 0.6559881609375 0.3729171828125 0.6490250703125 0.38333380781250004 0.6518098890624999 0.4708334578125
1 0.71866225625 0.3937504328125 0.7284122562500001 0.3875004578125 0.7298057109375 0.38125048281249996 0.7256274375 0.3687505328125 0.71866225625 0.3645838828125 0.7089143453125 0.3666672078125 0.7089143453125 0.3854171328125 0.71866225625 0.3937504328125
1 0.7465188015625001 0.43750025781249996 0.7688015328125 0.43333360781249997 0.7674101671875 0.4229169828125 0.75348189375 0.41875033281249996 0.7395536218750001 0.40625038281250003 0.7311970750000001 0.41041703281249997 0.73816225625 0.4291669578125 0.7465188015625001 0.43750025781249996
1 0.6991643453124999 0.5124999578125 0.704736071875 0.5208332578125 0.7172708906249999 0.5208332578125 0.7103057109375001 0.5041666578124999 0.6991643453124999 0.5041666578124999 0.6991643453124999 0.5124999578125
1 0.70334261875 0.6208328578125 0.704736071875 0.6020829328125 0.6991643453124999 0.5916663078125 0.6866295265625 0.5874996578125 0.67827298125 0.5937496328125 0.6768795265625001 0.6124995578125 0.6810577999999999 0.6229161828125 0.6810577999999999 0.6374994578125001 0.6963795265625 0.6333328078125 0.70334261875 0.6208328578125
1 0.6211706125 0.7645843703125 0.6155988859375 0.7729176703125 0.610027159375 0.8062508703125 0.6155988859375 0.8125008453125 0.64624025 0.8125008453125 0.654596796875 0.8041675453125 0.6559881609375 0.7875009453125 0.6518098890624999 0.7770843203125 0.6406685234375 0.7666676953125 0.6211706125 0.7645843703125
1 0.6587750703124999 0.8104175203124999 0.6504185234375 0.8145841703125001 0.6518098890624999 0.8291674453125 0.6657381609375 0.8520840203125 0.6754881609375001 0.8770839203125 0.6838447078125001 0.8791672453125001 0.6880229812499999 0.8708339453124999 0.6963795265625 0.8750005953125 0.704736071875 0.8666672953125 0.7089143453125 0.8541673453125 0.7103057109375001 0.8250007953124999 0.697770890625 0.7937509203124999 0.672701253125 0.7854176203125001 0.6643447078125 0.7937509203124999 0.6587750703124999 0.8104175203124999
1 0.8003137984375 1 0.799442896875 0.9895834703125 0.7910863515625 0.9750001953125 0.7827298046875 0.9687502203125 0.7688015328125 0.9750001953125 0.761838440625 0.9875001453125 0.7639270390624999 1 0.8003137984375 1
1 0.8844018109375 0.9333336953125 0.8997214484375 0.9333336953125 0.8997214484375 0.9229170703125 0.894149721875 0.9187504203125 0.8830083562500001 0.9208337453125001 0.8844018109375 0.9333336953125
1 0.8871866296875 0.8666672953125 0.8760452640624999 0.8687506203125 0.8635104453125001 0.8645839703125 0.8593321734374999 0.8583339953125 0.8593321734374999 0.8437507203125 0.8565452640625001 0.8395840703124999 0.8467973531249999 0.8458340453125001 0.84818871875 0.8750005953125 0.8593321734374999 0.8916671953125 0.8704735375 0.8916671953125 0.8885800828124999 0.8750005953125 0.8871866296875 0.8666672953125
1 0.8057249296875 0.7054580203125 0.8179108640624999 0.7169371828125 0.8251392750000001 0.7223333703125 0.8296518109375001 0.7142296953125 0.8296518109375001 0.6987091328124999 0.8251392750000001 0.6831864828125 0.810697075 0.6750828078125 0.804373259375 0.6885826703125 0.8057249296875 0.7054580203125
1 0.8607235375 0.6916659078125 0.8607235375 0.6833326078125 0.8565452640625001 0.6770826328124999 0.84818871875 0.6729159828125 0.8384408078125001 0.6729159828125 0.8370473531249999 0.6770826328124999 0.8412256265625 0.6895825828125 0.8607235375 0.6916659078125
1 0.8899714484375 0.8187508203125 0.8857931750000001 0.7791676453124999 0.8788300828125 0.7687510203125 0.8760452640624999 0.7708343453125 0.87325835625 0.7916675953125 0.8649018109375 0.8166674953124999 0.8649018109375 0.8270841203125 0.8690800828125 0.8291674453125 0.8857931750000001 0.8250007953124999 0.8899714484375 0.8187508203125
1 0.765500696875 0.2527502453125 0.75183774375 0.2562509828125 0.7448182453125 0.2673543953125 0.7416991640624999 0.2831045828125 0.73935933125 0.3041048328125 0.7409199171874999 0.3221867578125 0.747548746875 0.3297706453125 0.7596511140625 0.3414585578125 0.7666706125 0.3443747953125 0.7752506968749999 0.34845794531249996 0.7799303625 0.3467086203125 0.7873405296875 0.34495929531249997 0.7920201953125 0.3402916453125 0.7947486078125 0.3338746703125 0.798649025 0.3286037328125 0.8064623953125001 0.3221867578125 0.8095814765625 0.3157718703125 0.8103628140625 0.30585415781249997 0.8099721453125 0.2924377953125 0.80724164375 0.28135317031249996 0.797479109375 0.26502057031250004 0.790850278125 0.2550840703125 0.7799303625 0.2510009203125 0.765500696875 0.2527502453125
1 0.7775905296875 0.21074974531250001 0.7787604453125 0.22299919531249998 0.7834401109375 0.2370000578125 0.7927994421875 0.2527502453125 0.8068530640624999 0.2550840703125 0.8166009750000001 0.2527502453125 0.8224505578124999 0.2469156828125 0.8286908078125 0.2358331453125 0.8329798046875 0.2241661078125 0.8364895546875 0.2090004203125 0.83571030625 0.19264485781250001 0.832591225 0.1809799078125 0.8286908078125 0.1739784328125 0.813091225 0.1681459578125 0.79903969375 0.1722291078125 0.7912388578125 0.1757298453125 0.7830494421874999 0.1833116453125 0.7791511140625 0.1955631828125 0.7775905296875 0.21074974531250001
1 0.8218345499999999 0 0.8175494421874999 0.0104165453125 0.8175494421874999 0.0208331703125 0.8286908078125 0.0229164953125 0.8412256265625 0.0145831953125 0.8467973531249999 0.0062498953125 0.8456578390624999 0 0.8218345499999999 0
1 0.8576600328125 0 0.85793871875 0.0041665703125 0.8635104453125001 0.0145831953125 0.8690800828125 0.0187498453125 0.8788300828125 0.0166665203125 0.8871866296875 0.0083332203125 0.8857931890625 0 0.8576600328125 0
1 0.87325835625 0.0187498453125 0.8704735375 0.029166470312499998 0.8788300828125 0.0458330703125 0.8857931750000001 0.0520830453125 0.901114903125 0.0479163953125 0.9025062671875 0.031249795312500002 0.8969366296875 0.0145831953125 0.8830083562500001 0.0124998703125 0.87325835625 0.0187498453125
1 0.9702881078125 0 0.949860725 0.0083332203125 0.944288996875 0.0208331703125 0.951254178125 0.0354164453125 0.9665738156250001 0.0499997203125 0.9805020890625 0.0520830453125 0.9958217265625 0.0166665203125 0.9958217265625 0 0.9702881078125 0
1 1 0.1548607609375 0.99721518125 0.1562492953125 0.9930369078125001 0.1645825953125 0.9944282734375 0.1854158453125 1 0.1906241578125 1 0.1548607609375
1 0.951254178125 0.5687497328125 0.949860725 0.5791663578125 0.9554324515625 0.5999996078125001 0.9596107249999999 0.5999996078125001 0.97214554375 0.5812496828125 0.97214554375 0.5624997578125 0.9623955437499999 0.5604164328125 0.951254178125 0.5687497328125
3 0.8398321734374999 0.3666672078125 0.8384408078125001 0.3770838328125 0.8412256265625 0.38333380781250004 0.8495821734375 0.3875004578125 0.8593321734374999 0.3875004578125 0.8621169921874999 0.38333380781250004 0.8607235375 0.3666672078125 0.8565452640625001 0.36041723281250004 0.8398321734374999 0.3666672078125
1 0.338439415625 0.3708338578125 0.3342611421875 0.3458339578125 0.2952653203125 0.3458339578125 0.28969359375 0.3541672578125 0.28969359375 0.3645838828125 0.303621865625 0.4041670578125 0.31754804999999997 0.4291669578125 0.32869150468749997 0.4270836328125 0.3342611421875 0.4125003578125 0.338439415625 0.3708338578125
1 0.43523665468750006 0 0.4303614203125 0.0145831953125 0.41086350937500005 0.0499997203125 0.408078690625 0.0666663203125 0.41086350937500005 0.0770829453125 0.426183146875 0.0770829453125 0.44428969374999994 0.0666663203125 0.47353760468750006 0.0229164953125 0.476820521875 0 0.43523665468750006 0
1 0.488461325 0 0.4876873265625 0.05112488281250001 0.48944219999999994 0.0777300703125 0.49350975 0.0955823703125 0.49934470781250007 0.1029992578125 0.501087046875 0.0951669578125 0.5022569640625 0.061604132812500004 0.501964484375 0.034124282812500004 0.49934470781250007 0.0014382078125 0.4989929 0 0.488461325 0
1 0.5008907375 0 0.501087046875 0.0049368578125 0.5022569640625 0.0210627953125 0.5034268796875 0.0446035328125 0.5022569640625 0.07074947031249999 0.5025494421875 0.0907915578125 0.5002221453125 0.0982084453125 0.5077994421875001 0.10387600781249999 0.514206825 0.09952148281249999 0.518871865625 0.0798948078125 0.520904596875 0.0550619078125 0.5226594703125 0.026291982812499996 0.5202168375 0 0.5008907375 0
1 0.147354471875 0 0.149025765625 0.0083332203125 0.16434540312499998 0.0229164953125 0.1768802234375 0.0229164953125 0.1866302234375 0.0166665203125 0.193486415625 0 0.147354471875 0
1 0.19498676875 0.0937495453125 0.2033433140625 0.0916662203125 0.21587813437499997 0.0729162953125 0.218662953125 0.0520830453125 0.21309122500000002 0.0333331203125 0.2033433140625 0.0187498453125 0.1866302234375 0.0145831953125 0.17548676875 0.0249998203125 0.1713084953125 0.0354164453125 0.1713084953125 0.0666663203125 0.1810584953125 0.0854162453125 0.19498676875 0.0937495453125
1 0.5292486078125 0.23749897031249997 0.5097486078125 0.2249990203125 0.5027855156250001 0.2249990203125 0.4888572421875 0.23749897031249997 0.4888572421875 0.2791675578125 0.49164415000000006 0.2895841828125 0.500000696875 0.2958341578125 0.515320334375 0.2958341578125 0.5264616984375 0.28333420781249996 0.5292486078125 0.23749897031249997
1 0.3440111421875 0.2229156953125 0.3426176875 0.23541564531249998 0.345404596875 0.24375103281250002 0.3523676875 0.2520843328125 0.360724234375 0.2520843328125 0.363509053125 0.24791768281249998 0.363509053125 0.2291656703125 0.357939415625 0.2208323703125 0.3440111421875 0.2229156953125
3 0.051532032812499996 0.2791675578125 0.0487472140625 0.27500090781250003 0.0362123953125 0.2770842328125 0.0362123953125 0.2916675078125 0.041782032812499995 0.3000008078125 0.0501385796875 0.3020841328125 0.051532032812499996 0.2791675578125
1 0.0877430359375 0.3791671578125 0.089136490625 0.3666672078125 0.06963857968750001 0.3625005578125 0.064066853125 0.3708338578125 0.064066853125 0.3895837828125 0.077995125 0.3937504328125 0.0877430359375 0.3791671578125
1 0.47075278593750003 0.5020833328125 0.46796587812499996 0.4979166828125 0.45543105781250004 0.4979166828125 0.4568245125 0.5104166328125 0.4637876046875 0.5270832328124999 0.47214415 0.5312498828125001 0.48189415 0.5229165828125 0.48467896875000005 0.5104166328125 0.48189415 0.4979166828125 0.47075278593750003 0.5020833328125
1 0.40250696406250003 0.6124995578125 0.3802221453125 0.6270828328125 0.3621176875 0.6520827328125 0.3537611421875 0.6749993078125 0.3523676875 0.6958325578125 0.3537611421875 0.7041658578125001 0.36490250625 0.7208324578124999 0.376043871875 0.7291657578125 0.3927569640625 0.7291657578125 0.41086350937500005 0.7187491328125 0.420613509375 0.7020825328125 0.426183146875 0.6791659578125 0.426183146875 0.6499994078125 0.420613509375 0.6229161828125 0.413648328125 0.6104162328125 0.40250696406250003 0.6124995578125
1 0.2646239546875 0.6958325578125 0.2757653203125 0.6979158828124999 0.3022284125 0.6729159828125 0.31476323125 0.6666660078125 0.3314763234375 0.6520827328125 0.335654596875 0.6437494328125 0.3342611421875 0.6374994578125001 0.31754804999999997 0.6416661078125 0.278552228125 0.6749993078125 0.268802228125 0.6770826328124999 0.2646239546875 0.6833326078125 0.2646239546875 0.6958325578125
1 0.246517409375 0.7062491828125 0.2646239546875 0.6791659578125 0.27994359375 0.6458327578125 0.27994359375 0.6333328078125 0.268802228125 0.6041662578125 0.2381608640625 0.6104162328125 0.2423391359375 0.6374994578125001 0.231197771875 0.6791659578125 0.231197771875 0.7062491828125 0.2353760453125 0.7104158328125 0.246517409375 0.7062491828125
1 0.1685236765625 0.6958325578125 0.1532040390625 0.6583327078125001 0.1406692203125 0.6541660578124999 0.1337040390625 0.6687493328125 0.1281344015625 0.7187491328125 0.1406692203125 0.7416657078125 0.1559888578125 0.7479156828125 0.16016713124999998 0.7458323578125 0.1671302234375 0.7208324578124999 0.1685236765625 0.6958325578125
3 0.0362123953125 0.7249991078125 0.0445689421875 0.7291657578125 0.06824512499999999 0.7270824328125001 0.08077994375 0.6312494828124999 0.079386490625 0.6187495328125 0.06963857968750001 0.6249995078125 0.0612820328125 0.6458327578125 0.0348189421875 0.6895825828125 0.03064066875 0.7020825328125 0.03064066875 0.7166658078125 0.0362123953125 0.7249991078125
1 0.064066853125 0.5916663078125 0.08077994375 0.6062495828125 0.08495821718749999 0.5958329578125 0.0835647625 0.5624997578125 0.08077994375 0.5583331078125 0.064066853125 0.5624997578125 0.058495125 0.5791663578125 0.064066853125 0.5916663078125
1 0.0445689421875 0.4687501328125 0.04596030625 0.4770834328125 0.058495125 0.47916675781249995 0.0598885796875 0.4625001578125 0.0473537609375 0.46041683281249995 0.0445689421875 0.4687501328125
1 0.032034121875 0.9270837203125 0.03064066875 0.9166670953124999 0.012534121875000002 0.9062504703125001 0.012534121875000002 0.9312503703124999 0.019499303125 0.9395836703124999 0.027855849999999998 0.9354170203125 0.032034121875 0.9270837203125
1 0.786908078125 0.13749937031249998 0.8008363515625 0.1520826453125 0.8286908078125 0.1562492953125 0.8454039 0.1416660203125 0.8495821734375 0.1270827453125 0.8467973531249999 0.10624949531250001 0.8398321734374999 0.0854162453125 0.8286908078125 0.0687496453125 0.8091928968750001 0.0624996703125 0.796658078125 0.0645829953125 0.7785515328125 0.0854162453125 0.774373259375 0.1020828453125 0.7757667125000001 0.11666612031250001 0.786908078125 0.13749937031249998
2 0.28456857343749997 0 0.27298050156250003 0.0270831453125 0.2701956828125 0.0458330703125 0.27298050156250003 0.060416345312499994 0.31894150468750004 0.0729162953125 0.335654596875 0.0729162953125 0.34122632343750003 0.0687496453125 0.3565459609375 0.0166665203125 0.358851203125 0 0.28456857343749997 0
0 0.057103760937500005 0 0.057103760937500005 0.0083332203125 0.07520821718750001 0.0520830453125 0.0821733984375 0.0562496953125 0.0877430359375 0.0520830453125 0.098886490625 0.0270831453125 0.10129999375000001 0 0.057103760937500005 0
0 0.6335059937499999 0 0.629527159375 0.0041665703125 0.6281337046875 0.0270831453125 0.6434533421874999 0.0624996703125 0.6532033421875 0.0687496453125 0.6699164343749999 0.0333331203125 0.6713098890625 0.0062498953125 0.6696377640625 0 0.6335059937499999 0
1 0.5208920609375001 0.5458331578125 0.4888572421875 0.5249999078124999 0.48050069687499997 0.5270832328124999 0.48050069687499997 0.5562497828125 0.4888572421875 0.5812496828125 0.49860724218749997 0.5854163328124999 0.5083572421875 0.5833330078125 0.5194986078125 0.5708330578125 0.5236768796875 0.5583331078125 0.5208920609375001 0.5458331578125
1 0.426183146875 0.4354169328125 0.4303614203125 0.41458368281249997 0.4275766015625 0.3958337578125 0.40947005625 0.39166710781249997 0.398328690625 0.3979170828125 0.3899721453125 0.4083337078125 0.3899721453125 0.4270836328125 0.401113509375 0.44166690781250006 0.41782660156249996 0.44166690781250006 0.426183146875 0.4354169328125
1 0.4665745125 0.2562509828125 0.46239623906249994 0.2520843328125 0.422004875 0.24791768281249998 0.41922005625000003 0.2520843328125 0.41922005625000003 0.2666676078125 0.43453969375 0.30833410781250004 0.4484679671875 0.3062507828125 0.45960933125 0.2916675078125 0.46796587812499996 0.2708342578125 0.4665745125 0.2562509828125
1 0.43593314687499995 0.1291660703125 0.4303614203125 0.11666612031250001 0.4164352375 0.10624949531250001 0.408078690625 0.10624949531250001 0.3913655984375 0.11666612031250001 0.38579387187499997 0.1291660703125 0.3871873265625 0.13749937031249998 0.395543871875 0.1520826453125 0.41225696406249995 0.1687492453125 0.42339832812499995 0.1624992703125 0.43593314687499995 0.1291660703125
4 1 0.5125293328125 0.9692625343750001 0.5136459953125 0.9263788296875 0.5730625078125 1 0.6302971312500001 1 0.5125293328125
4 0.5947764624999999 0.30689582031249996 0.745543175 0.3611040203125 0.6904589140625 0.1485839953125 0.5947764624999999 0.30689582031249996
4 0.864788934375 1 0.7005995828125 0.8772091703125 0.7322246359375 1 0.864788934375 1
1 0.8995480703125001 0 0.901114903125 0.0062498953125 0.9220062671875 0.0229164953125 0.9387193593750001 0.0208331703125 0.9430036796874999 0 0.8995480703125001 0
1 0.45403969375 0.7187491328125 0.43453969375 0.7145824828125 0.41225696406249995 0.7312490828125 0.41086350937500005 0.7437490328125 0.4150417828125 0.7520823328125 0.42897005625 0.7645843703125 0.4401114203125 0.7666676953125 0.45403969375 0.7499990078125001 0.4582179671875 0.7270824328125001 0.45403969375 0.7187491328125
1 0.24791086406249999 0.9166670953124999 0.253482590625 0.9041671453125 0.2506956828125 0.8791672453125001 0.2381608640625 0.8437507203125 0.22423467968750002 0.8437507203125 0.21030640625000002 0.8666672953125 0.20473467968749998 0.8875005453125 0.20612813437500002 0.8979171703125 0.22701949843749997 0.9062504703125001 0.2395543171875 0.9166670953124999 0.24791086406249999 0.9166670953124999