1 0.46682476250000005 0.535545853125 0.46682476250000005 0.518956753125 0.42890912343750004 0.5165880328125 0.42890912343750004 0.53317511875 0.43601931250000003 0.5402853078125001 0.450237678125 0.5426540281250001 0.46682476250000005 0.535545853125
1 0.554501659375 0.4218009484375 0.578198934375 0.42416966875 0.58767784375 0.4170614921875 0.585307109375 0.39810367343749997 0.56398056875 0.395734953125 0.549762203125 0.40047440781250004 0.5473934828125 0.414692771875 0.554501659375 0.4218009484375
1 0.7654023703124999 0.68009419375 0.7535547390625 0.6777254734375 0.7298574640625 0.687204384375 0.6990520140625 0.7132703796875 0.69668329375 0.72748874375 0.7227492890625 0.741707109375 0.74644455 0.73459691875 0.7606629140625001 0.7156391 0.7654023703124999 0.68009419375
1 0.7085309234375 0.5758302125 0.7322281984375001 0.573459478125 0.73459691875 0.5687200234375 0.7322281984375001 0.5521329390624999 0.7014227484375 0.5521329390624999 0.69668329375 0.55687239375 0.69668329375 0.5687200234375 0.7085309234375 0.5758302125
1 0.755923815625 1 0.7606629140625001 0.9952609000000001 0.7606629140625001 0.9715636249999999 0.7298574640625 0.9620847156250001 0.718009834375 0.96445545 0.7132703796875 0.9905214453125 0.7203785546875 0.9976296203125001 0.7306484078125 1 0.755923815625 1
1 0.6469200234375 0.69668329375 0.639809834375 0.6848336500000001 0.6066356640625 0.6895731046875 0.609004384375 0.7061601890625 0.620854028125 0.7085309234375 0.639809834375 0.7061601890625 0.6469200234375 0.69668329375
1 0.44549822343749995 0.5094778437499999 0.457345853125 0.5142172984375 0.46682476250000005 0.4928907578125 0.46445402812500003 0.4620853078125 0.450237678125 0.4431274875 0.4218009484375 0.44786694374999997 0.426540403125 0.47393293906249995 0.44549822343749995 0.5094778437499999
1 0.42890912343750004 0.8222758296875 0.44786694374999997 0.8199050953125001 0.4597165875 0.8080574640625 0.457345853125 0.7985785546875 0.419432228125 0.7985785546875 0.414692771875 0.803318009375 0.4170614921875 0.8175363750000001 0.42890912343750004 0.8222758296875
1 0.7511840046875 0.7772520140625 0.7748812796875 0.779620734375 0.78199146875 0.7748812796875 0.7843601890625 0.76303365 0.779620734375 0.755923459375 0.74644455 0.755923459375 0.7440758296875 0.7654023703124999 0.7511840046875 0.7772520140625
1 0.18009478750000002 0.7227492890625 0.2014213265625 0.7061601890625 0.20853151718750002 0.6895731046875 0.20853151718750002 0.663507109375 0.1919424171875 0.6445492890625 0.18009478750000002 0.6445492890625 0.158768246875 0.6563989343750001 0.142179146875 0.6919438390625 0.142179146875 0.7061601890625 0.15165805625 0.7203785546875 0.18009478750000002 0.7227492890625
1 0.0734600703125 0.7132703796875 0.0781995265625 0.7014227484375 0.0710893359375 0.687204384375 0.0710893359375 0.6682465640624999 0.059241706250000005 0.6563989343750001 0.049762796875 0.6374411140625 0.030804976562500003 0.6374411140625 0.021326065625 0.6611383890625 0.021326065625 0.7085309234375 0.028436256250000003 0.7203785546875 0.045023340625000005 0.725118009375 0.0734600703125 0.7132703796875
1 1 0.199999421875 0.9976296203125001 0.2014213265625 0.9952609000000001 0.21563969218749998 1 0.2235386390625 1 0.199999421875
1 0.46771335 1 0.457345853125 0.9881507109375001 0.433648578125 0.9881507109375001 0.41841542187499997 1 0.46771335 1
1 0.32727819375 1 0.32464514218749996 0.9881507109375001 0.3104267765625 0.9810425359374999 0.28910023749999997 0.985781990625 0.27488049999999997 1 0.32727819375 1
1 0.632701659375 0.2014213265625 0.6137438390625001 0.22985805625000003 0.61848329375 0.244076421875 0.64928874375 0.251184596875 0.687204384375 0.2488158765625 0.7227492890625 0.22748732187499998 0.7393363749999999 0.20853151718750002 0.7535547390625 0.18009478750000002 0.7582941937500001 0.1469186015625 0.7535547390625 0.1184838859375 0.7322281984375001 0.080568246875 0.7203785546875 0.0853077015625 0.6824649296875 0.142179146875 0.632701659375 0.2014213265625
1 0.42890872812499997 0 0.4170614921875 0.014217890624999998 0.4052138625 0.0710893359375 0.364929503125 0.104265521875 0.3554505921875 0.1184838859375 0.3554505921875 0.1563975125 0.3862560421875 0.1919424171875 0.40995331718749994 0.20616078125 0.4312798578125 0.20853151718750002 0.4526063984375 0.19905260625 0.5047383890625 0.12085260625000001 0.5284356640625 0.049762796875 0.5284356640625 0.014217890624999998 0.516248159375 0 0.42890872812499997 0
1 0.41232203749999996 0.6232227484374999 0.39810367343749997 0.6445492890625 0.39810367343749997 0.6943125593749999 0.41232203749999996 0.725118009375 0.4431274875 0.7606629140625001 0.48104312812499994 0.7654023703124999 0.4976302125 0.7582941937500001 0.5165880328125 0.7393363749999999 0.5213274875 0.7298574640625 0.5165880328125 0.7061601890625 0.47867239375 0.670615284375 0.48341184843749996 0.64928874375 0.48104312812499994 0.6303309234375 0.457345853125 0.6113751187500001 0.433648578125 0.6113751187500001 0.41232203749999996 0.6232227484374999
1 0.6943125593749999 0.24644514218750002 0.6824649296875 0.251184596875 0.64218056875 0.298579146875 0.627962203125 0.3009478671875 0.609004384375 0.3151662328125 0.6066356640625 0.3388635078125 0.6255914687499999 0.3672982234375 0.6540281984375 0.3815165875 0.6824649296875 0.3815165875 0.6990520140625 0.3744084125 0.718009834375 0.3530798578125 0.7322281984375001 0.32464514218749996 0.73459691875 0.2962084125 0.725118009375 0.2701424171875 0.7061601890625 0.2488158765625 0.6943125593749999 0.24644514218750002
1 0.3270138625 0.2559240515625 0.3341240515625 0.28436078125 0.3436009484375 0.2938396921875 0.360190046875 0.3009478671875 0.4312798578125 0.305687321875 0.44786694374999997 0.2938396921875 0.450237678125 0.26066350781250003 0.433648578125 0.220379146875 0.3578193125 0.17535533125 0.33649277187500004 0.17535533125 0.312795496875 0.1872029625 0.305687321875 0.2014213265625 0.305687321875 0.21563969218749998 0.3270138625 0.2559240515625
1 0.274881871875 0.48341184843749996 0.2582947875 0.5284356640625 0.22985805625000003 0.5521329390624999 0.21327097187500002 0.578198934375 0.2227478671875 0.6018962078125 0.251184596875 0.6303309234375 0.281990046875 0.6445492890625 0.298579146875 0.6445492890625 0.317534953125 0.6350703796875 0.3388635078125 0.6042649296875 0.3459716828125 0.535545853125 0.3388635078125 0.5094778437499999 0.31990568750000004 0.48341184843749996 0.3033165875 0.4763036734375 0.28436078125 0.4763036734375 0.274881871875 0.48341184843749996
1 0 0.165876421875 0.045023340625000005 0.165876421875 0.12085260625000001 0.1729866109375 0.1255920609375 0.16824715625 0.12085260625000001 0.1469186015625 0.1018947875 0.123223340625 0.028436256250000003 0.080568246875 0.0118491703125 0.0639811609375 0 0.059859634375000005 0 0.165876421875
1 0.8823056046875 0 0.8909949046874999 0.0118491703125 0.8909949046874999 0.0616104265625 0.924171090625 0.1184838859375 0.9383894546875 0.13270225156249998 0.9502370859375 0.13744170625000002 0.9810425359374999 0.135070971875 1 0.12778002187499998 1 0.030353267187499998 0.9952609000000001 0.026065521874999997 0.985781990625 0.0071097156250000005 0.9843602078125 0 0.8823056046875 0
1 0.7677731046875 0.1919424171875 0.7843601890625 0.220379146875 0.8293840046875 0.2559240515625 0.85545 0.263032228125 0.8981050953124999 0.26066350781250003 0.9052132703125 0.25355533124999996 0.90284455 0.2322267765625 0.857820734375 0.16113696718749998 0.7985785546875 0.09004715625000001 0.7867289093750001 0.0853077015625 0.7772520140625 0.0876784359375 0.76303365 0.12085260625000001 0.7606629140625001 0.1563975125 0.7677731046875 0.1919424171875
1 0.52606694375 0.748815284375 0.52606694375 0.772512559375 0.5426540281250001 0.7867289093750001 0.5995254734375 0.8175363750000001 0.6303309234375 0.8649289093749999 0.6540281984375 0.8672976296874999 0.6658758296875 0.8625601890624999 0.6943125593749999 0.8293840046875 0.7085309234375 0.7962078203125 0.7108996453125 0.76303365 0.70379146875 0.7440758296875 0.6658758296875 0.72748874375 0.6066356640625 0.7132703796875 0.5687200234375 0.7132703796875 0.5473934828125 0.725118009375 0.52606694375 0.748815284375
1 0.457345853125 0.9668241703125 0.48341184843749996 0.96445545 0.488151303125 0.9597159953125001 0.488151303125 0.9360187203124999 0.46445402812500003 0.8909949046874999 0.4312798578125 0.8530812796875 0.4052138625 0.848341825 0.39336421875 0.876776540625 0.39336421875 0.90284455 0.4052138625 0.9360187203124999 0.4218009484375 0.95260580625 0.457345853125 0.9668241703125
1 0.5402853078125001 0.5402853078125001 0.5402853078125001 0.554501659375 0.566351303125 0.5971567531249999 0.5687200234375 0.6374411140625 0.5758302125 0.64928874375 0.5900465640625 0.6563989343750001 0.651659478125 0.651659478125 0.6611383890625 0.6445492890625 0.6611383890625 0.620854028125 0.6255914687499999 0.55687239375 0.6137438390625001 0.5094778437499999 0.6042649296875 0.4976302125 0.585307109375 0.4976302125 0.5521329390624999 0.518956753125 0.5402853078125001 0.5402853078125001
1 0.6218023796875001 0 0.6587676546875 0.030804976562500003 0.6895731046875 0.037915165625000004 0.69668329375 0.030804976562500003 0.69668329375 0.0118491703125 0.6934513671875 0 0.6218023796875001 0
1 0 0.47476984375000003 0.0047389812500000005 0.47867239375 0.0118491703125 0.5047383890625 0.0236968015625 0.5213274875 0.03554443125 0.52606694375 0.06634988124999999 0.5213274875 0.08293898125 0.5071091234375 0.104265521875 0.4620853078125 0.123223340625 0.43838803281249994 0.127962796875 0.40995331718749994 0.11611315156249999 0.39810367343749997 0.080568246875 0.37914786718750004 0 0.36006458750000003 0 0.47476984375000003
1 0.920508159375 1 0.907581990625 0.9905214453125 0.8815159953125 0.9834132703125 0.8744078203125 0.9881507109375001 0.8727144484375 1 0.920508159375 1
1 0.843880665625 1 0.834123459375 0.97630308125 0.82464455 0.9668241703125 0.8056867296875 0.9668241703125 0.7962078203125 0.9834132703125 0.7962078203125 1 0.843880665625 1
1 0.6018962078125 0.9265398109375 0.6066356640625 0.8957343609375 0.5924172984375 0.8720370859375001 0.566351303125 0.869668365625 0.52606694375 0.8957343609375 0.5094778437499999 0.9265398109375 0.5142172984375 0.9549765406249999 0.53317511875 0.96445545 0.5450227484375 0.96445545 0.6018962078125 0.9265398109375
1 0.41548276093750003 1 0.426540403125 0.9905214453125 0.42890912343750004 0.97630308125 0.414692771875 0.9502370859375 0.40284312812499995 0.9454976296875 0.395734953125 0.96445545 0.395734953125 0.9976296203125001 0.40047504062500006 1 0.41548276093750003 1
1 0.3790127625 1 0.3625587671875 0.8909949046874999 0.3625587671875 0.85545 0.3530798578125 0.8459710906250001 0.3341240515625 0.8459710906250001 0.3270138625 0.857820734375 0.3270138625 0.8933656390625 0.3341240515625 0.9218003546875 0.341232228125 0.9265398109375 0.3459716828125 0.940758175 0.3388635078125 0.985781990625 0.3400478359375 1 0.3790127625 1
1 0.10663424218749999 0.9668241703125 0.11611315156249999 0.94786635 0.11611315156249999 0.9265398109375 0.092417890625 0.8672976296874999 0.07582879218750001 0.8649289093749999 0.06872061562500001 0.85545 0.054502251562500006 0.8530812796875 0.049762796875 0.857820734375 0.059241706250000005 0.8672976296874999 0.09004715625000001 0.9549765406249999 0.09952606562500001 0.9668241703125 0.10663424218749999 0.9668241703125
1 0 0.777589684375 0.03554443125 0.7843601890625 0.07582879218750001 0.7654023703124999 0.0876784359375 0.7511840046875 0.0947866109375 0.72748874375 0.104265521875 0.7227492890625 0.09004715625000001 0.7227492890625 0.056872985937499995 0.73459691875 0.0118491703125 0.7606629140625001 0 0.7619799859375 0 0.777589684375
1 0.10663424218749999 0.73459691875 0.0971573453125 0.7654023703124999 0.0971573453125 0.791468365625 0.104265521875 0.7985785546875 0.123223340625 0.8009472750000001 0.13270225156249998 0.791468365625 0.13270225156249998 0.7772520140625 0.12085260625000001 0.741707109375 0.10663424218749999 0.73459691875
1 0.2265869671875 0.991681634375 0.17395746406249998 0.8790526062499999 0.1684364921875 0.9224408765625001 0.190592890625 0.9759949046875 0.2265869671875 0.991681634375
1 0.127795615625 0.9427482234375001 0.1361143359375 0.9492178906250001 0.14350651718750002 0.9482933656249999 0.1481271328125 0.936302725 0.14350651718750002 0.9261369671875 0.1351898109375 0.9261369671875 0.1287201421875 0.9316821093750001 0.127795615625 0.9427482234375001
1 0.140734953125 0.980615521875 0.14258199062500002 0.9861364921875 0.15549715625 0.9926061609374999 0.1647383890625 0.9926061609374999 0.1647383890625 0.9833649296875 0.1591952609375 0.9713742890624999 0.1481271328125 0.9732233406249999 0.140734953125 0.980615521875
1 0.0908770140625 0.8513752374999999 0.09826919375 0.861516825 0.10566338906249999 0.8624413499999999 0.109337321875 0.8568962078125001 0.110259834375 0.8513752374999999 0.0991937203125 0.8412094781249999 0.0908770140625 0.84490556875 0.0908770140625 0.8513752374999999
1 0 0.9016577328125001 0.0071097156250000005 0.907581990625 0.03554443125 0.907581990625 0.037915165625000004 0.8838867296874999 0.018957345312500002 0.8601894546875 0.0094784359375 0.8364921796875 0 0.8337838906249999 0 0.9016577328125001
1 0.298579146875 0.803318009375 0.27725059218750003 0.8080574640625 0.2559240515625 0.8388629140624999 0.25355533124999996 0.8649289093749999 0.26777168281249997 0.9218003546875 0.2796213265625 0.919431634375 0.298579146875 0.8957343609375 0.3080560421875 0.8080574640625 0.298579146875 0.803318009375
1 0.6777254734375 0.869668365625 0.6611383890625 0.88625545 0.6374411140625 0.900473815625 0.627962203125 0.9123214453124999 0.627962203125 0.9218003546875 0.639809834375 0.9383894546875 0.6658758296875 0.9549765406249999 0.70379146875 0.96445545 0.7132703796875 0.9597159953125001 0.7227492890625 0.9360187203124999 0.72748874375 0.8933656390625 0.718009834375 0.8625601890624999 0.7014227484375 0.8507105453125 0.68009419375 0.8601894546875 0.6777254734375 0.869668365625
1 0.8127969187499999 0.8957343609375 0.7938391 0.8838867296874999 0.772512559375 0.88625545 0.7677731046875 0.900473815625 0.7850712078125001 0.9144545031250001 0.7995252374999999 0.9203783171875 0.8056867296875 0.9265398109375 0.8151656390625 0.9336499999999999 0.8199050953125001 0.9052132703125 0.8127969187499999 0.8957343609375
1 0.8649289093749999 0.96445545 0.8815159953125 0.9502370859375 0.876776540625 0.9265398109375 0.8753545031250001 0.9239334124999999 0.866588625 0.9168252375 0.8611381515625001 0.9123214453124999 0.8436023703125001 0.907581990625 0.82464455 0.931279265625 0.8293840046875 0.95260580625 0.8507105453125 0.96445545 0.8649289093749999 0.96445545
1 0.9549765406249999 0.9597159953125001 0.9549765406249999 0.9146921796875 0.9218003546875 0.8672976296874999 0.8981050953124999 0.8507105453125 0.8601894546875 0.8507105453125 0.85545 0.857820734375 0.857820734375 0.8909949046874999 0.876776540625 0.931279265625 0.9170609000000001 0.9620847156250001 0.9360187203124999 0.9668241703125 0.9549765406249999 0.9597159953125001
1 0.4763036734375 0.8009472750000001 0.47867239375 0.8151656390625 0.4952614921875 0.82464455 0.5071091234375 0.82464455 0.5213274875 0.7962078203125 0.5213274875 0.78199146875 0.5071091234375 0.78199146875 0.4763036734375 0.8009472750000001
1 0.31990568750000004 0.803318009375 0.360190046875 0.7677731046875 0.3672982234375 0.755923459375 0.3672982234375 0.7440758296875 0.3507111375 0.725118009375 0.33649277187500004 0.7227492890625 0.286729503125 0.7654023703124999 0.281990046875 0.779620734375 0.2938396921875 0.7962078203125 0.305687321875 0.803318009375 0.31990568750000004 0.803318009375
1 0.2654029625 0.803318009375 0.27725059218750003 0.74644455 0.263032228125 0.7298574640625 0.244076421875 0.7369676546874999 0.21090023750000003 0.76303365 0.196681871875 0.78199146875 0.19905260625 0.8009472750000001 0.22985805625000003 0.82464455 0.25355533124999996 0.8222758296875 0.2654029625 0.803318009375
1 0.14454988124999998 0.61848329375 0.127962796875 0.6161145734375 0.092417890625 0.627962203125 0.07582879218750001 0.6374411140625 0.07582879218750001 0.6563989343750001 0.08293898125 0.6611383890625 0.09952606562500001 0.6587676546875 0.13744170625000002 0.6350703796875 0.14454988124999998 0.61848329375
1 0.2488158765625 0.6658758296875 0.2654029625 0.6658758296875 0.28436078125 0.6563989343750001 0.281990046875 0.64928874375 0.244076421875 0.6303309234375 0.2322267765625 0.6374411140625 0.2369662328125 0.6587676546875 0.2488158765625 0.6658758296875
1 0.286729503125 0.6611383890625 0.28436078125 0.6895731046875 0.3009478671875 0.7108996453125 0.3270138625 0.7156391 0.3507111375 0.7014227484375 0.3530798578125 0.6848336500000001 0.3151662328125 0.6587676546875 0.2962084125 0.6540281984375 0.286729503125 0.6611383890625
1 0.42890912343750004 0.748815284375 0.3862560421875 0.6919438390625 0.372037678125 0.6895731046875 0.3625587671875 0.6990520140625 0.360190046875 0.7108996453125 0.3862560421875 0.755923459375 0.39810367343749997 0.7677731046875 0.4218009484375 0.7677731046875 0.42890912343750004 0.7606629140625001 0.42890912343750004 0.748815284375
1 0.7085309234375 0.68009419375 0.687204384375 0.68009419375 0.67298601875 0.687204384375 0.6587676546875 0.7014227484375 0.6563989343750001 0.7156391 0.67298601875 0.718009834375 0.6895731046875 0.7132703796875 0.7085309234375 0.6919438390625 0.7085309234375 0.68009419375
1 0.8056867296875 0.7606629140625001 0.8199050953125001 0.7582941937500001 0.8175363750000001 0.7535547390625 0.8364921796875 0.7298574640625 0.848341825 0.7014227484375 0.8459710906250001 0.6777254734375 0.8222758296875 0.6611383890625 0.8080574640625 0.6658758296875 0.7890996453125 0.70379146875 0.770141825 0.72748874375 0.7748812796875 0.7393363749999999 0.8056867296875 0.7606629140625001
1 0.95260580625 0.6161145734375 0.9360187203124999 0.5758302125 0.9123214453124999 0.5592411140625 0.8981050953124999 0.566351303125 0.8744078203125 0.6658758296875 0.8815159953125 0.6990520140625 0.8981050953124999 0.7298574640625 0.9099527249999999 0.72748874375 0.9549765406249999 0.6540281984375 0.95260580625 0.6161145734375
1 1 0.6587671203125 0.9952609000000001 0.651659478125 0.9739343609375 0.6445492890625 0.9597159953125001 0.651659478125 0.9597159953125001 0.6682465640624999 0.9786738156249999 0.687204384375 0.992890165625 0.68009419375 1 0.6587687203125 1 0.6587671203125
1 0.876776540625 0.578198934375 0.85545 0.55687239375 0.8436023703125001 0.5521329390624999 0.834123459375 0.55687239375 0.8151656390625 0.6255914687499999 0.8199050953125001 0.6445492890625 0.8436023703125001 0.6374411140625 0.869668365625 0.61848329375 0.8815159953125 0.6018962078125 0.876776540625 0.578198934375
1 0.687204384375 0.663507109375 0.7014227484375 0.6658758296875 0.7108996453125 0.6777254734375 0.7108996453125 0.6682465640624999 0.7322281984375001 0.6540281984375 0.7393363749999999 0.6350703796875 0.7322281984375001 0.6042649296875 0.70379146875 0.578198934375 0.6848336500000001 0.578198934375 0.6611383890625 0.5971567531249999 0.6587676546875 0.6255914687499999 0.663507109375 0.639809834375 0.687204384375 0.663507109375
1 0.53317511875 0.6824649296875 0.5450227484375 0.6777254734375 0.56398056875 0.632701659375 0.5616118484375 0.6161145734375 0.5473934828125 0.609004384375 0.5308063984375 0.6113751187500001 0.5118485781250001 0.6303309234375 0.5165880328125 0.6445492890625 0.5071091234375 0.6587676546875 0.5071091234375 0.6682465640624999 0.53317511875 0.6824649296875
1 0.22511860156250002 0.5308063984375 0.21563969218749998 0.5308063984375 0.189573696875 0.5450227484375 0.1872029625 0.5616118484375 0.196681871875 0.5710907578125 0.20853151718750002 0.573459478125 0.22985805625000003 0.55687239375 0.2322267765625 0.5379145734375 0.22511860156250002 0.5308063984375
1 0.10663424218749999 0.5450227484375 0.09004715625000001 0.55687239375 0.09004715625000001 0.5710907578125 0.104265521875 0.5900465640625 0.12085260625000001 0.5900465640625 0.135070971875 0.578198934375 0.13744170625000002 0.5592411140625 0.127962796875 0.5450227484375 0.10663424218749999 0.5450227484375
1 0.25355533124999996 0.4976302125 0.244076421875 0.488151303125 0.1848342421875 0.46919348281250006 0.16824715625 0.46919348281250006 0.14454988124999998 0.48341184843749996 0.1492893359375 0.4952614921875 0.21090023750000003 0.5165880328125 0.2345975125 0.535545853125 0.244076421875 0.535545853125 0.25355533124999996 0.52606694375 0.25355533124999996 0.4976302125
1 0.329384596875 0.4952614921875 0.341232228125 0.5071091234375 0.3554505921875 0.5047383890625 0.360190046875 0.48341184843749996 0.34834040312500003 0.46682476250000005 0.32464514218749996 0.46682476250000005 0.3222744078125 0.48104312812499994 0.329384596875 0.4952614921875
1 0.47156421875000004 0.46445402812500003 0.46682476250000005 0.46919348281250006 0.46919348281250006 0.5000009484375 0.4928907578125 0.5308063984375 0.5142172984375 0.5308063984375 0.5165880328125 0.5165880328125 0.5071091234375 0.4952614921875 0.4857825828125 0.46445402812500003 0.47156421875000004 0.46445402812500003
1 0.5165880328125 0.5236962078125 0.5118485781250001 0.56398056875 0.5236962078125 0.573459478125 0.5379145734375 0.56398056875 0.5450227484375 0.518956753125 0.5379145734375 0.5142172984375 0.5236962078125 0.5142172984375 0.5165880328125 0.5236962078125
1 0.4905220375 0.56398056875 0.48341184843749996 0.573459478125 0.48341184843749996 0.58767784375 0.4976302125 0.6018962078125 0.5213274875 0.5995254734375 0.5308063984375 0.5900465640625 0.5308063984375 0.5758302125 0.5000009484375 0.5616118484375 0.4905220375 0.56398056875
1 0.6919438390625 0.5236962078125 0.6658758296875 0.5236962078125 0.6374411140625 0.5521329390624999 0.6374411140625 0.578198934375 0.651659478125 0.5924172984375 0.670615284375 0.5924172984375 0.6895731046875 0.5710907578125 0.6990520140625 0.549762203125 0.6919438390625 0.5236962078125
1 0.7582941937500001 0.5710907578125 0.7298574640625 0.578198934375 0.72748874375 0.5971567531249999 0.73459691875 0.6066356640625 0.7511840046875 0.6113751187500001 0.7606629140625001 0.6042649296875 0.7677731046875 0.5924172984375 0.7677731046875 0.5758302125 0.7582941937500001 0.5710907578125
1 0.8388629140624999 0.53317511875 0.8530812796875 0.5426540281250001 0.9123214453124999 0.5379145734375 0.94786635 0.5118485781250001 0.96445545 0.5071091234375 0.97630308125 0.4763036734375 0.97630308125 0.45497713281249996 0.9597159953125001 0.44786694374999997 0.9336499999999999 0.450237678125 0.876776540625 0.47393293906249995 0.8412316343749999 0.5094778437499999 0.8388629140624999 0.53317511875
1 0.9383894546875 0.40047440781250004 0.9597159953125001 0.3815165875 0.9573452609374999 0.372037678125 0.931279265625 0.3696689578125 0.9123214453124999 0.3744084125 0.907581990625 0.3838853078125 0.907581990625 0.41232203749999996 0.9218003546875 0.43601931250000003 0.9360187203124999 0.433648578125 0.9383894546875 0.40047440781250004
1 0.7938391 0.44549822343749995 0.7938391 0.4597165875 0.8199050953125001 0.47393293906249995 0.8436023703125001 0.46919348281250006 0.857820734375 0.4597165875 0.857820734375 0.450237678125 0.8507105453125 0.4431274875 0.7985785546875 0.44075876718749996 0.7938391 0.44549822343749995
1 0.73459691875 0.25355533124999996 0.7369676546874999 0.31990568750000004 0.7322281984375001 0.3459716828125 0.7369676546874999 0.3744084125 0.73459691875 0.4075825828125 0.7298574640625 0.41232203749999996 0.73459691875 0.4218009484375 0.73459691875 0.4620853078125 0.7440758296875 0.46919348281250006 0.770141825 0.46919348281250006 0.7867289093750001 0.457345853125 0.791468365625 0.3270138625 0.7867289093750001 0.27725059218750003 0.779620734375 0.251184596875 0.741707109375 0.24644514218750002 0.73459691875 0.25355533124999996
1 0.907581990625 0.3388635078125 0.876776540625 0.3388635078125 0.8649289093749999 0.3459716828125 0.8649289093749999 0.3530798578125 0.879147275 0.3672982234375 0.8957343609375 0.3744084125 0.9265398109375 0.372037678125 0.9431289093749999 0.3530798578125 0.931279265625 0.3436009484375 0.907581990625 0.3388635078125
1 0.725118009375 0.40995331718749994 0.7085309234375 0.414692771875 0.6824649296875 0.44786694374999997 0.6895731046875 0.4597165875 0.7085309234375 0.46919348281250006 0.7227492890625 0.46919348281250006 0.7322281984375001 0.457345853125 0.7322281984375001 0.419432228125 0.725118009375 0.40995331718749994
1 0.6587676546875 0.3838853078125 0.64928874375 0.40047440781250004 0.6540281984375 0.4312798578125 0.6658758296875 0.44075876718749996 0.6895731046875 0.43838803281249994 0.7085309234375 0.4170614921875 0.7061601890625 0.40047440781250004 0.6895731046875 0.3838853078125 0.6587676546875 0.3838853078125
1 0.6824649296875 0.4526063984375 0.6658758296875 0.4526063984375 0.6611383890625 0.457345853125 0.6611383890625 0.46919348281250006 0.6682465640624999 0.48104312812499994 0.7014227484375 0.50236966875 0.7156391 0.4952614921875 0.7156391 0.48104312812499994 0.7085309234375 0.46919348281250006 0.6824649296875 0.4526063984375
1 0.59478601875 0.48341184843749996 0.6255914687499999 0.48341184843749996 0.632701659375 0.46919348281250006 0.632701659375 0.4431274875 0.6232227484374999 0.43838803281249994 0.585307109375 0.44075876718749996 0.58767784375 0.4763036734375 0.59478601875 0.48341184843749996
1 0.5971567531249999 0.39810367343749997 0.609004384375 0.414692771875 0.620854028125 0.414692771875 0.632701659375 0.40284312812499995 0.632701659375 0.3815165875 0.6255914687499999 0.3744084125 0.5971567531249999 0.3862560421875 0.5971567531249999 0.39810367343749997
1 0.53317511875 0.433648578125 0.5213274875 0.44549822343749995 0.5165880328125 0.4928907578125 0.5236962078125 0.5118485781250001 0.5402853078125001 0.5142172984375 0.554501659375 0.4928907578125 0.554501659375 0.4526063984375 0.549762203125 0.43838803281249994 0.53317511875 0.433648578125
1 0.4526063984375 0.4075825828125 0.44549822343749995 0.414692771875 0.44549822343749995 0.4312798578125 0.457345853125 0.450237678125 0.4763036734375 0.4597165875 0.4905220375 0.4597165875 0.4976302125 0.450237678125 0.4952614921875 0.42416966875 0.4526063984375 0.4075825828125
1 0.3554505921875 0.4620853078125 0.372037678125 0.4526063984375 0.3815165875 0.43838803281249994 0.3815165875 0.4170614921875 0.3744084125 0.40995331718749994 0.341232228125 0.4075825828125 0.3222744078125 0.41232203749999996 0.312795496875 0.42416966875 0.3151662328125 0.45497713281249996 0.3317533171875 0.46682476250000005 0.3554505921875 0.4620853078125
1 0.1018947875 0.3270138625 0.104265521875 0.3436009484375 0.12085260625000001 0.364929503125 0.13744170625000002 0.364929503125 0.1540287921875 0.3507111375 0.1540287921875 0.341232228125 0.135070971875 0.3270138625 0.11611315156249999 0.3222744078125 0.1018947875 0.3270138625
1 0 0.35831845 0.03554443125 0.360190046875 0.0473940765625 0.3530798578125 0.045023340625000005 0.329384596875 0.014217890624999998 0.28910023749999997 0 0.28910023749999997 0 0.35831845
1 0.0426546203125 0.2014213265625 0.028436256250000003 0.2014213265625 0.018957345312500002 0.20853151718750002 0.018957345312500002 0.2227478671875 0.037915165625000004 0.2559240515625 0.07582879218750001 0.2654029625 0.092417890625 0.25355533124999996 0.092417890625 0.2345975125 0.07582879218750001 0.21563969218749998 0.0426546203125 0.2014213265625
1 0.46445402812500003 0.286729503125 0.42416966875 0.305687321875 0.419432228125 0.31990568750000004 0.42890912343750004 0.3436009484375 0.43838803281249994 0.34834040312500003 0.45497713281249996 0.3459716828125 0.47393293906249995 0.317534953125 0.4763036734375 0.298579146875 0.46445402812500003 0.286729503125
1 0.5995254734375 0.312795496875 0.5971567531249999 0.28436078125 0.5592411140625 0.281990046875 0.5521329390624999 0.2914689578125 0.554501659375 0.31990568750000004 0.5900465640625 0.32464514218749996 0.5995254734375 0.312795496875
1 0.6587676546875 0.263032228125 0.6563989343750001 0.25355533124999996 0.6303309234375 0.24644514218750002 0.5995254734375 0.22748732187499998 0.58767784375 0.22985805625000003 0.585307109375 0.2559240515625 0.59478601875 0.27725059218750003 0.6066356640625 0.28910023749999997 0.6255914687499999 0.2914689578125 0.651659478125 0.27725059218750003 0.6587676546875 0.263032228125
1 0.755923459375 0.1943131515625 0.7393363749999999 0.21563969218749998 0.7393363749999999 0.2345975125 0.748815284375 0.244076421875 0.7748812796875 0.24644514218750002 0.78199146875 0.2322267765625 0.78199146875 0.21801042656249997 0.7654023703124999 0.1943131515625 0.755923459375 0.1943131515625
1 0.8009472750000001 0.2654029625 0.7890996453125 0.27725059218750003 0.7890996453125 0.3104267765625 0.8056867296875 0.3317533171875 0.8270132703125 0.33649277187500004 0.8459710906250001 0.32464514218749996 0.848341825 0.2962084125 0.831752725 0.2725111375 0.8009472750000001 0.2654029625
1 0.9360187203124999 0.274881871875 0.9170609000000001 0.2559240515625 0.907581990625 0.2559240515625 0.9052132703125 0.27725059218750003 0.9123214453124999 0.3033165875 0.9383894546875 0.3459716828125 0.9573452609374999 0.3554505921875 0.9739343609375 0.3530798578125 0.9739343609375 0.3341240515625 0.9360187203124999 0.274881871875
1 0.1706158765625 0.17772606562499998 0.1303315171875 0.1706158765625 0.11611315156249999 0.1824635078125 0.135070971875 0.196681871875 0.16824715625 0.1943131515625 0.17772606562499998 0.1848342421875 0.1706158765625 0.17772606562499998
1 0.1872029625 0.1303315171875 0.1824635078125 0.165876421875 0.189573696875 0.1872029625 0.2014213265625 0.19905260625 0.22511860156250002 0.2014213265625 0.2393369671875 0.18009478750000002 0.2345975125 0.1563975125 0.20616078125 0.1303315171875 0.1872029625 0.1303315171875
1 0.1729866109375 0.06634988124999999 0.1492893359375 0.0473940765625 0.127962796875 0.0473940765625 0.123223340625 0.05213353125 0.123223340625 0.0781995265625 0.13744170625000002 0.09952606562500001 0.17772606562499998 0.1255920609375 0.1943131515625 0.1255920609375 0.196681871875 0.11137369687500001 0.1729866109375 0.06634988124999999
1 0.00169251875 0 0 0.007899537500000001 0 0.059557576562500006 0.030804976562500003 0.0616104265625 0.030804976562500003 0 0.00169251875 0
1 0.47393293906249995 0.2014213265625 0.4597165875 0.2014213265625 0.43838803281249994 0.21327097187500002 0.44075876718749996 0.2345975125 0.450237678125 0.2559240515625 0.457345853125 0.2559240515625 0.4763036734375 0.2345975125 0.47867239375 0.20853151718750002 0.47393293906249995 0.2014213265625
1 0.55687239375 0.189573696875 0.55687239375 0.1729866109375 0.5402853078125001 0.1635077015625 0.5308063984375 0.1729866109375 0.5284356640625 0.1872029625 0.5426540281250001 0.196681871875 0.55687239375 0.189573696875
1 0.5758302125 0.13744170625000002 0.578198934375 0.1255920609375 0.56398056875 0.1018947875 0.535545853125 0.1018947875 0.5094778437499999 0.1184838859375 0.5071091234375 0.15165805625 0.518956753125 0.16824715625 0.5308063984375 0.16824715625 0.554501659375 0.1469186015625 0.5758302125 0.13744170625000002
1 0.5758302125 0.033175710937500005 0.554501659375 0.054502251562500006 0.549762203125 0.080568246875 0.5592411140625 0.09952606562500001 0.58767784375 0.104265521875 0.6066356640625 0.08293898125 0.6137438390625001 0.056872985937499995 0.6066356640625 0.0402838859375 0.5758302125 0.033175710937500005
1 0.64928874375 0.049762796875 0.6232227484374999 0.10663424218749999 0.5687200234375 0.1824635078125 0.5710907578125 0.189573696875 0.554501659375 0.20853151718750002 0.5473934828125 0.22985805625000003 0.554501659375 0.2488158765625 0.5687200234375 0.2488158765625 0.5900465640625 0.2227478671875 0.6350703796875 0.13270225156249998 0.6824649296875 0.0616104265625 0.6824649296875 0.0426546203125 0.6777254734375 0.03554443125 0.663507109375 0.03554443125 0.64928874375 0.049762796875
1 1 0.15910519218750002 0.985781990625 0.17535533125 0.985781990625 0.1848342421875 0.9907591234374999 0.1919424171875 0.9988159953125001 0.195970853125 1 0.19526071875 1 0.15910519218750002
1 1 0.12322376718750001 0.9881507109375001 0.13744170625000002 1 0.14533955468749998 1 0.12322376718750001
1 0.3137833171875 0 0.312795496875 0.0236968015625 0.3696689578125 0.0616104265625 0.3815165875 0.0616104265625 0.3862560421875 0.056872985937499995 0.3862560421875 0.030804976562500003 0.37677713281249997 0.0047389812500000005 0.3743045765625 0 0.3137833171875 0
1 0.232346228125 0 0.23218044999999998 0.0001425359375 0.241043009375 0.0347629140625 0.2983656390625 0.08170627968750001 0.3314693125 0.08286646875 0.3299284359375 0.07746433593749999 0.23748294531249997 0 0.232346228125 0
1 0.31838898125 0.119027725 0.32376694375000004 0.0990285546875 0.3168481046875 0.093626421875 0.303767771875 0.093626421875 0.279526659375 0.1440523703125 0.278743128125 0.1548103078125 0.29028459687499997 0.16905284375000001 0.3022268953125 0.1501896921875 0.3122274875 0.1374880328125 0.31838898125 0.119027725
1 0.20563910000000002 0.0670850703125 0.221041825 0.089787321875 0.23834194375 0.104787203125 0.245663625 0.10056943125 0.24334123281250003 0.08324715625 0.23412417031250002 0.0647868484375 0.2225827015625 0.0517065171875 0.2079614921875 0.0524638625 0.20563910000000002 0.0670850703125
1 0.48341184843749996 0.3270138625 0.46682476250000005 0.3507111375 0.457345853125 0.37677713281249997 0.45497713281249996 0.395734953125 0.46682476250000005 0.40995331718749994 0.4905220375 0.4170614921875 0.5284356640625 0.4170614921875 0.5450227484375 0.40995331718749994 0.55687239375 0.37914786718750004 0.5521329390624999 0.33649277187500004 0.5379145734375 0.3151662328125 0.5213274875 0.3104267765625 0.50236966875 0.312795496875 0.48341184843749996 0.3270138625
4 0.23046196874999997 1 0.110259834375 0.7250475125 0 0.7641262578125 0 0.8201161515625 0.075474990625 1 0.23046196874999997 1
4 1 0.7444443359374999 0.9061619671875001 0.78594739375 1 0.8906563859375 1 0.7444443359374999
4 0.1296389921875 0 0.27447902812499997 0.18871966874999999 0.3318963265625 0.07767784375 0.2695698578125 0 0.1296389921875 0
4 0.9329611375000001 0.1312802125 0.8334366109375001 0.11981125625 0.9808290281250001 0.35334170625 0.9827244078125 0.179146090625 0.9329611375000001 0.1312802125
1 0.8909949046874999 0.8175363750000001 0.8981050953124999 0.791468365625 0.8957343609375 0.76303365 0.879147275 0.74644455 0.848341825 0.7393363749999999 0.834123459375 0.7582941937500001 0.834123459375 0.8056867296875 0.8507105453125 0.82464455 0.8625601890624999 0.8293840046875 0.8815159953125 0.8270132703125 0.8909949046874999 0.8175363750000001
1 0.72748874375 0.82464455 0.73459691875 0.8293840046875 0.7511840046875 0.82464455 0.76303365 0.7985785546875 0.7440758296875 0.779620734375 0.7203785546875 0.7772520140625 0.7156391 0.7938391 0.72748874375 0.82464455
1 0.360190046875 0.82464455 0.37677713281249997 0.8270132703125 0.39810367343749997 0.8009472750000001 0.414692771875 0.791468365625 0.414692771875 0.7772520140625 0.390995496875 0.772512559375 0.3554505921875 0.779620734375 0.3436009484375 0.791468365625 0.3341240515625 0.8364921796875 0.3436009484375 0.8388629140624999 0.360190046875 0.82464455
1 1 0.5797790968750001 0.9905214453125 0.5710907578125 0.9454976296875 0.549762203125 0.9383894546875 0.5592411140625 0.9383894546875 0.5900465640625 0.95260580625 0.6161145734375 0.9549765406249999 0.632701659375 0.9597159953125001 0.6374411140625 0.992890165625 0.6374411140625 1 0.633886196875 1 0.5797790968750001
1 0.40284312812499995 0.5284356640625 0.39336421875 0.5236962078125 0.3744084125 0.5284356640625 0.34834040312500003 0.566351303125 0.3578193125 0.5900465640625 0.3815165875 0.6018962078125 0.4218009484375 0.59478601875 0.426540403125 0.5900465640625 0.42416966875 0.554501659375 0.40284312812499995 0.5284356640625
1 0.72748874375 0.5236962078125 0.7298574640625 0.535545853125 0.7654023703124999 0.56398056875 0.8056867296875 0.58056966875 0.8199050953125001 0.5758302125 0.8175363750000001 0.5379145734375 0.7985785546875 0.5094778437499999 0.7511840046875 0.5142172984375 0.72748874375 0.5236962078125
1 0.4312798578125 0.372037678125 0.4312798578125 0.3554505921875 0.4075825828125 0.317534953125 0.3744084125 0.32464514218749996 0.33649277187500004 0.3530798578125 0.3436009484375 0.37677713281249997 0.360190046875 0.395734953125 0.3838853078125 0.40995331718749994 0.40995331718749994 0.4052138625 0.4312798578125 0.372037678125
1 0.8459710906250001 0.27725059218750003 0.8459710906250001 0.2938396921875 0.8601894546875 0.312795496875 0.88625545 0.3151662328125 0.907581990625 0.298579146875 0.907581990625 0.274881871875 0.900473815625 0.26777168281249997 0.85545 0.26777168281249997 0.8459710906250001 0.27725059218750003
1 0.0481828203125 0 0.045023340625000005 0.0094784359375 0.0639811609375 0.0336490515625 0.0772508296875 0.037204146874999997 0.092417890625 0.030804976562500003 0.0947866109375 0.0118491703125 0.082937440625 0 0.0481828203125 0
1 0.8293846390624999 0 0.7772520140625 0.026065521874999997 0.772512559375 0.033175710937500005 0.7772520140625 0.054502251562500006 0.7985785546875 0.0876784359375 0.834123459375 0.1018947875 0.879147275 0.0947866109375 0.88625545 0.0876784359375 0.8886261843750001 0.0071097156250000005 0.8815164687499999 0 0.8293846390624999 0
5 0.68009419375 0.7132703796875 0.6753547390625 0.72748874375 0.6895731046875 0.7298574640625 0.6895731046875 0.7132703796875 0.68009419375 0.7132703796875
5 0.5142172984375 0.6018962078125 0.4976302125 0.6018962078125 0.4976302125 0.6137438390625001 0.5118485781250001 0.6137438390625001 0.5142172984375 0.6018962078125
5 0.305687321875 0.72748874375 0.31990568750000004 0.7322281984375001 0.32464514218749996 0.725118009375 0.3222744078125 0.7156391 0.3080560421875 0.7156391 0.305687321875 0.72748874375
5 0.4905220375 0.82464455 0.4928907578125 0.8388629140624999 0.5071091234375 0.8364921796875 0.5071091234375 0.82464455 0.4905220375 0.82464455
5 0.0616104265625 0.049762796875 0.0734600703125 0.054502251562500006 0.0781995265625 0.0473940765625 0.07582879218750001 0.037915165625000004 0.0616104265625 0.037915165625000004 0.0616104265625 0.049762796875
5 0.24644514218750002 0.8388629140624999 0.2488158765625 0.8222758296875 0.2345975125 0.8222758296875 0.22985805625000003 0.8270132703125 0.2322267765625 0.8364921796875 0.2393369671875 0.8412316343749999 0.24644514218750002 0.8388629140624999
5 0.03554443125 0.24170568750000002 0.033175710937500005 0.25355533124999996 0.0473940765625 0.2582947875 0.049762796875 0.244076421875 0.03554443125 0.24170568750000002
5 0.37914786718750004 0.5995254734375 0.37677713281249997 0.6161145734375 0.390995496875 0.6161145734375 0.39336421875 0.6042649296875 0.37914786718750004 0.5995254734375
5 0.12085260625000001 0.3744084125 0.1255920609375 0.3815165875 0.13744170625000002 0.3815165875 0.1398104265625 0.3672982234375 0.123223340625 0.364929503125 0.12085260625000001 0.3744084125
5 0.1184838859375 0.58767784375 0.104265521875 0.5924172984375 0.10663424218749999 0.6066356640625 0.12085260625000001 0.6018962078125 0.1184838859375 0.58767784375
5 0.7440758296875 0.6137438390625001 0.741707109375 0.627962203125 0.7535547390625 0.6303309234375 0.755923459375 0.6161145734375 0.7440758296875 0.6137438390625001
5 0.364929503125 0.8364921796875 0.372037678125 0.8412316343749999 0.3815165875 0.8388629140624999 0.3838853078125 0.8270132703125 0.3696689578125 0.8222758296875 0.364929503125 0.8364921796875
5 0.74644455 0.0071097156250000005 0.748815284375 0.018957345312500002 0.7606629140625001 0.016588625000000003 0.7582941937500001 0.0071097156250000005 0.74644455 0.0071097156250000005
1 0.9242174171875 0.241208175 0.9695494078125 0.22627879218750002 0.9628682468750001 0.17990545 0.9242174171875 0.241208175
2 0.3080560421875 0.22985805625000003 0.2938396921875 0.20616078125 0.26066350781250003 0.1848342421875 0.2369662328125 0.189573696875 0.22748732187499998 0.21090023750000003 0.189573696875 0.251184596875 0.16824715625 0.286729503125 0.158768246875 0.364929503125 0.1469186015625 0.3838853078125 0.1398104265625 0.4218009484375 0.15165805625 0.450237678125 0.17535533125 0.46682476250000005 0.2037920609375 0.46445402812500003 0.2227478671875 0.4763036734375 0.25355533124999996 0.47393293906249995 0.28436078125 0.450237678125 0.298579146875 0.4218009484375 0.2914689578125 0.3459716828125 0.3080560421875 0.22985805625000003
1 0.8625601890624999 0.43601931250000003 0.88625545 0.40995331718749994 0.88625545 0.3838853078125 0.8625601890624999 0.364929503125 0.8293840046875 0.364929503125 0.8199050953125001 0.372037678125 0.8199050953125001 0.390995496875 0.8293840046875 0.4075825828125 0.831752725 0.42890912343750004 0.8412316343749999 0.43838803281249994 0.8625601890624999 0.43601931250000003
1 0.770141825 0.4905220375 0.7677731046875 0.47867239375 0.748815284375 0.4763036734375 0.7440758296875 0.4857825828125 0.74644455 0.4976302125 0.7654023703124999 0.5000009484375 0.770141825 0.4905220375
1 0.5118485781250001 0.158768246875 0.4905220375 0.158768246875 0.4763036734375 0.1729866109375 0.4763036734375 0.19905260625 0.48104312812499994 0.20853151718750002 0.5094778437499999 0.2322267765625 0.53317511875 0.22985805625000003 0.5379145734375 0.21090023750000003 0.518956753125 0.1635077015625 0.5118485781250001 0.158768246875
1 0.7654023703124999 0.6469200234375 0.7938391 0.6445492890625 0.7890996453125 0.6232227484374999 0.7677731046875 0.6232227484374999 0.76303365 0.627962203125 0.7654023703124999 0.6469200234375
1 0.82464455 0.8009472750000001 0.8175363750000001 0.7962078203125 0.8009472750000001 0.7985785546875 0.8009472750000001 0.8151656390625 0.8056867296875 0.8199050953125001 0.8222758296875 0.8199050953125001 0.82464455 0.8009472750000001
1 0.030804976562500003 0.6018962078125 0.049762796875 0.6113751187500001 0.059241706250000005 0.6042649296875 0.0616104265625 0.5924172984375 0.049762796875 0.5829383890625001 0.0402838859375 0.5829383890625001 0.033175710937500005 0.58767784375 0.030804976562500003 0.6018962078125
1 0.604264040625 1 0.5924172984375 0.9952609000000001 0.5782 1 0.604264040625 1
1 0 0.7108996453125 0.0094784359375 0.7108996453125 0.0118491703125 0.6990520140625 0.0071097156250000005 0.6848336500000001 0 0.68412298125 0 0.7108996453125
1 0.46682476250000005 0.585307109375 0.46445402812500003 0.566351303125 0.44075876718749996 0.5687200234375 0.44075876718749996 0.58056966875 0.44786694374999997 0.5900465640625 0.4620853078125 0.5900465640625 0.46682476250000005 0.585307109375
1 0.2488158765625 0.9691949046874999 0.2582947875 0.9739343609375 0.2725111375 0.9715636249999999 0.27725059218750003 0.9502370859375 0.2701424171875 0.9454976296875 0.251184596875 0.94786635 0.24644514218750002 0.9597159953125001 0.2488158765625 0.9691949046874999
1 0.585307109375 0.395734953125 0.5900465640625 0.37914786718750004 0.5710907578125 0.372037678125 0.56398056875 0.37914786718750004 0.566351303125 0.39336421875 0.5758302125 0.39810367343749997 0.585307109375 0.395734953125
1 0.1469186015625 0.834123459375 0.13744170625000002 0.82464455 0.127962796875 0.82464455 0.123223340625 0.8293840046875 0.1255920609375 0.8436023703125001 0.14454988124999998 0.8507105453125 0.1469186015625 0.834123459375
1 0.3388635078125 0.64218056875 0.3388635078125 0.6611383890625 0.3672982234375 0.6611383890625 0.3672982234375 0.64218056875 0.3388635078125 0.64218056875
1 0.488151303125 0.879147275 0.5094778437499999 0.8815159953125 0.5142172984375 0.876776540625 0.5142172984375 0.8625601890624999 0.4905220375 0.857820734375 0.488151303125 0.879147275
1 0.1398104265625 0.535545853125 0.1635077015625 0.5402853078125001 0.1706158765625 0.5284356640625 0.16824715625 0.5165880328125 0.1635077015625 0.5118485781250001 0.14454988124999998 0.5118485781250001 0.1398104265625 0.5165880328125 0.1398104265625 0.535545853125
1 0.6824649296875 0.50236966875 0.6777254734375 0.4976302125 0.6587676546875 0.5000009484375 0.6587676546875 0.5213274875 0.67298601875 0.5236962078125 0.6824649296875 0.518956753125 0.6824649296875 0.50236966875
1 0.95260580625 0.7132703796875 0.9454976296875 0.7203785546875 0.9454976296875 0.73459691875 0.9691949046874999 0.73459691875 0.9691949046874999 0.7132703796875 0.95260580625 0.7132703796875
1 0.395734953125 0.433648578125 0.41232203749999996 0.43601931250000003 0.4170614921875 0.4312798578125 0.4170614921875 0.41232203749999996 0.39336421875 0.41232203749999996 0.395734953125 0.433648578125
1 0.7132703796875 0.40995331718749994 0.72748874375 0.40995331718749994 0.7322281984375001 0.4052138625 0.7322281984375001 0.39336421875 0.7108996453125 0.3744084125 0.69668329375 0.37677713281249997 0.6943125593749999 0.3886247625 0.7132703796875 0.40995331718749994
1 0.6540281984375 0.50236966875 0.6445492890625 0.4976302125 0.6161145734375 0.5000009484375 0.6161145734375 0.5165880328125 0.620854028125 0.5213274875 0.6540281984375 0.518956753125 0.6540281984375 0.50236966875
1 0.142179146875 0.4905220375 0.104265521875 0.488151303125 0.0971573453125 0.4976302125 0.104265521875 0.5118485781250001 0.135070971875 0.5118485781250001 0.142179146875 0.5071091234375 0.142179146875 0.4905220375
1 0.58767784375 0.6658758296875 0.5687200234375 0.6658758296875 0.5450227484375 0.6777254734375 0.535545853125 0.6990520140625 0.5379145734375 0.7156391 0.5616118484375 0.7132703796875 0.5829383890625001 0.70379146875 0.5900465640625 0.69668329375 0.58767784375 0.6658758296875
1 0.7890996453125 0.5000009484375 0.810426184375 0.5047383890625 0.8293840046875 0.5000009484375 0.82464455 0.48341184843749996 0.8009472750000001 0.46445402812500003 0.7867289093750001 0.46919348281250006 0.7843601890625 0.4928907578125 0.7890996453125 0.5000009484375
1 0.8009472750000001 0.4431274875 0.8222758296875 0.43601931250000003 0.8222758296875 0.4218009484375 0.8151656390625 0.414692771875 0.7890996453125 0.414692771875 0.7843601890625 0.419432228125 0.7890996453125 0.44075876718749996 0.8009472750000001 0.4431274875
1 0.312795496875 0.414692771875 0.3303312796875 0.40853127968749997 0.3436009484375 0.40284312812499995 0.341232228125 0.39336421875 0.3317533171875 0.3886247625 0.3009478671875 0.39336421875 0.3033165875 0.40995331718749994 0.312795496875 0.414692771875
1 0.2345975125 0.7132703796875 0.263032228125 0.7132703796875 0.2701424171875 0.7014227484375 0.26777168281249997 0.6919438390625 0.22985805625000003 0.6895731046875 0.22511860156250002 0.6943125593749999 0.22511860156250002 0.7061601890625 0.2345975125 0.7132703796875