1 0 0.719469115625 0.023529059375 0.7123885750000001 0.0323524703125 0.6991139640624999 0.029412059375 0.6460177078125 0.023529059375 0.6371672390625001 0.0029418234375000003 0.6371672390625001 0 0.639380096875 0 0.719469115625
1 0 0.2367254734375 0.017646059375000002 0.2433618046875 0.035295059375 0.2212389109375 0.041175882812499995 0.10619374374999999 0.014705646875 0.0530974875 0 0.050885367187499995 0 0.2367254734375
1 0.90882370625 0.4203536984375 0.944117353125 0.42920416875 0.9735301765625 0.402654946875 0.985294 0.3584069734375 0.9705875875000001 0.340708221875 0.9323535296875001 0.3451323625 0.8970598828125 0.3672574421875 0.8941172937499999 0.3893803359375 0.90882370625 0.4203536984375
1 0.9044124671875 1 0.91470670625 0.9911510265624999 0.9382343531249999 0.946903053125 0.941176940625 0.8761058578125 0.9205875296875 0.831857884375 0.8941172937499999 0.8141591328125 0.8588236468750001 0.8097349906250001 0.8294108234375 0.82743374375 0.8147065874999999 0.8539829640625 0.8088235875 0.9292043015625 0.8235300000000001 0.977876415625 0.8406854359375 1 0.9044124671875 1
1 0.3823528828125 0.938052584375 0.370589059375 0.9159296906250001 0.33823582343749997 0.8938046109375 0.3176464125 0.8982309374999999 0.320589 0.938052584375 0.3411762359375 0.973452275 0.36764647031250003 0.977876415625 0.3794124703125 0.9646018046875 0.3823528828125 0.938052584375
5 0.0004715296875 0.7192040265624999 0.002911353125 0.763274946875 0.012059059375 0.7623459640625 0.0126771765625 0.720133009375 0.0004715296875 0.7192040265624999
1 0.3887259140625 0 0.4205891171875 0.0221241234375 0.4558827640625 0.0221241234375 0.46470617656249996 0.0088495125 0.46372579687500004 0 0.3887259140625 0
1 0.57058929375 0.1769909375 0.5852935296874999 0.1592921859375 0.5911765296875 0.1150442125 0.5794127062500001 0.09292131875000001 0.5558828828125 0.088494990625 0.538236059375 0.11062007031250001 0.5352934703125001 0.15486804375000002 0.5470594703125 0.172566796875 0.57058929375 0.1769909375
1 0.7323532937499999 0.49999917656250004 0.7029404703125001 0.4778762828125 0.6823532359375 0.4380524515625 0.6735298234375 0.4513270625 0.6735298234375 0.5132737875 0.691176646875 0.548673478125 0.7088234703125 0.561945903125 0.7558831171875 0.5575217609374999 0.782353353125 0.5132737875 0.782353353125 0.48672675156249995 0.7323532937499999 0.49999917656250004
1 0.73823629375 0.057521628125 0.700000059375 0.061947956250000005 0.6705872359375 0.0398228765625 0.65 0.0398228765625 0.6470595875 0.061947956250000005 0.655883 0.11062007031250001 0.685293646875 0.1681426546875 0.7235298828125 0.194689690625 0.7529405296875 0.1991160171875 0.7647065296875 0.19026554843750001 0.773529940625 0.163716328125 0.773529940625 0.12389468125 0.7647065296875 0.088494990625 0.73823629375 0.057521628125
1 0.44117635312500003 0.7920362390625 0.4794125875 0.7920362390625 0.5147062359375 0.747788265625 0.5235296468749999 0.6814152124999999 0.5176466468750001 0.6681406015625 0.5029402359375 0.6681406015625 0.46470617656249996 0.6946898234375001 0.44705935312499995 0.6946898234375001 0.39999970625 0.6769910703125 0.39705929375000004 0.7256631859375 0.41176570625000003 0.7654870171875 0.44117635312500003 0.7920362390625
1 0.2470591171875 0.9557513359375 0.2499995296875 0.9203538312499999 0.23529311718749998 0.8982309374999999 0.2147058828125 0.8982309374999999 0.19705905937499998 0.9159296906250001 0.19705905937499998 0.938052584375 0.22941229375 0.973452275 0.2470591171875 0.9557513359375
1 0.2764697640625 0.7300895125 0.23235270625 0.7035402921875 0.2058824703125 0.6681406015625 0.1676462359375 0.6725669296875 0.15588241249999998 0.7035402921875 0.15588241249999998 0.7300895125 0.1647058234375 0.769911159375 0.1794122359375 0.79646038125 0.20294205937499998 0.8141591328125 0.24117611718749998 0.8141591328125 0.267646353125 0.7876099109375 0.279412353125 0.7522124078125 0.2764697640625 0.7300895125
1 0.23529311718749998 0.561945903125 0.23529311718749998 0.548673478125 0.2147058828125 0.5044255046874999 0.182352646875 0.49115089375 0.176469646875 0.5132737875 0.1794122359375 0.5530976187500001 0.194118646875 0.5884951234375 0.2088228828125 0.592919265625 0.23529311718749998 0.561945903125
1 0.355882646875 0.3584069734375 0.355882646875 0.3362840796875 0.3352932359375 0.3097348578125 0.2882357640625 0.30088438906250004 0.2823527640625 0.3495565046875 0.30882299999999996 0.38495619531249997 0.33823582343749997 0.38495619531249997 0.355882646875 0.3584069734375
1 0.7029404703125001 0.7433619375 0.72941070625 0.747788265625 0.7500001171874999 0.7300895125 0.7558831171875 0.6991139640624999 0.7529405296875 0.69026568125 0.7029404703125001 0.69026568125 0.691176646875 0.6991139640624999 0.691176646875 0.7300895125 0.7029404703125001 0.7433619375