4 1 0.64562074375 0.520653 0.473385403125 0.5591959656250001 0.9209157031249999 1 0.697726528125 1 0.64562074375
4 0.6280093453125 0.7188057359375 0.683067 0.6734338 0.597730240625 0.580630528125 0.5261557234375001 0.6899350531249999 0.5316671375 0.6981813390625 0.5564370000000001 0.706431965625 0.6280093453125 0.7188057359375
4 0.737585896875 0.7040904546875 0.7387285859375 0.736754428125 0.741027 0.7719964515625 0.7513503109374999 0.7943482281249999 0.7708542406250001 0.802943896875 0.79724906875 0.812401084375 0.895920103125 0.6929167359374999 0.8844475859375001 0.6929167359374999 0.86264306875 0.705806984375 0.8270763109375 0.7126861234375 0.782326759375 0.6980728359375 0.743318896875 0.7049454640625 0.7742953453125 0.696351965625 0.737585896875 0.7040904546875
0 0.12284493125 0.3180839609375 0.116379828125 0.32185121250000004 0.1099147234375 0.33584602812500003 0.1099147234375 0.344995065625 0.1170967234375 0.3552204609375 0.1393683109375 0.3649076765625 0.1479884484375 0.3665222125 0.1587636203125 0.3627549625 0.1803161375 0.351453209375 0.182471171875 0.3471477796875 0.182471171875 0.34176599375 0.178161103125 0.3326147859375 0.16235679375 0.3175457828125 0.1472693796875 0.3143167109375 0.13146506875 0.3153930671875 0.12284493125 0.3180839609375
0 0.1925294484375 0.0796556125 0.17456793125 0.0796556125 0.16235679375 0.0818083265625 0.1544535515625 0.08665193593750001 0.1494244140625 0.09526279374999999 0.1479884484375 0.1044140015625 0.1494244140625 0.1124866828125 0.1522985171875 0.11786846875000001 0.1616377234375 0.12486479218749999 0.177442034375 0.13186328593750002 0.18462620624999998 0.13347782187499999 0.1925294484375 0.1329396421875 0.216953896875 0.11894482656250001 0.222702103125 0.1124866828125 0.222702103125 0.1092576109375 0.21551793125000002 0.09526279374999999 0.208333759375 0.0871901140625 0.19827548281250001 0.0807319703125 0.1925294484375 0.0796556125
5 0.1537366546875 0.96232508125 0.1522985171875 0.9558669359374999 0.1472693796875 0.9531760437499999 0.14008520625 0.9531760437499999 0.13146506875 0.9504851499999999 0.12787406875000001 0.9542524 0.129310034375 0.962863259375 0.13146506875 0.9660923312499999 0.13649420625 0.9671686890625001 0.1494244140625 0.9666305109375 0.1537366546875 0.96232508125
4 1 0.24051649843749998 0.646120759375 0.1339725984375 0.7057535171875 0.479053640625 1 0.3146108328125 1 0.24051649843749998
2 0.5372461562499999 0 0.5287365515625 0.0118407578125 0.5222692765625 0.0274479390625 0.5208333109375001 0.0489772578125 0.5229883453124999 0.060279009375000005 0.5316084828125 0.0796556125 0.5387926546874999 0.088266471875 0.5617811374999999 0.1060285375 0.5725584828125 0.111948503125 0.599137965625 0.120021184375 0.616378240625 0.1221738984375 0.6278724828125 0.1221738984375 0.645834 0.120021184375 0.65373506875 0.11679211249999999 0.6594832765625 0.1162539328125 0.6688224828125 0.111948503125 0.697557 0.10387582343749999 0.7227005171875 0.10495218125000001 0.7284487234375 0.1033376453125 0.7406598625 0.1060285375 0.7629314484374999 0.10656671718749999 0.78089079375 0.105490359375 0.8038792765625 0.09957039375 0.8239936546875001 0.0898810078125 0.8433911374999999 0.0748120046875 0.8520112765625001 0.060279009375000005 0.8570404140625 0.039290040625 0.8556044484375 0.0199134375 0.849137171875 0.004844434375 0.8447574078125 0 0.5372461562499999 0
2 1 0.3802275984375 0.9913803109374999 0.376749778125 0.9834770687500001 0.3751352421875 0.9561785171875 0.374058884375 0.931035 0.37944067187499997 0.9130756546875001 0.3875133515625 0.89942420625 0.39720056875 0.892959103125 0.4041990609375 0.8836198968750001 0.41980624375 0.8814648625 0.4278789234375 0.8807479656250001 0.445640990625 0.882903 0.4580191 0.8864940000000001 0.46662995937499996 0.8922422062500001 0.4736284515625 0.9094824828125001 0.4881592765625 0.931751896875 0.49677013593749997 0.9475583796875 0.49838467187499996 0.9533044140625 0.501075565625 0.9619245515625 0.49999920781249996 0.9698277937500001 0.5005373859375 0.9985623109375 0.5102267734375 1 0.5108421734374999 1 0.3802275984375
2 0.786639 0.6953710921875 0.801724240625 0.70290559375 0.8117825171874999 0.703443771875 0.8182476203125001 0.7061346656249999 0.8290227937499999 0.707211021875 0.8441102062500001 0.7061346656249999 0.8584763796875 0.7012910578125 0.8678155859375 0.6932183765625 0.87859293125 0.687836590625 0.88577493125 0.6813784453125 0.893678171875 0.6792257312500001 0.9037364484375001 0.6689981656249999 0.9123565859375 0.6539291625 0.9130756546875001 0.636705275 0.9116375171875 0.630785309375 0.9030173796875 0.6151781265625 0.8872130687500001 0.6049505625 0.8591954484375 0.59311063125 0.8469821375000001 0.5904197375 0.835487896875 0.5855761296875001 0.8275868281250001 0.58396159375 0.8189645171875 0.58396159375 0.8124994140625 0.5812706999999999 0.8038792765625 0.5801943421875 0.7952591375 0.5828852359375001 0.7765807234375 0.5785798062499999 0.7686774828125 0.5737361984375 0.7658055515625 0.568352240625 0.7614933109375001 0.5667377046875 0.7586213796875 0.5629704546875 0.7528731718749999 0.56135591875 0.73778793125 0.5538214171875 0.7284487234375 0.5457487359375001 0.7183904484375 0.54036695 0.7061771375 0.5376738859375 0.6795976546875 0.5371357078125001 0.6673843453125 0.5392905921875 0.6372116890624999 0.5489778078125 0.6285915515625 0.5543595953125 0.6264365171875 0.5581268453125 0.6199714140625 0.5629704546875 0.6156613453124999 0.5699667765624999 0.612787240625 0.5834234140625 0.6142232062499999 0.5920342734374999 0.6135063109375001 0.6027978468749999 0.6199714140625 0.6227126281250001 0.6386498281249999 0.6393961671875 0.655890103125 0.6490855546875001 0.6688224828125 0.6539291625 0.6810336203125 0.65662005625 0.7126444140625 0.6587727703125 0.7183904484375 0.6620018421875 0.734194759375 0.6663072718749999 0.7471271374999999 0.671689059375 0.7579023109375 0.679763909375 0.7758616546875 0.687836590625 0.786639 0.6953710921875
2 0 0.42713339375 0.0050284140625 0.4224971359375 0.0114935171875 0.4128099203125 0.0158035859375 0.40258235468750003 0.027297828125 0.3875133515625 0.033046034375 0.376749778125 0.0431043109375 0.36544585625 0.0596255171875 0.3347675 0.0689647234375 0.322389390625 0.071838828125 0.3153930671875 0.072557896875 0.3083967453125 0.07111975937500001 0.2992455375 0.062499620312500004 0.2836383546875 0.0574704828125 0.2680311734375 0.035201068749999995 0.221743465625 0.024425896875 0.192679646875 0.020115828125 0.18622150312500002 0.0114935171875 0.1792251796875 0 0.17719897499999998 0 0.42713339375
2 0.10847658593750001 0.5069977 0.1027305515625 0.5102267734375 0.1012924140625 0.5134558453125 0.0912363109375 0.5172230953125 0.0890812765625 0.5220667046874999 0.086207171875 0.5220667046874999 0.079023 0.5252957765625 0.075432 0.5290630265625 0.071838828125 0.52960120625 0.06824782812499999 0.5322920984375 0.061780551562499994 0.5457487359375001 0.0488503453125 0.5538214171875 0.04382120625 0.562432275 0.0431043109375 0.5855761296875001 0.045976240625 0.61571630625 0.048131276562500006 0.7099040859375 0.0510053796875 0.7319694125 0.0495694140625 0.743273334375 0.0510053796875 0.7556514453125 0.05316041406250001 0.760495053125 0.0632186890625 0.7669531968750001 0.0933913453125 0.7771807625 0.1012924140625 0.7787952984375 0.1091956546875 0.777718940625 0.1170967234375 0.7750258765625 0.125719034375 0.767491375 0.129310034375 0.761571409375 0.14008520625 0.75188419375 0.160201759375 0.7282021609375 0.173131965625 0.716900409375 0.1925294484375 0.691603840625 0.212643828125 0.671689059375 0.22844813749999998 0.650700090625 0.23922331093750002 0.639934346875 0.25502979375 0.6151781265625 0.260775828125 0.5952633453125 0.26221179375000003 0.5823470578125 0.265804965625 0.57050495625 0.27227006875000004 0.5344448140625 0.2765801375 0.5204521671875 0.279454240625 0.5005373859375 0.28448337968750004 0.4843920265625 0.2873553109375 0.45586638593749995 0.2909484828125 0.4451028109375 0.2909484828125 0.4332607109375 0.28448337968750004 0.4262643875 0.27586106875 0.4246498515625 0.26796000000000003 0.42572620937499994 0.261494896875 0.4224971359375 0.25574668906250003 0.41657717187500004 0.24569058593749998 0.4128099203125 0.23922331093750002 0.4117335625 0.22916720625 0.41227174218749996 0.216234828125 0.4187298859375 0.212643828125 0.42303531562499996 0.2068956203125 0.42680256562499996 0.2047405859375 0.4305698171875 0.1925294484375 0.4381064890625 0.183190240625 0.44671734843750005 0.168821896875 0.4569427421875 0.1666668625 0.46286270781249994 0.1436783796875 0.47793388124999997 0.137930171875 0.480086596875 0.130748171875 0.48600656249999996 0.12787406875000001 0.4908501703125 0.11135068906250001 0.5026901015624999 0.10847658593750001 0.5069977
1 0 0 0 0.018313403125 0.0050284140625 0.016684365625 0.032326965624999995 0.012917115625 0.038792068750000006 0.013993471875 0.0495694140625 0.012917115625 0.056753585937499997 0.014531651562500001 0.086207171875 0.0091498640625 0.0955463796875 0.0043062562499999995 0.0987389921875 0 0 0
1 0.37356320625 0.870904146875 0.382522240625 0.8675448703124999 0.3946834140625 0.8545960296875 0.3921264828125 0.8435633671874999 0.3818813796875 0.8310919437500001 0.3709975859375 0.837810496875 0.355632103125 0.8459634703125 0.3364301375 0.8517163406250001 0.337068828125 0.8622715859375001 0.3421913796875 0.8665878671874999 0.35627079375 0.8713837328125 0.37356320625 0.870904146875
1 1 0.0800658875 0.9770119656249999 0.088266471875 0.9619245515625 0.09526279374999999 0.9461202406250001 0.105490359375 0.9375001031249999 0.1130248609375 0.933909103125 0.1184066484375 0.9324709656250001 0.1254029703125 0.93534506875 0.1329396421875 0.93893606875 0.13563053593750002 0.9540234828124999 0.14047414375 0.9647986546875 0.1415505015625 0.98850620625 0.1410123234375 1 0.13722360625000002 1 0.0800658875
1 1 0.5398284984374999 0.984913034375 0.5306775625 0.976292896875 0.5226048828125001 0.9633626890625001 0.5166849171875 0.9432461375000001 0.5129176656250001 0.9152306890625 0.5113031296874999 0.9087634140624999 0.5123794875 0.9015814140625 0.517761275 0.9001432765624999 0.523681240625 0.9008623453125001 0.5333684562500001 0.9044533453125 0.5382120640625 0.9166666546875 0.5484396296875 0.9260058624999999 0.55220688125 0.931751896875 0.556512309375 0.9475583796875 0.5602795609375 0.9698277937500001 0.5618940968749999 0.9928162765625 0.5570504890625 1 0.5516689125 1 0.5398284984374999
1 1 0.7712580578125 0.9928162765625 0.7658768390625 0.9863511718750001 0.764262303125 0.9777288625 0.764262303125 0.9691087234375001 0.76641501875 0.9633626890625001 0.7734113406249999 0.9583335515625 0.786867978125 0.9489943453125 0.7938643015625 0.94396520625 0.796017015625 0.93893606875 0.800860625 0.9238508281250001 0.806780590625 0.9166666546875 0.812164546875 0.9102015515625 0.8261571921875 0.9102015515625 0.8342298734375 0.9159475859375 0.841764375 0.9231317593749999 0.8449956171874999 0.9396551375 0.8493010468750001 0.9568975859375 0.849839225 0.9626436203125 0.8487628671874999 0.9727018968750001 0.8428407312499999 0.982041103125 0.8320771578124999 0.9964072765624999 0.8213135843750001 1 0.8200903343749999 1 0.7712580578125
1 0.8226445859375 0.71963904375 0.821163 0.7135367921875 0.8122778281249999 0.7096501875000001 0.7996843453125 0.719085675 0.8093103109375 0.7251879265625 0.8152366546875 0.7246345578125 0.8226445859375 0.71963904375
1 0.0912363109375 0.5791179843750001 0.11781579375 0.5866524859375 0.1487075171875 0.5866524859375 0.16235679375 0.5834234140625 0.168821896875 0.5801943421875 0.17959706875 0.5721194921875 0.1875003109375 0.5635086328125001 0.1932463453125 0.5532832375 0.1989945515625 0.547363271875 0.2018686546875 0.54036695 0.2076146890625 0.533906634375 0.208333759375 0.523681240625 0.21048879375000001 0.5172230953125 0.2025855515625 0.49892285000000003 0.19827548281250001 0.49677013593749997 0.1896553453125 0.49623195625000005 0.172412896875 0.49892285000000003 0.1587636203125 0.49838467187499996 0.1458334140625 0.49999920781249996 0.12428089687499999 0.5069977 0.1170967234375 0.506459521875 0.1091956546875 0.5113031296874999 0.1012924140625 0.5129176656250001 0.0969823453125 0.5161467390625 0.07614889687500001 0.524757596875 0.06609279375 0.532830278125 0.0596255171875 0.54682509375 0.0632186890625 0.5543595953125 0.07614889687500001 0.571043134375 0.0912363109375 0.5791179843750001
1 0.26724093125000004 0.7809480125 0.2995686203125 0.7874061578125 0.32902220625 0.7965551953125 0.3419545859375 0.798707909375 0.361349896875 0.79816973125 0.3728441375 0.7965551953125 0.3807473796875 0.79278794375 0.3850574484375 0.789558871875 0.3893675171875 0.7814861921875 0.3915225515625 0.7594186953125 0.3886484484375 0.7465024062500001 0.3814664484375 0.7303548765625 0.3692531375 0.7163622296875001 0.36350493125 0.7066728437500001 0.3692531375 0.6905274828125 0.372127240625 0.6700745234375 0.371408171875 0.6614636640625 0.366379034375 0.6523146265624999 0.35991393125000004 0.6458564828125 0.3541657234375 0.642627409375 0.3405164484375 0.63778163125 0.318966103125 0.634552559375 0.2887934484375 0.63401438125 0.275144171875 0.6361670953125 0.26724093125000004 0.6361670953125 0.2579017234375 0.63778163125 0.2449715171875 0.6420892312500001 0.23563231093749998 0.6485473749999999 0.22557403437499998 0.66038730625 0.219828 0.67115088125 0.21838986249999998 0.6776111953124999 0.20617872343750002 0.698061984375 0.1997136203125 0.7125949796875 0.19827548281250001 0.732507590625 0.1997136203125 0.73842755625 0.20617872343750002 0.7508078359375 0.212643828125 0.755113265625 0.2147988625 0.7588805171875 0.221263965625 0.761571409375 0.22844813749999998 0.7669531968750001 0.24066144843749998 0.7712586265625 0.24569058593749998 0.7744876984375 0.26724093125000004 0.7809480125
1 0.260775828125 0.8003224453125 0.270115034375 0.7970933734375001 0.274425103125 0.7879443359375 0.271551 0.78363890625 0.26867906874999997 0.7820243703124999 0.25933986249999996 0.7814861921875 0.25574668906250003 0.78363890625 0.25143662031249997 0.7944024796875 0.25143662031249997 0.7970933734375001 0.2535916546875 0.798707909375 0.260775828125 0.8003224453125
1 0.4173851375 0.8729809078124999 0.414511034375 0.8272335500000001 0.41020096562499997 0.818622690625 0.401580828125 0.817546334375 0.3922416203125 0.8196990484375 0.36997220625 0.830462621875 0.35057472343749996 0.8374589453124999 0.318247034375 0.8541446546874999 0.31178193125 0.8557591906249999 0.305316828125 0.861140978125 0.3038786890625 0.8665227640625 0.308907828125 0.8719045515625 0.3304603453125 0.8778266875 0.3369254484375 0.8810557593749999 0.3433905515625 0.8869757249999999 0.357758896875 0.890742975 0.365659965625 0.8955865828125 0.372127240625 0.8961247625000001 0.3764373109375 0.899353834375 0.3807473796875 0.8998920125 0.40373586250000004 0.9095792296875 0.41163693125 0.911193765625 0.415949171875 0.9090410500000001 0.418821103125 0.9031210843749999 0.415949171875 0.8826702953125001 0.4173851375 0.8729809078124999
1 0.1479884484375 0.8912811546875 0.1393683109375 0.8896666171875 0.12356400000000001 0.8810557593749999 0.115660759375 0.8805175796875 0.10847658593750001 0.8837466515625 0.1048855859375 0.8923575109374999 0.1056024828125 0.9090410500000001 0.1077596890625 0.916577721875 0.1077596890625 0.9397194062500001 0.1170967234375 0.948332434375 0.12428089687499999 0.9488706140625001 0.137930171875 0.9553287578124999 0.1544535515625 0.9558669359374999 0.16235679375 0.9537142218750001 0.168821896875 0.9477942562499999 0.169540965625 0.9386430484374999 0.16235679375 0.9241122234375 0.1551726203125 0.8982774765625001 0.1522985171875 0.893972046875 0.1479884484375 0.8912811546875
1 0.366379034375 0.44241191874999997 0.3864934140625 0.4472555265625 0.405171828125 0.4472555265625 0.42672434531250003 0.4381064890625 0.4339085171875 0.4305698171875 0.4425286546875 0.4155008140625 0.4446836890625 0.4074281328125 0.4446836890625 0.3875133515625 0.4389376546875 0.3675985703125 0.4260052765625 0.3439187078125 0.41163693125 0.331538428125 0.38793155156250003 0.3180839609375 0.36853406875 0.3051676734375 0.36278803437499996 0.3030149578125 0.3211211375 0.275027496875 0.30028768906250003 0.2701838875 0.2887934484375 0.26910753125000003 0.274425103125 0.27233660312499997 0.266524034375 0.275565675 0.2579017234375 0.2836383546875 0.25215568906249997 0.296016465625 0.2500006546875 0.30624402968750003 0.25071755156250003 0.34553324375 0.24137834531250002 0.35898771093750004 0.234913240625 0.374058884375 0.234913240625 0.38966606718749996 0.2442524484375 0.4063517765625 0.25574668906250003 0.41227174218749996 0.28089020625 0.420344421875 0.2916675515625 0.42142077968749997 0.32183803437499997 0.41926806406250006 0.3354894828125 0.42195895781250004 0.34267148281250004 0.4251880296875 0.357758896875 0.4381064890625 0.366379034375 0.44241191874999997
1 0.3900865859375 0.22766343125000002 0.405171828125 0.21259442812499998 0.408765 0.20667446250000002 0.420259240625 0.19644689843750002 0.42744341406249997 0.18514514531249998 0.4303153453125 0.1727670359375 0.4288793796875 0.1560813265625 0.415949171875 0.14047414375 0.41307506875 0.134016 0.418821103125 0.12109754218749999 0.41954017187500003 0.11033396718749999 0.414511034375 0.10010857343749999 0.40948189687500003 0.09526279374999999 0.40301679375 0.092033721875 0.3893675171875 0.088266471875 0.3692531375 0.0871901140625 0.349138759375 0.08880465 0.32183803437499997 0.0941864375 0.305316828125 0.1011849296875 0.2866384140625 0.11786846875000001 0.275144171875 0.1329396421875 0.264366828125 0.1533904328125 0.25933986249999996 0.17115249999999999 0.260056759375 0.18675968125 0.26724093125000004 0.2045217484375 0.2873553109375 0.224434359375 0.31034379375 0.24112006875 0.33477041406249997 0.25026910625 0.3520106890625 0.25026910625 0.37068910312500003 0.243272784375 0.3900865859375 0.22766343125000002
1 0.6645124140625 0.296016465625 0.6637933453125 0.3089349234375 0.6702584484375 0.33046207031249997 0.6745685171875 0.3369223859375 0.6831886546875 0.33799874218750003 0.690372828125 0.33584602812500003 0.701150171875 0.32992389218749996 0.7068962062499999 0.3207748546875 0.7068962062499999 0.3073203875 0.70186706875 0.2976310015625 0.697557 0.29386375 0.68821779375 0.2895583203125 0.6745685171875 0.2884819640625 0.6673843453125 0.29117285625 0.6645124140625 0.296016465625
1 0.6056095859374999 0.6513836640624999 0.611538103125 0.6613725203125 0.615985034375 0.6613725203125 0.6241315859375 0.6536014812500001 0.62116406875 0.6447193625 0.6056095859374999 0.6513836640624999