5 0.48740629843749994 0.52356851875 0.4886656703125 0.51683434375 0.4823688125 0.501682996875 0.4710322859375 0.5 0.45717919843750005 0.51010016875 0.455919828125 0.520202525 0.46095731406249996 0.533670875 0.4722916578125 0.533670875 0.48740629843749994 0.52356851875
3 0.7556677140625 0.952861784375 0.761964571875 0.9646471375000001 0.7695208015625 0.969696128125 0.780857328125 0.969696128125 0.7959697859375 0.962961953125 0.8211594 0.9377104375 0.8211594 0.912458921875 0.8110822437499999 0.912458921875 0.7607052000000001 0.9444446125000001 0.7556677140625 0.952861784375
5 0.8602021000000001 0.9158249156249999 0.8652395859374999 0.9242420875 0.8778333015625 0.9242420875 0.8916885703125 0.9141419187500001 0.8904291984375 0.898990571875 0.8853895296875001 0.8922563968749999 0.8790926718750001 0.8922563968749999 0.8627208421875 0.90067356875 0.8589427281249999 0.905724746875 0.8602021000000001 0.9158249156249999
5 0.3098239984375 0.542088046875 0.317380228125 0.535353871875 0.317380228125 0.52356851875 0.3123427421875 0.515151346875 0.2921906140625 0.518519528125 0.28589375625 0.525251515625 0.2884125 0.542088046875 0.2947093578125 0.5471370375 0.3098239984375 0.542088046875
5 0.5994969125 0.747474915625 0.6020156562500001 0.73905774375 0.5944594265625 0.72558939375 0.584382271875 0.727272390625 0.57178855625 0.73905774375 0.57178855625 0.7491579125000001 0.5768260421875 0.7592602687500001 0.58564164375 0.7592602687500001 0.5994969125 0.747474915625
5 0.981108315625 0.7171722218750001 0.9685146 0.7171722218750001 0.9533999578125 0.723906396875 0.9533999578125 0.737374746875 0.9584374453125 0.74579191875 0.9735520859375001 0.74579191875 0.9861458015625001 0.73905774375 0.9861458015625001 0.727272390625 0.981108315625 0.7171722218750001
5 0.032744800000000004 0.8804710437500001 0.0403032109375 0.8872052187499999 0.04660006875 0.8872052187499999 0.056675042187500003 0.8804710437500001 0.0629719 0.8720538718749999 0.061712528125 0.858585521875 0.0491188125 0.855219528125 0.0365229140625 0.8636367 0.031485428125 0.8703708750000001 0.032744800000000004 0.8804710437500001
5 0.1725437703125 0.77272643125 0.181359371875 0.76599225625 0.18639904062499998 0.7542090906250001 0.18261874375 0.74579191875 0.1725437703125 0.7441067343750001 0.158690684375 0.7542090906250001 0.156171940625 0.7643092593749999 0.1637281703125 0.77272643125 0.1725437703125 0.77272643125
5 0.4899250421875 0.8653196968750001 0.48740629843749994 0.85353434375 0.4798478859375 0.8468023562500001 0.4710322859375 0.85016835 0.4596979421875 0.8670026937499999 0.4596979421875 0.8771050499999999 0.46977291406250005 0.8872052187499999 0.48110725781249997 0.878788046875 0.4899250421875 0.8653196968750001
1 0.23299797031249997 0.55723939375 0.2443323140625 0.5673395625000001 0.2695219265625 0.56397356875 0.2884125 0.5505052187499999 0.29093124375 0.54377104375 0.289671871875 0.533670875 0.2833750140625 0.525251515625 0.26322506875 0.518519528125 0.2405541984375 0.520202525 0.2317385984375 0.528619696875 0.2292198546875 0.54040505 0.23299797031249997 0.55723939375
1 0.9546593296875001 0.7626262625 0.9571780734375 0.74579191875 0.9533999578125 0.7356895625 0.9521405875 0.710438046875 0.9496218437499999 0.7070698656250001 0.94080624375 0.7087550499999999 0.928212528125 0.7222212125 0.9080603999999999 0.7289553875 0.9017635421874999 0.73905774375 0.8954666843749999 0.7592602687500001 0.897985428125 0.771043434375 0.9068010296875 0.77272643125 0.9181353734375 0.7592602687500001 0.9370281281249999 0.7643092593749999 0.9546593296875001 0.7626262625
1 0.531486484375 0.7861947812500001 0.5465989437500001 0.794611953125 0.56297295625 0.7912459593750001 0.57178855625 0.77946060625 0.5768260421875 0.7542090906250001 0.570529184375 0.7424237375 0.561713584375 0.7356895625 0.545339571875 0.737374746875 0.522670884375 0.7693604374999999 0.531486484375 0.7861947812500001
1 0.6712854562499999 0.33501599375 0.6523926999999999 0.33501599375 0.642317728125 0.340067171875 0.6360208703125 0.34848434375 0.6335021265624999 0.363635690625 0.6385396140624999 0.38888939375 0.6435771 0.39562356875 0.6523926999999999 0.40067255937499996 0.670026084375 0.40235774375 0.681360428125 0.3989895625 0.6914354 0.38888939375 0.69395414375 0.363635690625 0.6914354 0.350167340625 0.6863979140625001 0.34175016875 0.6712854562499999 0.33501599375
1 0.23299797031249997 0.25420808125 0.2355167125 0.2575762625 0.2569260296875 0.25084208750000003 0.2733000421875 0.252525084375 0.2808562703125 0.245790909375 0.2808562703125 0.235690740625 0.2581854 0.20707104375 0.24685105625 0.20707104375 0.23803545625 0.22053939374999998 0.23299797031249997 0.25420808125
1 0.5050375 0.0690237375 0.5113343578125 0.07912390625 0.522670884375 0.08585808125 0.5465989437500001 0.087541078125 0.5667510703125 0.0690237375 0.570529184375 0.05723838437499999 0.5692698140625 0.0420870375 0.5579354703125 0.0286186875 0.545339571875 0.0218845125 0.522670884375 0.0218845125 0.5050375 0.04545521875 0.5050375 0.0690237375
1 0.8790926718750001 0.05218939375 0.9042822859375 0.053872390625 0.9193947437500001 0.047138215625 0.9193947437500001 0.023569696875 0.91057914375 0.010101346875 0.9042822859375 0.006733165625 0.8879082734375 0.013467340625 0.8765739296874999 0.03198686875 0.8765739296874999 0.0488212125 0.8790926718750001 0.05218939375
3 0.8589427281249999 0.9090907406250001 0.8513843156249999 0.912458921875 0.8463468296875 0.932659259375 0.8488655734374999 0.956229965625 0.8589427281249999 0.952861784375 0.867758328125 0.9377104375 0.867758328125 0.9242420875 0.8589427281249999 0.9090907406250001
3 0.7846354421874999 0.19023669999999998 0.8085635015625 0.18518552187499998 0.819900028125 0.17676835 0.8261968859375 0.161617003125 0.8224187703125001 0.154882828125 0.8110822437499999 0.154882828125 0.7959697859375 0.16666599375 0.780857328125 0.171717171875 0.7581864578124999 0.14646565625000002 0.7430739984375 0.143097475 0.734256215625 0.14983165 0.7367749578125 0.168351178125 0.7518895999999999 0.20033686875 0.7581864578124999 0.205388046875 0.7846354421874999 0.19023669999999998
1 0.46347605625000005 0.9444446125000001 0.4710322859375 0.9242420875 0.4722916578125 0.9040395625000001 0.46851354218749997 0.8905734000000001 0.45717919843750005 0.87373686875 0.4357677 0.851851346875 0.42443335624999995 0.85016835 0.40679997187500005 0.8720538718749999 0.39420625625 0.8821540406249999 0.3916875140625 0.8905734000000001 0.3916875140625 0.9158249156249999 0.395465628125 0.9309762625 0.40932089843749997 0.952861784375 0.42569272812500003 0.9663301343749999 0.439545815625 0.96801313125 0.45088234062500004 0.9612789562499999 0.46347605625000005 0.9444446125000001
1 0.45717919843750005 0.356901515625 0.4282114703125 0.343435353125 0.41561775624999997 0.34511835 0.3904281421875 0.373738046875 0.3904281421875 0.393938384375 0.3929468859375 0.3989895625 0.4017624859375 0.3989895625 0.41561775624999997 0.38215521875 0.43073021406249995 0.387206396875 0.4458448546875 0.387206396875 0.455919828125 0.37036986562499996 0.45717919843750005 0.356901515625
3 0.13647379843750002 0.8095116156250001 0.1251634640625 0.791869696875 0.1223304234375 0.7767336703125001 0.1147851078125 0.7691744109374999 0.1110200875 0.7729627953125 0.1072419734375 0.7843104375000001 0.12044027500000001 0.8132999999999999 0.14214206093749998 0.8195964640625 0.13647379843750002 0.8095116156250001
5 0.4962219 0.9090907406250001 0.50251875625 0.90067356875 0.5012593859375001 0.8872052187499999 0.49244378437499997 0.8821540406249999 0.47481039999999997 0.8905734000000001 0.4710322859375 0.898990571875 0.4722916578125 0.9090907406250001 0.4848875546875 0.9141419187500001 0.4962219 0.9090907406250001
3 0.1536531984375 0.05892356875 0.1335010703125 0.05892356875 0.114610496875 0.06565555625 0.10453334218749999 0.080809090625 0.100755228125 0.0959604375 0.1020146 0.1026946125 0.1070520859375 0.10606060625 0.117129240625 0.0892262625 0.1322416984375 0.08585808125 0.1523938265625 0.09259225625 0.1662469125 0.111111784375 0.18009999999999998 0.111111784375 0.18513748593749998 0.104377609375 0.181359371875 0.0824920875 0.16750628437499998 0.06565555625 0.1536531984375 0.05892356875
1 0.44332392968749995 0.558922390625 0.45717919843750005 0.54040505 0.4596979421875 0.528619696875 0.45717919843750005 0.51683434375 0.45088234062500004 0.511785353125 0.42569272812500003 0.508417171875 0.41561775624999997 0.515151346875 0.40050311406250005 0.533670875 0.40050311406250005 0.5454540406249999 0.4282114703125 0.55723939375 0.44332392968749995 0.558922390625
1 0 0.9777776859375 0.0163729703125 0.986532659375 0.032744800000000004 0.9781154875 0.0528969265625 0.946127609375 0.0528969265625 0.9208760937499999 0.0453406984375 0.90067356875 0.028966684375000003 0.8754198656250001 0.018891712499999998 0.868687878125 0.010076112500000001 0.868687878125 0 0.8765430750000001 0 0.9777776859375
3 0 0.42727261875 0.020151084375 0.4259262625 0.05415629843749999 0.43266043749999994 0.060453156249999994 0.41919208750000003 0.060453156249999994 0.393938384375 0.0579344125 0.387206396875 0.0440813265625 0.38047222187499996 0.0025198828124999998 0.377104040625 0 0.3793491328125 0 0.42727261875