3 0.5847824703125 0.6241819734375 0.6043475484374999 0.6209139734375 0.621739965625 0.591504209375 0.6195650781250001 0.562092209375 0.6 0.552288209375 0.582609809375 0.562092209375 0.567392278125 0.584968209375 0.5695649390625 0.611112209375 0.5847824703125 0.6241819734375
3 0.93478344375 0.9901957390625 0.9456512 0.9901957390625 0.9608687296875 0.9673197390625001 0.9608687296875 0.9313717390624999 0.9500009734375 0.9281037390625 0.910868590625 0.9379077390624999 0.9043483828125 0.9477117390625001 0.90652104375 0.9640517390625 0.93478344375 0.9901957390625
3 1 0.583101634375 0.9891311296874999 0.5947722093750001 0.9804338093749999 0.6176459734375 0.9782611484375 0.6503259734375 0.9891311296874999 0.6633979734375 1 0.6617639734375 1 0.583101634375
1 0.93478344375 0.27124244375 0.952173634375 0.27124244375 0.965216278125 0.24836644375 0.967391165625 0.18954244375 0.952173634375 0.18627444375 0.9304358953125 0.20261444375 0.9043483828125 0.20915044374999997 0.8913035125000001 0.21895444375 0.8913035125000001 0.23856244375000002 0.93478344375 0.27124244375
1 0.9152183656249999 0.598040209375 0.8913035125000001 0.571896209375 0.8500006953125 0.5555562093749999 0.8260858437499999 0.562092209375 0.8260858437499999 0.6078442093749999 0.8500006953125 0.6503259734375 0.8630433390625001 0.6601299734375 0.8826084171874999 0.6601299734375 0.9021734953125 0.6470579734374999 0.9152183656249999 0.6209139734375 0.9152183656249999 0.598040209375
1 0.139130990625 0.8300659734375 0.1608687296875 0.8529419734375001 0.18260869531249999 0.8660139734375001 0.1956513390625 0.8627459734375 0.1956513390625 0.8300659734375 0.18260869531249999 0.8104579734374999 0.1456512 0.8071899734375 0.1369561046875 0.8137259734375 0.139130990625 0.8300659734375
1 0.1683199296875 0 0.1789556875 0.0351640921875 0.1930223296875 0.05780985625 0.21110928750000002 0.0517656203125 0.2261531828125 0.036666209374999995 0.2432384 0.036666209374999995 0.2552815296875 0.0200646796875 0.262409659375 0 0.1683199296875 0
1 0.40652187812499996 0.513072209375 0.42173940937500004 0.516340209375 0.4347820515625 0.503268209375 0.43912959999999995 0.47058820937499996 0.4347820515625 0.46078420937500003 0.3978267828125 0.46078420937500003 0.3913043484375 0.46732020937499996 0.3891294609375 0.483660209375 0.40652187812499996 0.513072209375
1 0.3926627875 0 0.39999944374999996 0.0294126796875 0.41086942656250003 0.0424846796875 0.42826184375 0.0457526796875 0.4543471296875 0.0294126796875 0.46413100937499996 0 0.3926627875 0
1 0.900000834375 0.483660209375 0.8673908875 0.477124209375 0.847825809375 0.46405220937499997 0.8369558265625001 0.486928209375 0.8369558265625001 0.503268209375 0.847825809375 0.522876209375 0.871738434375 0.5392162093749999 0.8891308515624999 0.535948209375 0.90652104375 0.5196082093750001 0.90652104375 0.493464209375 0.900000834375 0.483660209375
1 0.9586960703124999 0.424836209375 0.9500009734375 0.401960209375 0.928261009375 0.398692209375 0.9217385734375 0.405228209375 0.9217385734375 0.428104209375 0.9304358953125 0.444444209375 0.9565211828125 0.444444209375 0.9586960703124999 0.424836209375
1 1 0.114375515625 0.9913037906250001 0.09150244375 0.967391165625 0.09477044375 0.9304358953125 0.058822443749999995 0.9195659125000001 0.05555444375 0.910868590625 0.07189444375000001 0.910868590625 0.10130644375 0.9369561046875001 0.15686244375 0.9739136 0.16013044375000002 0.9804338093749999 0.14052244375 1 0.11437993125000001 1 0.114375515625
1 0.7065227125 0.346404209375 0.732608 0.349672209375 0.7608704000000001 0.31699444374999997 0.7652179484375 0.25817044375 0.752173078125 0.24509844374999998 0.739130434375 0.24836644375 0.6891302953125 0.29085044375 0.6717401046875 0.29738644375 0.6717401046875 0.31372644375 0.7065227125 0.346404209375
1 0.6043475484374999 0.45098020937500005 0.6282601734375 0.41176420937499997 0.632607721875 0.395424209375 0.6304350609375 0.369280209375 0.6021748875 0.349672209375 0.580434921875 0.352940209375 0.56086984375 0.366012209375 0.541304765625 0.401960209375 0.5434774265625 0.45098020937500005 0.554347409375 0.46405220937499997 0.582609809375 0.46405220937499997 0.6043475484374999 0.45098020937500005
1 0.6956527296874999 0.486928209375 0.6565225734375 0.46078420937500003 0.6434777046875 0.437908209375 0.6282601734375 0.444444209375 0.621739965625 0.483660209375 0.6456525906249999 0.529412209375 0.660870121875 0.535948209375 0.6891302953125 0.5196082093750001 0.700000278125 0.503268209375 0.6956527296874999 0.486928209375
1 0.7108702609375 0.6143779734375 0.7347828875 0.6176459734375 0.754347965625 0.598040209375 0.7586955125 0.562092209375 0.752173078125 0.545752209375 0.739130434375 0.542484209375 0.7108702609375 0.571896209375 0.69347784375 0.575164209375 0.6913051828125 0.591504209375 0.7108702609375 0.6143779734375
1 0.69347784375 0.7549019734375 0.6717401046875 0.7516339734375 0.6521750265625 0.7287579734375 0.64130504375 0.7320259734375 0.64130504375 0.7581699734375 0.6543476874999999 0.7941179734375 0.673912765625 0.7973859734375 0.6956527296874999 0.7777779734375 0.697825390625 0.7614379734375001 0.69347784375 0.7549019734375
1 0.4239120703125 0.22222244375 0.4239120703125 0.19281044375 0.4369569390625 0.15359444375 0.42826184375 0.12091444375 0.41086942656250003 0.12091444375 0.40652187812499996 0.15359444375 0.39999944374999996 0.16339844375 0.380434365625 0.16993444375 0.365216834375 0.18954244375 0.365216834375 0.20915044374999997 0.38260925156250003 0.23529444375000003 0.404346990625 0.23856244375000002 0.4239120703125 0.22222244375
1 0.341304209375 0.6307179734374999 0.339129321875 0.598040209375 0.3304342265625 0.588236209375 0.29347895625 0.591504209375 0.29347895625 0.604576209375 0.313044034375 0.6503259734375 0.328261565625 0.6633979734375 0.341304209375 0.6307179734374999
1 0.26915227812500003 0.8678759734374999 0.263956590625 0.879606796875 0.2752384 0.892647503125 0.288261009375 0.8913398562499999 0.2830430609375 0.8691836203125 0.26915227812500003 0.8678759734374999
3 0 0.7198451203125 0.0108705390625 0.7287579734375 0.0130432 0.6960779734375 0.0086956515625 0.6764699734375 0 0.6750175203125 0 0.7198451203125
3 0.24565147812500002 0.9509797390625 0.247826365625 0.9248357390624999 0.23478372187500002 0.8823539734375 0.2217388515625 0.8790859734375 0.2152164171875 0.8986917390625001 0.2173913046875 0.9313717390624999 0.2282612875 0.9477117390625001 0.24565147812500002 0.9509797390625
1 0.167391165625 0.9607837390625 0.1413036515625 0.9444437390625 0.1239134609375 0.9444437390625 0.1195659125 0.9509797390625 0.12173857343750001 0.9673197390625001 0.14782608749999998 0.9901957390625 0.1630436171875 0.9901957390625 0.1717387125 0.9771237390625 0.167391165625 0.9607837390625
3 0 0 0 0.024636742187499998 0.019565634374999998 0.0359486796875 0.0217382953125 0.0196086796875 0.0152167484375 0 0 0
3 0 0.100490071875 0.006520765624999999 0.10784244375 0.0217382953125 0.10784244375 0.0239131828125 0.08823444375 0.0086956515625 0.06535844375 0 0.0679727453125 0 0.100490071875