3 0.9932425671875 0.2806441609375 0.996621621875 0.2612909671875 0.9915540546875 0.2419357421875 0.9797304046875001 0.2419357421875 0.972972296875 0.2548385484375 0.971283784375 0.2741937734375 0.978039865625 0.2903217734375 0.9864864859375 0.2903217734375 0.9932425671875 0.2806441609375
1 0.3564195953125 0.47741958125000006 0.32939121562499996 0.4806447734375 0.31925608125 0.49677480625000003 0.31925608125 0.50645241875 0.3429054046875 0.5580636453125 0.3496614859375 0.5612908703125 0.376689865625 0.51290280625 0.37331081093749996 0.49354758125 0.3564195953125 0.47741958125000006
1 0.25844527031250003 0.4612895484375 0.246621621875 0.4387091296875 0.23141891874999998 0.429031515625 0.214527703125 0.429031515625 0.1925668921875 0.4548391609375 0.187499325 0.46774196718749994 0.187499325 0.4903223875 0.197634459375 0.49677480625000003 0.214527703125 0.4838699671875 0.228039865625 0.4838699671875 0.248310134375 0.49354758125 0.25675675625 0.4806447734375 0.25844527031250003 0.4612895484375
5 0.250608784375 0.0781926453125 0.23880135156249999 0.075323096875 0.23699324375000003 0.07706474218750001 0.250608784375 0.08225716093749999 0.250608784375 0.0781926453125
1 0.22635135156250002 0.7483866453125 0.2077695953125 0.7451614515625 0.1959459453125 0.7677418703125001 0.1959459453125 0.790322290625 0.2010135140625 0.796774709375 0.22128378437500001 0.796774709375 0.23310743281250002 0.787097096875 0.23310743281250002 0.7612894515625 0.22635135156250002 0.7483866453125
1 0.2601358109375 0.7419362578124999 0.248310134375 0.7419362578124999 0.239865540625 0.7516138703124999 0.2415540546875 0.780644678125 0.25168918906250004 0.8032250968750001 0.2601358109375 0.806452321875 0.2736479734375 0.796774709375 0.2770270265625 0.764516678125 0.2601358109375 0.7419362578124999
1 0.35675659843749996 0 0.3581081078125 0.003226709375 0.37331081093749996 0.006451903125 0.3783779734375 0 0.35675659843749996 0
1 0.415539865625 0.193547678125 0.415539865625 0.17741967812499998 0.3885135140625 0.12580641875 0.3817574328125 0.12258122656249999 0.3614871625 0.1322588390625 0.3496614859375 0.1645168703125 0.359796621875 0.19677490312499998 0.3817574328125 0.22258051562499997 0.3952695953125 0.22258051562499997 0.415539865625 0.193547678125
1 0.290541215625 0.187097290625 0.2702709453125 0.187097290625 0.2668918921875 0.19677490312499998 0.2702709453125 0.212902903125 0.27871554062500004 0.219355321875 0.288850675 0.219355321875 0.29560878437500004 0.20967770937500002 0.29560878437500004 0.19677490312499998 0.290541215625 0.187097290625
1 0.4476358109375 0.3741930640625 0.4476358109375 0.39354829062499996 0.4543918921875 0.40322590312499995 0.47972972968749994 0.39354829062499996 0.47804121562499996 0.3741930640625 0.46790608125000005 0.3580650640625 0.4543918921875 0.3580650640625 0.4476358109375 0.3741930640625
1 0.5658783781250001 0.33225741875 0.572634459375 0.3709678703125 0.5827695953124999 0.400000709375 0.6199331078125 0.383870678125 0.6182425671875 0.3612902578125 0.6047304046875001 0.33870983906249996 0.5861486484375 0.3258070328125 0.5658783781250001 0.33225741875
1 0.6452709453125001 0.5645160640625 0.6418918921875 0.570968484375 0.6435804046875 0.5935489031250001 0.6587831078125 0.596774096875 0.6638506750000001 0.583871290625 0.6621621625 0.5677412578125 0.653715540625 0.5612908703125 0.6452709453125001 0.5645160640625
1 0.6925675671875 0.416128709375 0.68074391875 0.416128709375 0.6706087843749999 0.429031515625 0.6706087843749999 0.44193635468750003 0.679053378125 0.4516119359375 0.6908790546875 0.4548391609375 0.6993236484375001 0.44193635468750003 0.6993236484375001 0.429031515625 0.6925675671875 0.416128709375
1 0.6055736484375001 0.3151620640625 0.6182425671875 0.32257980625 0.6418918921875 0.2999993875 0.6435804046875 0.2774189671875 0.6182425671875 0.2645161609375 0.60641891875 0.2903217734375 0.6055736484375001 0.3151620640625
1 0.60641891875 0.1645168703125 0.6097979734375001 0.1806448703125 0.6266891890624999 0.1806448703125 0.63006824375 0.174194484375 0.63006824375 0.1645168703125 0.6216216218749999 0.1516120328125 0.613175 0.1516120328125 0.60641891875 0.1645168703125
1 0.7432432437500001 0.30645180625 0.738175675 0.2806441609375 0.7043912156250001 0.2548385484375 0.6925675671875 0.2580637421875 0.677364865625 0.28709658125000004 0.677364865625 0.2999993875 0.6841209453125 0.3129042265625 0.7060817562499999 0.3258070328125 0.734796621875 0.32257980625 0.7432432437500001 0.30645180625
1 0.788851621875 1 0.7972979734375001 0.9838704843749999 0.79391891875 0.954839678125 0.785472296875 0.9419348390625 0.7652020265624999 0.9483872578125 0.7567574328125 0.9612900640625 0.7533783781250001 0.977420096875 0.7550668921875 0.9935480968749999 0.765201215625 1 0.788851621875 1
1 0.869933153125 1 0.883446621875 0.9903229031249999 0.883446621875 0.970967678125 0.8733114859375 0.9419348390625 0.85641824375 0.9451620640625 0.8462831078124999 0.9645152578125 0.8462831078124999 0.9806452906249999 0.851350675 0.996773290625 0.8699294609375 1 0.869933153125 1
1 0.9222966218750001 0.15483925781250002 0.9138520265625001 0.1387092265625 0.9037168921875001 0.1387092265625 0.8952702703125001 0.1612896453125 0.8952702703125001 0.1806448703125 0.9020263515625 0.19677490312499998 0.9138520265625001 0.19677490312499998 0.9222966218750001 0.1806448703125 0.9222966218750001 0.15483925781250002
1 0.9442574328125 0.39677348437500004 0.9273641890625001 0.39677348437500004 0.9172290546875 0.416128709375 0.9189195953124999 0.4387091296875 0.9290547296874999 0.4548391609375 0.9425668921874999 0.4548391609375 0.9527020265624999 0.4387091296875 0.9527020265624999 0.41290351562499994 0.9442574328125 0.39677348437500004
2 0.6105501624999999 0 0.6047304046875001 0.003226709375 0.533784459375 0.08064558125 0.5287168921875 0.11612880625 0.5388520265625 0.119354 0.613175 0.0645155484375 0.6824324328125 0.003226709375 0.6835590765624999 0 0.6105501624999999 0
2 0.108108784375 0.10967841874999999 0.0827709453125 0.09677358124999999 0.050675000000000005 0.10000080625 0.021960134375000002 0.12580641875 0.0050668921875 0.15483925781250002 0.0084459453125 0.1677420640625 0.0557425671875 0.174194484375 0.07939189218750001 0.193547678125 0.0962831078125 0.2290329359375 0.0979736484375 0.28709658125000004 0.108108784375 0.28709658125000004 0.11993243281249999 0.27096858125 0.141891215625 0.20645251562500003 0.141891215625 0.1645168703125 0.133446621875 0.13548403281250002 0.108108784375 0.10967841874999999
2 0 0.6284445937500001 0.003378378125 0.622579709375 0.027027703125000004 0.599999290625 0.0979736484375 0.5516132578125 0.11148581093750001 0.5322580328125001 0.11993243281249999 0.4838699671875 0.0979736484375 0.45806435468749995 0.06925675625 0.4516119359375 0.035472296874999996 0.4645167734375 0.0050668921875 0.48709719375000005 0 0.493927503125 0 0.6284445937500001
2 0.33464710468750003 1 0.32939121562499996 0.9741928703125 0.3091209453125 0.9387096453125 0.2837831078125 0.9225816453125001 0.25168918906250004 0.9258068390625 0.2297304046875 0.9483872578125 0.20608108125000002 0.996773290625 0.20551790312499998 1 0.33464710468750003 1
2 0.510135134375 0.8806459999999999 0.50675608125 0.8032250968750001 0.5 0.777419484375 0.483108784375 0.7451614515625 0.4577709453125 0.7258062265625 0.427365540625 0.7258062265625 0.40540472968749997 0.7419362578124999 0.3834459453125 0.780644678125 0.37837837812499997 0.799999903125 0.374999325 0.8645159671875 0.3834459453125 0.90967680625 0.403716215625 0.9516124515625 0.427365540625 0.970967678125 0.4543918921875 0.9741928703125 0.47297364843749995 0.9645152578125 0.4949324328125 0.9354844515625 0.510135134375 0.8806459999999999
2 1 0.8612894843750001 0.9898655406250001 0.8419355484375 0.966216215625 0.8322579359375 0.9121614859375 0.8387103546875 0.8868236484375001 0.8612907734374999 0.8716209453125 0.896774 0.8733114859375 0.9387096453125 0.8885141890625 0.9838704843749999 0.896958784375 0.9935480968749999 0.9121602703124999 1 0.9121650000000001 1 0.95608108125 0.9935480968749999 0.9847979734375001 0.9645152578125 1 0.9354857421875 1 0.8612894843750001
2 0.8479736484375 0.72903141875 0.8479736484375 0.6354845484375 0.8445945953124999 0.599999290625 0.8344594593749999 0.5516132578125 0.81756824375 0.50645241875 0.79391891875 0.4838699671875 0.7652020265624999 0.4838699671875 0.721284459375 0.5161300328125 0.7043912156250001 0.5451608390625 0.69425608125 0.583871290625 0.6891885140625 0.6580649671875001 0.695946621875 0.7032258062500001 0.7077702703125001 0.7258062265625 0.7398641890625 0.7580642578125001 0.7922304046875001 0.780644678125 0.8243243250000001 0.777419484375 0.8445945953124999 0.7548390640625 0.8479736484375 0.72903141875
1 0.2702709453125 0.8709683874999999 0.27871554062500004 0.8935488062499999 0.3006763515625 0.9064516125000001 0.3175675671875 0.8838711937499999 0.3243236484375 0.8516131609375 0.3243236484375 0.8322579359375 0.3175675671875 0.809677515625 0.29391824375 0.799999903125 0.2854736484375 0.806452321875 0.271959459375 0.8322579359375 0.2702709453125 0.8709683874999999
1 0.2922297296875 0.1419364515625 0.3006763515625 0.1419364515625 0.3158790546875 0.10967841874999999 0.3074324328125 0.09677358124999999 0.290541215625 0.10000080625 0.2871621625 0.11612880625 0.2922297296875 0.1419364515625
1 0.1537168921875 0.954839678125 0.15878445937500002 0.967742484375 0.189189865625 0.967742484375 0.1959459453125 0.9483872578125 0.190878378125 0.91935441875 0.1706081078125 0.9129040328125001 0.1554054046875 0.9354844515625 0.1537168921875 0.954839678125
1 0.2179047296875 0.66774258125 0.2077695953125 0.6709677734375 0.197634459375 0.6870957734375 0.199325 0.7000006125 0.2128371625 0.7161286125 0.2246628375 0.7129034187500001 0.2297304046875 0.7032258062500001 0.228039865625 0.6806453875 0.2179047296875 0.66774258125
1 0.18581081093750001 0.2903217734375 0.1672290546875 0.28709658125000004 0.146958784375 0.3032266125 0.1452702703125 0.32257980625 0.165540540625 0.3516126453125 0.1773641890625 0.3548378390625 0.18412229687499998 0.3483874515625 0.190878378125 0.31612941875 0.18581081093750001 0.2903217734375
1 0.15033783750000002 0.08064558125 0.148649325 0.0419351296875 0.1233114859375 0.0387099359375 0.11993243281249999 0.045160321875 0.1216209453125 0.0645155484375 0.141891215625 0.0870959671875 0.15033783750000002 0.08064558125
1 0.06587770312499999 0.41290351562499994 0.074324325 0.42258112968750006 0.0878385140625 0.42258112968750006 0.0945945953125 0.400000709375 0.09121554062500001 0.383870678125 0.07939189218750001 0.380645484375 0.06756824375 0.390323096875 0.06587770312499999 0.41290351562499994
1 0.0895270265625 0.599999290625 0.10641824375 0.622579709375 0.1216209453125 0.6548377421875 0.13175608125 0.6967733875000001 0.146958784375 0.69354819375 0.15033783750000002 0.6870957734375 0.146958784375 0.609676903125 0.141891215625 0.5935489031250001 0.10979729687499999 0.570968484375 0.0945945953125 0.570968484375 0.0895270265625 0.580646096875 0.0895270265625 0.599999290625
1 0.1385141890625 0.8032250968750001 0.14358175625 0.787097096875 0.14358175625 0.764516678125 0.133446621875 0.7548390640625 0.116553378125 0.7580642578125001 0.10641824375 0.777419484375 0.114864865625 0.8129027093750001 0.12668851406249998 0.8161299359375 0.1385141890625 0.8032250968750001
1 0.0827709453125 0.8870963875 0.0878385140625 0.8774187734375 0.0861479734375 0.8451607421875 0.0827709453125 0.8387103546875 0.0709452703125 0.8419355484375 0.059121621874999995 0.8612907734374999 0.057433107812499995 0.8741935812499999 0.0726358109375 0.8903215812499999 0.0827709453125 0.8870963875
1 0 0 0 0.019354709375 0.0084459453125 0.019354709375 0.0097123625 0 0 0
1 0 0.061294870312500006 0.003378378125 0.0838707734375 0.015202026562500002 0.0870959671875 0.0202695953125 0.08064558125 0.01858108125 0.054837935937500006 0.0084459453125 0.051612742187500005 0 0.06128958125 0 0.061294870312500006
1 0 0.29742081875 0.0050668921875 0.3032266125 0.0135135140625 0.27096858125 0.011824999999999999 0.24838612968749998 0.0067574328125 0.2419357421875 0 0.24428148749999998 0 0.29742081875
1 0.233277703125 0.0790319671875 0.23834527031250002 0.0735489359375 0.2415540546875 0.0677427734375 0.2297304046875 0.0419351296875 0.21114864843749998 0.029032321875 0.19425743281250002 0.032257515625 0.18581081093750001 0.045160321875 0.187499325 0.06129035468750001 0.2179047296875 0.08064558125 0.233277703125 0.0790319671875
1 0.18243175625000002 0.103226 0.1604729734375 0.103226 0.1537168921875 0.11612880625 0.1537168921875 0.1419364515625 0.15878445937500002 0.1483868390625 0.18581081093750001 0.1483868390625 0.190878378125 0.1419364515625 0.190878378125 0.1129036125 0.18243175625000002 0.103226
1 0.18581081093750001 0.5225804187499999 0.172296621875 0.5193552265625 0.1621614859375 0.5290328390625 0.1621614859375 0.5516132578125 0.1672290546875 0.5645160640625 0.1773641890625 0.5677412578125 0.189189865625 0.5548384515625 0.190878378125 0.5387104515625001 0.18581081093750001 0.5225804187499999
1 0.0615064109375 0 0.059121621874999995 0.009677096875000001 0.059121621874999995 0.032257515625 0.0641891890625 0.0483875484375 0.0760128375 0.051612742187500005 0.0962831078125 0.009677096875000001 0.11655229687499999 0 0.0615064109375 0
1 0.10979729687499999 0.954839678125 0.108108784375 0.9451620640625 0.0827709453125 0.9225816453125001 0.052365540625 0.9354844515625 0.052365540625 0.9483872578125 0.0810804046875 0.9935480968749999 0.10979729687499999 0.954839678125
1 0 0.9778800609375 0.0067574328125 0.9806452906249999 0.0135135140625 0.9645152578125 0.0135135140625 0.9516124515625 0 0.93440780625 0 0.9778800609375
5 0.251825 0.0689682265625 0.23940945937500002 0.06780577343750001 0.23851351406250001 0.0741606453125 0.2512168921875 0.075323096875 0.251825 0.0689682265625
2 0.58108108125 0.6967733875000001 0.574325 0.7129034187500001 0.5701006750000001 0.7648377734375 0.574325 0.7677418703125001 0.646959459375 0.7516138703124999 0.6623304046875 0.7470961609375 0.6587831078125 0.7193558390625 0.6503385140625 0.6967733875000001 0.6351358109375 0.67742019375 0.60641891875 0.6741929671875 0.58108108125 0.6967733875000001
4 0.230016215625 0.251999484375 0.27988108125 0.39625729062500004 0.37506824375000003 0.49580745156250006 0.4755581078125 0.49580745156250006 0.23304054062500001 0.0846450640625 0.230016215625 0.251999484375
3 0.9932425671875 0.367742678125 0.9898655406250001 0.33870983906249996 0.9695952703125 0.33870983906249996 0.9679047296875 0.3516126453125 0.971283784375 0.367742678125 0.98141891875 0.3741930640625 0.9932425671875 0.367742678125
3 0.9087844593750001 0.690323 0.9172290546875 0.690323 0.940878378125 0.6548377421875 0.9341222968749999 0.622579709375 0.9189195953124999 0.622579709375 0.898649325 0.6354845484375 0.9087844593750001 0.690323
1 0.8395270265624999 0 0.8395270265624999 0.006451903125 0.8547297296874999 0.009677096875000001 0.8581087843749999 0.003226709375 0.8578974171875 0 0.8395270265624999 0
1 0.851350675 0.0483875484375 0.8395270265624999 0.051612742187500005 0.8327709453125 0.0677427734375 0.8361479734374999 0.09677358124999999 0.8462831078124999 0.10000080625 0.8547297296874999 0.0838707734375 0.85641824375 0.058065160937500006 0.851350675 0.0483875484375
3 0.7550668921875 0.9322572265625 0.7533783781250001 0.8870963875 0.7415547296875 0.8548383546875 0.71959391875 0.8322579359375 0.709458784375 0.8354831296875 0.7077702703125001 0.91935441875 0.7550668921875 0.9322572265625
1 0.6875 0.15483925781250002 0.6875 0.1709672578125 0.7060817562499999 0.1806448703125 0.7060817562499999 0.1483868390625 0.6925675671875 0.1451616453125 0.6875 0.15483925781250002
1 0.5996628375 0.574193678125 0.596283784375 0.5870964843750001 0.5996628375 0.6129041296875 0.6199331078125 0.6129041296875 0.6266891890624999 0.596774096875 0.6233101343749999 0.580646096875 0.613175 0.5677412578125 0.5996628375 0.574193678125
1 0.679053378125 0.806452321875 0.6689182437500001 0.787097096875 0.6604736484375 0.790322290625 0.6520270265625 0.8129027093750001 0.6520270265625 0.8322579359375 0.6570945953125 0.8451607421875 0.6739858109375 0.8451607421875 0.679053378125 0.8354831296875 0.679053378125 0.806452321875
1 0.6334452703125 0.796774709375 0.6182425671875 0.790322290625 0.60641891875 0.8032250968750001 0.603039865625 0.8290327421875 0.6097979734375001 0.8451607421875 0.628377703125 0.8548383546875 0.6418918921875 0.8483879671875 0.6418918921875 0.8161299359375 0.6334452703125 0.796774709375
1 0.658445640625 1 0.6621621625 0.9935480968749999 0.6638506750000001 0.9806452906249999 0.6587831078125 0.9580648703125 0.636824325 0.9516124515625 0.63006824375 0.9612900640625 0.625000675 0.996773290625 0.6256764734375 1 0.658445640625 1
1 0.5253378375 0.8032250968750001 0.5168912156250001 0.8161299359375 0.5135141890625 0.8774187734375 0.5185817562499999 0.8870963875 0.540708784375 0.8370967421875 0.5608108109375001 0.793547484375 0.5557432437500001 0.783871903125 0.5253378375 0.8032250968750001
1 0.572634459375 0.5258056125 0.5692574328125 0.5161300328125 0.5540547296875 0.5161300328125 0.5489871625 0.5258056125 0.5540547296875 0.6387097421875 0.55743175625 0.6483873546875001 0.572634459375 0.6483873546875001 0.5777020265624999 0.6354845484375 0.572634459375 0.5258056125
1 0.5557432437500001 0.31612941875 0.5557432437500001 0.3032266125 0.5489871625 0.28709658125000004 0.5388520265625 0.28387138749999996 0.533784459375 0.2903217734375 0.540540540625 0.31612941875 0.5557432437500001 0.31612941875
1 0.5354729734375 0.212902903125 0.5304054046875 0.2290329359375 0.53209391875 0.24838612968749998 0.5489871625 0.2516133546875 0.5523641890625 0.2451609359375 0.5489871625 0.219355321875 0.5422290546874999 0.20967770937500002 0.5354729734375 0.212902903125
1 0.5287168921875 0.1806448703125 0.5456081078125 0.1806448703125 0.5489871625 0.1709672578125 0.547296621875 0.15806445156249999 0.5388520265625 0.15483925781250002 0.5304054046875 0.1612896453125 0.5287168921875 0.1806448703125
1 0.48479729687499995 0.029032321875 0.4476358109375 0.003226709375 0.434121621875 0.003226709375 0.427365540625 0.012902290625000002 0.425675 0.0354847421875 0.47466216250000004 0.0774183546875 0.4864858109375 0.0774183546875 0.4881763515625 0.0387099359375 0.48479729687499995 0.029032321875
1 0.48141824375000003 0.22258051562499997 0.483108784375 0.20000009687500003 0.46621554062500004 0.19677490312499998 0.4459452703125 0.2322581296875 0.44087770312499996 0.24838612968749998 0.44087770312499996 0.2645161609375 0.44932432499999997 0.28387138749999996 0.459459459375 0.28387138749999996 0.48141824375000003 0.22258051562499997
1 0.452703378125 0.5645160640625 0.4543918921875 0.619354515625 0.5016885140625 0.6258069359375 0.50675608125 0.616129321875 0.50675608125 0.5580636453125 0.4983114859375 0.5516132578125 0.46283851406250004 0.5516132578125 0.452703378125 0.5645160640625
1 0.302364865625 0.3870958703125 0.30574391875 0.409678321875 0.3158790546875 0.425806321875 0.3243236484375 0.425806321875 0.3327702703125 0.400000709375 0.3175675671875 0.380645484375 0.3074324328125 0.37742029062500004 0.302364865625 0.3870958703125
1 0.4290540546875 0.4903223875 0.43074256718750004 0.4741943875 0.427365540625 0.46774196718749994 0.4138513515625 0.46774196718749994 0.40709527031250003 0.48709719375000005 0.415539865625 0.49677480625000003 0.4290540546875 0.4903223875