1 0.24390145312499997 0.6531171953125 0.2168027828125 0.66666753125 0.2059621140625 0.682927534375 0.2059621140625 0.7073165359375 0.2168027828125 0.710026203125 0.23035311875 0.6991875359375 0.2520324546875 0.6991875359375 0.2493227890625 0.6937662 0.28184279375 0.66666753125 0.2845524609375 0.6558268625 0.24390145312499997 0.6531171953125
1 0.357723475 0.577236515625 0.3197841359375 0.5718151781249999 0.3116531328125 0.57994618125 0.3143628 0.650405525 0.3821144796875 0.650405525 0.403793815625 0.5907868515625 0.40108414843749995 0.577236515625 0.392953146875 0.5718151781249999 0.384824146875 0.577236515625 0.36314280781249997 0.5718151781249999 0.357723475 0.577236515625
1 0.4390234875 0.3739834765625 0.4092131484375 0.3821144796875 0.392953146875 0.403793815625 0.392953146875 0.41463448437499995 0.41192481875000003 0.41192481875000003 0.45528549375000005 0.3902434796875 0.45799515937499996 0.37669314374999996 0.4390234875 0.3739834765625
1 0.40650348281250004 0.46612415937499996 0.38753381249999996 0.46612415937499996 0.357723475 0.48509583125000005 0.357723475 0.4959344984375 0.422763484375 0.490515165625 0.422763484375 0.4823841625 0.40650348281250004 0.46612415937499996
1 0.2059621140625 0.5284545046875 0.140922103125 0.533875840625 0.1327911 0.5392951734375 0.1327911 0.5582648421874999 0.20867178125 0.5609765125 0.2330627859375 0.552845509375 0.23848211875 0.54471450625 0.22222211718749998 0.5311661734374999 0.2059621140625 0.5284545046875
1 0.15718210625 0.45528549375000005 0.1327911 0.4607048265625 0.12195043125 0.47154549531249995 0.12195043125 0.4823841625 0.1734421078125 0.47967449531249995 0.1897021109375 0.46612415937499996 0.1897021109375 0.45799515937499996 0.15718210625 0.45528549375000005
1 0.271002125 0.360433140625 0.2682924578125 0.35501380781249997 0.24390145312499997 0.35501380781249997 0.2411917859375 0.3658544765625 0.2682924578125 0.36856414375 0.271002125 0.360433140625
1 0.2493227890625 0 0.2493227890625 0.01897108125 0.2574517890625 0.02710008125 0.273711790625 0.024390414062499997 0.2764234609375 0.0135497453125 0.26829281250000003 0 0.2493227890625 0
1 0.51490416875 0.8021688890625001 0.4823841625 0.81300755625 0.47696482968750004 0.8265578921875001 0.48509583125000005 0.8644992328125 0.498644165625 0.8753379000000001 0.5203255046875 0.869918565625 0.563686178125 0.831979228125 0.5609765125 0.8211385578125 0.51490416875 0.8021688890625001
1 0.533875840625 0.756098546875 0.5121945015625 0.76151788125 0.5121945015625 0.7777778828125 0.5257448375 0.79132821875 0.5474261765625 0.7859068828125 0.5474261765625 0.7750682171875 0.533875840625 0.756098546875
1 0.17024378125 0.2676415765625 0.1823581734375 0.28582618437499996 0.20311626249999998 0.3083206234375 0.21696500312500003 0.3282115390625 0.224743528125 0.3117893171875 0.22216804375 0.289294878125 0.21092082343750002 0.27802162343750003 0.2022490890625 0.2676415765625 0.18756121406249998 0.2563963609375 0.1771551328125 0.24688348750000003 0.165066775 0.25035218124999997 0.17024378125 0.2676415765625
1 0.1105429953125 0.16037843125 0.1105429953125 0.16815695625 0.1140116890625 0.18200569687499998 0.127858425 0.1759354828125 0.1356369515625 0.1690241296875 0.129592771875 0.1577769109375 0.1105429953125 0.16037843125
1 0.0497287015625 0.4225211578125 0.04712718125 0.4225211578125 0.043658487499999996 0.4337663734375 0.0583744015625 0.4337663734375 0.067018096875 0.4320320265625 0.06617896250000001 0.42078681093750003 0.055772881249999996 0.41818328749999994 0.0497287015625 0.4225211578125
1 0.0964499234375 0.4995113390625 0.0782653171875 0.4995113390625 0.0678852703125 0.5107585578125 0.0817340109375 0.5202714312500001 0.0981842703125 0.5159615984375 0.0964499234375 0.4995113390625
1 0.0840110921875 0.5989158515625 0.11382143125 0.5934965171875 0.11382143125 0.6016255171875 0.12195043125 0.604335184375 0.12195043125 0.5663958453125 0.11382143125 0.53658550625 0.08943042500000001 0.5311661734374999 0.07046075625 0.542004840625 0.059620087499999995 0.5555551765625 0.0650414234375 0.58807518125 0.0840110921875 0.5989158515625
1 0 0.768293203125 0.010840078125 0.764227546875 0.010840078125 0.7479675453125 0.0054207453125 0.7425482109375 0 0.7425482109375 0 0.768293203125
1 1 0.7211690453124999 0.9810289187500001 0.6937662 0.9593495828125 0.6775061984375 0.9457992468749999 0.6747965312499999 0.9159889078125 0.682927534375 0.8888882359375 0.71815720625 0.8780495687500001 0.7533868781249999 0.883468903125 0.80487855625 0.9051482390625001 0.8346888937499999 0.9268295765625 0.8509488968750001 0.937670246875 0.8482392296875 0.96205925 0.788618553125 1 0.7588086781250001 1 0.7211690453124999
1 0.53658550625 0.6964778703125 0.5284545046875 0.7154475390624999 0.5311661734374999 0.756098546875 0.552845509375 0.7859068828125 0.5907868515625 0.80487855625 0.642276525 0.79945721875 0.71815720625 0.8021688890625001 0.7317075421875 0.796747553125 0.7533868781249999 0.7750682171875 0.764227546875 0.7479675453125 0.7588082140625 0.6747965312499999 0.728997875 0.6341455234375 0.710026203125 0.6260165234375 0.6287261890625 0.6233068562499999 0.5663958453125 0.6612461953125 0.53658550625 0.6964778703125
1 0.0444439625 1 0.043360084375 0.9783192515625 0.0216807484375 0.96205925 0.010840078125 0.96205925 0.0083110671875 1 0.0444439625 1
1 0.869918565625 0.46341449375000004 0.8455275609375 0.46341449375000004 0.8211385578125 0.47967449531249995 0.8157172218750001 0.498644165625 0.831979228125 0.509484834375 0.8617895656250001 0.5121945015625 0.8861785687499999 0.501355834375 0.8861785687499999 0.4878054984375 0.869918565625 0.46341449375000004
1 0.7750682171875 0.47154549531249995 0.7533868781249999 0.47154549531249995 0.720866871875 0.4959344984375 0.720866871875 0.509484834375 0.788618553125 0.509484834375 0.79945721875 0.501355834375 0.79945721875 0.48509583125000005 0.7750682171875 0.47154549531249995
1 0.47696482968750004 0.49322483124999994 0.5176158375 0.509484834375 0.54471450625 0.5067751687500001 0.5555551765625 0.4878054984375 0.5555551765625 0.46612415937499996 0.54471450625 0.44444482343749997 0.5311661734374999 0.4308944875 0.48509583125000005 0.41192481875000003 0.4607048265625 0.41463448437499995 0.44173515781250006 0.4254751546875 0.4254751546875 0.44173515781250006 0.4173441515625 0.47154549531249995 0.4254751546875 0.490515165625 0.47696482968750004 0.49322483124999994
1 0.4173441515625 0.32249380156249996 0.44986415781250005 0.3468828046875 0.490515165625 0.3468828046875 0.509484834375 0.33333246875 0.5121945015625 0.3062338 0.5067751687500001 0.2953931296875 0.45257382343749997 0.2493227890625 0.4173441515625 0.23035311875 0.38753381249999996 0.23035311875 0.36856414375 0.24390145312499997 0.35501380781249997 0.265582790625 0.36314280781249997 0.30894346562499997 0.4173441515625 0.32249380156249996
4 0.6198641984375 0.4730895859375 0.448618471875 0.368672290625 0.30032580468750003 0.5252842140625 0.6365587890625 0.51067845 0.6198641984375 0.4730895859375
4 0.28788697343749997 0.5338478015625 0.11902447187500001 0.5321134546875 0.1433874390625 0.635691615625 0.28788697343749997 0.5338478015625
4 0.0120917296875 0 0 0.011551103125 0 0.2684753984375 0.22547451718749997 0.351463003125 0.2491322328125 0 0.0120917296875 0
4 1 0.6468524828125 0.8442278015625 0.570839859375 0.6316521484375001 0.56073218125 0.4605966796875 0.8418165390624999 0.6943585421875 1 0.8231711374999999 1 1 0.74099535 1 0.6468524828125
1 0.8021688890625001 0.8915999046875 0.79132821875 0.9159889078125 0.79132821875 0.9430895796875 0.8021688890625001 0.9593495828125 0.840108228125 0.96205925 0.8617895656250001 0.9512185796875 0.8888882359375 0.9268295765625 0.8997289046875 0.9078599078125 0.9024385718750001 0.8861785687499999 0.8780495687500001 0.8536585640625001 0.8563682296874999 0.8509488968750001 0.840108228125 0.8563682296874999 0.8021688890625001 0.8915999046875
1 0.6260165234375 0.8861785687499999 0.604335184375 0.9078599078125 0.5907868515625 0.9295392437500001 0.5907868515625 0.9566399156250001 0.6124661875 0.9810289187500001 0.6449861921875 0.9918695874999999 0.6720868640625 0.9918695874999999 0.6964778703125 0.9756095859375 0.7235765390625 0.9756095859375 0.756098546875 0.921408240625 0.756098546875 0.8915999046875 0.7018972031249999 0.8563682296874999 0.6720868640625 0.8563682296874999 0.6260165234375 0.8861785687499999
5 0.217371553125 0.2737678671875 0.22696453437500003 0.2589698421875 0.2130356859375 0.2520064203125 0.20257352812499999 0.2633337484375 0.217371553125 0.2737678671875
5 0.3444715421875 0.304227084375 0.3470730625 0.307723815625 0.352304140625 0.31468924062500003 0.36360343125 0.3103253359375 0.358400390625 0.30162556406249996 0.3540384875 0.29899800781249997 0.3444715421875 0.304227084375
4 0 0.66011233125 0.137453409375 0.63596198125 0 0.29860066875 0 0.66011233125
1 0.341463471875 0.8265578921875001 0.357723475 0.8373985609375 0.3712738109375 0.840108228125 0.384824146875 0.831979228125 0.3658544765625 0.79132821875 0.3468828046875 0.7804875499999999 0.2926834640625 0.788618553125 0.279133128125 0.8021688890625001 0.2926834640625 0.81300755625 0.341463471875 0.8265578921875001
1 0.79132821875 0.6070468531250001 0.84281789375 0.642276525 0.9051482390625001 0.658536528125 0.9295392437500001 0.6531171953125 0.9349585765624999 0.639566859375 0.9322489109375001 0.58807518125 0.937670246875 0.563686178125 0.9322489109375001 0.5474261765625 0.8997289046875 0.5230351703125 0.8455275609375 0.5230351703125 0.80487855625 0.5501358421875 0.7804875499999999 0.5826558484375 0.7804875499999999 0.5934965171875 0.79132821875 0.6070468531250001
1 1 0.6708363359375 0.9783192515625 0.6775061984375 0.9756095859375 0.691056534375 0.9945792546875 0.7046068703125 1 0.7046068703125 1 0.6708363359375
1 0.8292675578125 0.6612461953125 0.8184288921875 0.6775061984375 0.8157172218750001 0.712737871875 0.8211385578125 0.7235765390625 0.869918565625 0.71815720625 0.8672089 0.682927534375 0.8455275609375 0.6639558625 0.8292675578125 0.6612461953125
1 0.7723585500000001 0.66666753125 0.7723585500000001 0.6856372000000001 0.788618553125 0.6937662 0.8021688890625001 0.691056534375 0.8075882218749999 0.6775061984375 0.80487855625 0.6612461953125 0.7804875499999999 0.6558268625 0.7723585500000001 0.66666753125
1 0.615175853125 0.58807518125 0.6260165234375 0.6070468531250001 0.650405525 0.6070468531250001 0.6639558625 0.596206184375 0.66666753125 0.5826558484375 0.647695859375 0.5663958453125 0.6205971890625 0.5609765125 0.615175853125 0.58807518125
1 0.6260165234375 0.6124661875 0.5907868515625 0.6124661875 0.585365515625 0.6205971890625 0.58807518125 0.63143585625 0.6097565203124999 0.6368571921874999 0.6233068562499999 0.63143585625 0.6260165234375 0.6124661875
1 0.3658544765625 0.7154475390624999 0.3306228015625 0.720866871875 0.3143628 0.7425482109375 0.3143628 0.756098546875 0.357723475 0.76151788125 0.3794028109375 0.7425482109375 0.3794028109375 0.7235765390625 0.3658544765625 0.7154475390624999