2 1 0.1941503453125 0.985834 0.17375000000000002 0.9800000000000001 0.14875 0.974166 0.135 0.9625 0.12375 0.9433339999999999 0.11374999999999999 0.9375 0.11374999999999999 0.926666 0.12 0.910834 0.14250000000000002 0.9025000000000001 0.16125 0.900834 0.1775 0.911666 0.19125 0.9125 0.20875 0.916666 0.21875 0.9175000000000001 0.24 0.914166 0.27625 0.9316660000000001 0.35750000000000004 0.9375 0.37124999999999997 0.9466659999999999 0.38375 0.9550000000000001 0.38875000000000004 0.966666 0.39 0.9775 0.38125 0.9800000000000001 0.37374999999999997 1 0.34249999999999997 1 0.1941503453125
1 0.706666 0.53625 0.709166 0.5475 0.719166 0.5650000000000001 0.728334 0.57375 0.745 0.585 0.754166 0.58375 0.763334 0.5650000000000001 0.7775000000000001 0.54625 0.781666 0.545 0.789166 0.53625 0.8025 0.53 0.8099999999999999 0.53 0.814166 0.525 0.8191660000000001 0.5037499999999999 0.8175000000000001 0.47625 0.810834 0.4625 0.8058339999999999 0.45875000000000005 0.785834 0.45999999999999996 0.7474999999999999 0.475 0.7275 0.48875 0.710834 0.5075000000000001 0.706666 0.525 0.706666 0.53625
1 0.55 0.87375 0.5625 0.87375 0.578334 0.86625 0.5974999999999999 0.8425 0.6083339999999999 0.81875 0.6083339999999999 0.7975 0.603334 0.7737499999999999 0.595 0.7625 0.5675 0.73625 0.5508339999999999 0.73 0.5441659999999999 0.7325 0.5366660000000001 0.745 0.533334 0.76 0.5325 0.7925 0.541666 0.8125 0.5475 0.8375 0.546666 0.8699999999999999 0.55 0.87375
1 0.052500000000000005 0.6950000000000001 0.08083399999999999 0.66625 0.108334 0.62375 0.111666 0.615 0.113334 0.59375 0.108334 0.575 0.103334 0.5650000000000001 0.08 0.5375 0.066666 0.53 0.040833999999999995 0.52625 0.030834 0.53125 0.024166 0.545 0.011666 0.5925 0.010834 0.6174999999999999 0.015834 0.6475 0.024166 0.66875 0.041665999999999995 0.69375 0.052500000000000005 0.6950000000000001
1 0.1575 0.9375 0.16916599999999998 0.94375 0.184166 0.9400000000000001 0.190834 0.9349999999999999 0.20666600000000002 0.9125 0.213334 0.8862500000000001 0.2125 0.8699999999999999 0.20666600000000002 0.85875 0.190834 0.845 0.183334 0.8425 0.16999999999999998 0.85125 0.16 0.865 0.154166 0.88125 0.151666 0.89625 0.151666 0.9199999999999999 0.1575 0.9375
1 0.0256292515625 0 0.02955 0.0435 0.044274 0.069262 0.054091999999999994 0.0619 0.067174 0.047174 0.07045 0.03245 0.072908 0.010362 0.0756093734375 0 0.0256292515625 0
1 0.124166 0 0.12250000000000001 0.045 0.128334 0.08 0.13999999999999999 0.10375000000000001 0.150834 0.11374999999999999 0.163334 0.11625 0.16999999999999998 0.11125 0.185 0.0775 0.191666 0.04875 0.196666 0.01125 0.1962718953125 0 0.124166 0
1 0.10166599999999999 0.0225 0.091666 0.02375 0.081666 0.04375 0.074166 0.0775 0.0775 0.0875 0.094166 0.08625000000000001 0.103334 0.08 0.106666 0.05125 0.10166599999999999 0.0225
1 0.08666599999999999 0.155 0.095834 0.15375 0.10583400000000001 0.14375 0.108334 0.1375 0.11083400000000002 0.11625 0.11083400000000002 0.1 0.1075 0.08625000000000001 0.099166 0.08625000000000001 0.079166 0.1 0.06999999999999999 0.11000000000000001 0.06833399999999999 0.11750000000000001 0.069166 0.1325 0.071666 0.14125000000000001 0.078334 0.15125 0.08666599999999999 0.155
1 0.29416600000000004 0.13 0.300834 0.1325 0.3125 0.13 0.323334 0.12125 0.34500000000000003 0.08875 0.35 0.07625 0.355834 0.04875 0.355834 0.04375 0.3525 0.03625 0.32999999999999996 0.03 0.320834 0.034999999999999996 0.306666 0.052500000000000005 0.304166 0.06625 0.29416600000000004 0.0925 0.291666 0.10500000000000001 0.291666 0.12375 0.29416600000000004 0.13
1 0.36870769999999997 0 0.36 0.02375 0.35666600000000004 0.03875 0.35666600000000004 0.05125 0.353334 0.0675 0.34833400000000003 0.08 0.34500000000000003 0.10375000000000001 0.343334 0.13 0.34666600000000003 0.13625 0.353334 0.13625 0.370834 0.12 0.386666 0.095 0.396666 0.06625 0.398334 0.05625 0.398334 0.03 0.396666 0.0225 0.387192315625 0 0.36870769999999997 0
1 0.41083400000000003 0.21125 0.413334 0.19875 0.4125 0.18375 0.40583400000000003 0.1825 0.395834 0.20125 0.383334 0.21875 0.381666 0.23500000000000001 0.385834 0.24375 0.394166 0.24625 0.40083399999999997 0.24125000000000002 0.41083400000000003 0.21125
1 0.5991660000000001 0.17124999999999999 0.5974999999999999 0.1825 0.5991660000000001 0.18875 0.609166 0.19 0.623334 0.185 0.690834 0.14125000000000001 0.698334 0.13 0.714166 0.08 0.721666 0.04625 0.720834 0.03125 0.715834 0.02375 0.701666 0.01625 0.690834 0.017499999999999998 0.6849999999999999 0.02375 0.6725 0.05 0.646666 0.09375 0.6066659999999999 0.155 0.5991660000000001 0.17124999999999999
1 0.73 0.3025 0.7383339999999999 0.30874999999999997 0.7474999999999999 0.31 0.7683340000000001 0.3 0.771666 0.29500000000000004 0.778334 0.27 0.791666 0.2475 0.801666 0.2375 0.8099999999999999 0.23374999999999999 0.813334 0.22875 0.8158340000000001 0.21875 0.8150000000000001 0.195 0.8091659999999999 0.175 0.799166 0.16125 0.7866660000000001 0.15375 0.769166 0.155 0.744166 0.185 0.7316659999999999 0.2125 0.721666 0.25875 0.721666 0.28375 0.725 0.29500000000000004 0.73 0.3025
1 0.21749999999999997 0.43624999999999997 0.224166 0.45625 0.23083399999999998 0.46624999999999994 0.2375 0.47000000000000003 0.246666 0.47000000000000003 0.254166 0.46624999999999994 0.263334 0.45625 0.28333400000000003 0.4175 0.29583400000000004 0.37124999999999997 0.29583400000000004 0.31875 0.289166 0.29625 0.274166 0.27999999999999997 0.26749999999999996 0.27749999999999997 0.26 0.27875 0.239166 0.29375 0.23083399999999998 0.30874999999999997 0.21833399999999997 0.34625 0.214166 0.385 0.214166 0.41125 0.21749999999999997 0.43624999999999997
1 0.275 0.5525 0.275 0.54375 0.269166 0.53 0.260834 0.51625 0.255 0.51125 0.24583400000000002 0.51625 0.238334 0.5387500000000001 0.236666 0.5587500000000001 0.239166 0.57625 0.246666 0.5775 0.26 0.5700000000000001 0.270834 0.5599999999999999 0.275 0.5525
1 0.2925 0.54125 0.308334 0.55125 0.321666 0.54625 0.3325 0.5325 0.34166599999999997 0.5075000000000001 0.34666600000000003 0.47375 0.34583400000000003 0.44375 0.338334 0.4125 0.325 0.395 0.319166 0.39249999999999996 0.305 0.39625 0.2925 0.41125 0.27916599999999997 0.44625000000000004 0.274166 0.48125 0.275 0.49874999999999997 0.281666 0.51375 0.286666 0.5337500000000001 0.2925 0.54125
1 0.408334 0.47625 0.419166 0.47000000000000003 0.426666 0.4625 0.43499999999999994 0.44625000000000004 0.43833399999999995 0.43125 0.448334 0.40875000000000006 0.45 0.39375 0.448334 0.36875 0.441666 0.35750000000000004 0.433334 0.35625 0.426666 0.36 0.41666600000000004 0.37 0.40666599999999997 0.38875000000000004 0.3975 0.44125 0.396666 0.4625 0.399166 0.47375 0.408334 0.47625
1 0.40750000000000003 0.6375 0.414166 0.6525000000000001 0.419166 0.6575 0.426666 0.6599999999999999 0.46416599999999997 0.6575 0.52 0.60875 0.533334 0.5912499999999999 0.540834 0.57125 0.551666 0.51625 0.5575 0.45625 0.5549999999999999 0.4325 0.5458339999999999 0.41500000000000004 0.5366660000000001 0.41375 0.530834 0.41875 0.4925 0.49375 0.44916600000000007 0.5599999999999999 0.426666 0.58375 0.414166 0.6012500000000001 0.40750000000000003 0.62 0.40750000000000003 0.6375
1 0.316666 0.73375 0.318334 0.7262500000000001 0.319166 0.70375 0.3175 0.68875 0.305 0.6487499999999999 0.3025 0.645 0.29416600000000004 0.645 0.273334 0.675 0.26666599999999996 0.6900000000000001 0.263334 0.7025 0.263334 0.72 0.26749999999999996 0.72875 0.29500000000000004 0.73875 0.309166 0.74 0.316666 0.73375
1 0.39249999999999996 0.9025000000000001 0.4 0.8862500000000001 0.40666599999999997 0.8462500000000001 0.40583400000000003 0.805 0.394166 0.7474999999999999 0.386666 0.7275 0.366666 0.6975 0.35666600000000004 0.6975 0.349166 0.71375 0.344166 0.74125 0.338334 0.79875 0.335 0.8637499999999999 0.34249999999999997 0.8787499999999999 0.375834 0.9012499999999999 0.386666 0.905 0.39249999999999996 0.9025000000000001
1 0.485 0.9400000000000001 0.475834 0.9275 0.46833400000000003 0.9262499999999999 0.46583399999999997 0.93 0.460834 0.945 0.460834 0.96 0.46416599999999997 0.9662499999999999 0.46833400000000003 0.96875 0.48 0.9637499999999999 0.48666600000000004 0.95 0.485 0.9400000000000001
1 0.537778 1 0.5366660000000001 0.9974999999999999 0.5183340000000001 0.9800000000000001 0.510834 0.98125 0.5075000000000001 0.985 0.50211476875 1 0.537778 1