1 1 0.6520543453125 0.971427809375 0.6643836296875001 0.93333281875 0.64725928125 0.9142863999999999 0.6541094515625 0.9119037140625 0.68835599375 0.9238085328125001 0.70890435 0.9785715625 0.75342506875 1 0.780823040625 1 0.6520543453125
1 0.9119037140625 1 0.9119037140625 0.9965748624999999 0.8976183625 0.9623283218750001 0.9166669328125 0.9349319515625 0.9142863999999999 0.9178076031250001 0.888096228125 0.9143835953125 0.8309526671875 0.9315057875000001 0.819047846875 0.9417799656250001 0.8261894468750001 0.96917849375 0.8447616421875 1 0.9119037140625 1
1 0.602380571875 0.9109595890625 0.5928562859375 0.8835610609375 0.5452391624999999 0.8287661640625 0.526190590625 0.8287661640625 0.5047614859375 0.8527406843750001 0.5047614859375 0.8904112328125 0.5119052374999999 0.9246577734375 0.5595245140625 0.9520541437500001 0.5785709328124999 0.9520541437500001 0.590475753125 0.9417799656250001 0.602380571875 0.9109595890625
1 0.561905046875 0.1438353421875 0.4595227421875 0.08219243125 0.41904721875 0.041095718749999996 0.4047618671875 0.0445197265625 0.4023813328125 0.0993146234375 0.41428615312500006 0.1404113359375 0.45000060937499997 0.202054246875 0.4880956 0.2363007875 0.5452391624999999 0.243150959375 0.5714293328125 0.23287678125000003 0.5976195046874999 0.21232842500000002 0.6238096765625001 0.1746578765625 0.6166659234375 0.1541095203125 0.561905046875 0.1438353421875
0 0.90238158125 0.267123321875 0.9142863999999999 0.23287678125000003 0.9119037140625 0.2089044171875 0.9047621140625 0.1986302390625 0.8619039046875001 0.19178006875 0.847618553125 0.202054246875 0.8428574859375001 0.22945277343749998 0.847618553125 0.2534251375 0.8666671234375001 0.291095684375 0.883333009375 0.291095684375 0.90238158125 0.267123321875
1 0.888096228125 0.77739743125 0.9190474671875 0.7842476031250001 0.93333281875 0.7705472609374999 0.9428571046875 0.73630071875 0.92619121875 0.7157523625 0.9166669328125 0.722602534375 0.903808609375 0.7304796921875 0.8928572953125 0.7410969171875 0.8785719421874999 0.763699246875 0.888096228125 0.77739743125
1 0.839393278125 0 0.8619039046875001 0.027397534374999997 0.9071426468749999 0.05479390468749999 0.952381390625 0.05479390468749999 0.9833326281250001 0.0342455484375 0.9928569140624999 0.003425171875 0.9923278375000001 0 0.839393278125 0
1 0.1714287046875 0.8219181499999999 0.14285799999999998 0.787671609375 0.12142889531250001 0.746574896875 0.1047608578125 0.6952061640625 0.08809497187500001 0.7054803421875 0.0642853328125 0.746574896875 0.047619446875 0.7910956171875 0.0404756953125 0.8493145203125 0.047619446875 0.8664388703125001 0.08571443749999999 0.8904112328125 0.1333337140625 0.8835610609375 0.157143353125 0.8595886984375 0.1714287046875 0.8321923281249999 0.1714287046875 0.8219181499999999
1 0.47987015 1 0.4857150671875 0.96917849375 0.50714201875 0.938355959375 0.50714201875 0.9246577734375 0.49523720000000004 0.9178076031250001 0.4357152578125 0.9178076031250001 0.40952293281249996 0.9280817812500001 0.3904765140625 0.958904315625 0.38809598125 0.9965748624999999 0.3896831921875 1 0.47987015 1
1 0.1499996 0.1986302390625 0.14523853281250002 0.1746578765625 0.1261899625 0.1301371578125 0.099999790625 0.10616479375000001 0.080953371875 0.10958880156249999 0.080953371875 0.1986302390625 0.069048553125 0.26027315 0.04999998125 0.3047938703125 0.04999998125 0.32191821875 0.054761046875 0.3253422265625 0.099999790625 0.32191821875 0.1333337140625 0.2945196921875 0.1499996 0.26027315 0.1499996 0.1986302390625
1 0.6976191234375 0.3698629453125 0.6547609140625 0.3356164046875 0.6238096765625001 0.2945196921875 0.6095243234375001 0.2945196921875 0.6095243234375001 0.3561647609375 0.6238096765625001 0.4006854796875 0.6547609140625 0.4452061984375 0.6666657328125 0.45205421250000005 0.6999996578125 0.44863020625 0.7428578671875 0.4006854796875 0.7428578671875 0.3835611296875 0.6976191234375 0.3698629453125
1 0.607143790625 0.702054178125 0.6166659234375 0.6678076374999999 0.619048609375 0.60274071875 0.5976195046874999 0.5445196578125 0.5857146859375 0.5445196578125 0.5738098671875 0.592466540625 0.5547612953125001 0.6232869171875 0.514285771875 0.6712338015625 0.4880956 0.68835599375 0.49047613281249997 0.7054803421875 0.5333343421875 0.726026540625 0.583334153125 0.726026540625 0.607143790625 0.702054178125
1 0.6793664265625 1 0.6999996578125 0.99315085625 0.7238092953125 0.97602650625 0.7452384000000001 0.938355959375 0.7619042859375 0.9280817812500001 0.7690480375 0.9178076031250001 0.771428571875 0.8938352390625001 0.76428481875 0.8869872265625001 0.726189828125 0.8869872265625001 0.702380190625 0.8938352390625001 0.6404755625 0.9349319515625 0.6166659234375 0.958904315625 0.6119048578124999 0.979452671875 0.6166659234375 0.9897268499999999 0.655950928125 1 0.6793664265625 1
1 0.8499990859375 0.592466540625 0.888096228125 0.5856163703124999 0.9119037140625 0.53767164375 0.9119037140625 0.49657493124999996 0.8942864765625 0.483560684375 0.86857198125 0.49041085625 0.8261894468750001 0.53767164375 0.8261894468750001 0.568494178125 0.8499990859375 0.592466540625
1 1 0.878154215625 0.9571424578125001 0.8424665062500001 0.8571428375 0.8047938015625 0.819047846875 0.77739743125 0.7785723234375 0.773973425 0.75714321875 0.7945196234375 0.75714321875 0.8356163359375 0.771428571875 0.8561646921875001 0.8142867812500001 0.8835610609375 0.921428 0.9178076031250001 0.9500008578125 0.9417799656250001 0.9619056765625 0.9452061296875 0.9785715625 0.9349319515625 1 0.9107143625 1 0.878154215625