1 0.2708336578125 0.250000809375 0.273809453125 0.24404702031249997 0.2500008953125 0.24404702031249997 0.23511972343749998 0.2321438421875 0.2232143453125 0.23511963749999998 0.2232143453125 0.2619039875 0.23511972343749998 0.2797609546875 0.26487986874999997 0.294642128125 0.30952338749999997 0.2916663328125 0.3065475921875 0.2797609546875 0.2708336578125 0.250000809375
1 0.42857056875 0.3839291640625 0.4375001515625 0.377975375 0.440475946875 0.363094203125 0.41666739062499997 0.297620121875 0.34226152656250003 0.297620121875 0.33928573281249996 0.3749995796875 0.34821531562499997 0.3839291640625 0.38988083906250004 0.377975375 0.39583242812499997 0.3839291640625 0.41964318437500003 0.377975375 0.42857056875 0.3839291640625
1 0.44642753593749995 0.5922611812499999 0.47916567499999996 0.601190765625 0.5000006375 0.5982149703124999 0.4970248421875 0.5833337968750001 0.44940552968749997 0.5595230421874999 0.42857056875 0.556547246875 0.42857056875 0.568452625 0.44642753593749995 0.5922611812499999
1 0.4613087078125 0.48214358281249997 0.4613087078125 0.473214 0.38988083906250004 0.4672624109375 0.38988083906250004 0.4791655890625 0.42261897968750006 0.50000055 0.44345174062500003 0.50000055 0.4613087078125 0.48214358281249997
1 0.1428568921875 0.39881033593750004 0.1428568921875 0.4196430984375 0.1517864765625 0.4255946875 0.2232143453125 0.43154847656250006 0.2410713125 0.4285704828125 0.2589282796875 0.413691509375 0.252976690625 0.404761925 0.22619014062499998 0.39583234218749996 0.1428568921875 0.39881033593750004
1 0.1428568921875 0.505952140625 0.16964344375 0.5119037296875 0.205357378125 0.5089279343750001 0.205357378125 0.50000055 0.1875004109375 0.485119378125 0.13095151562500001 0.48214358281249997 0.13095151562500001 0.4940467625 0.1428568921875 0.505952140625
1 0.26487986874999997 0.6220235265625 0.2916664203125 0.6220235265625 0.2946422140625 0.6160719375 0.2916664203125 0.6071423546875 0.261904075 0.6101181484375 0.26487986874999997 0.6220235265625
1 0.29881036875 1 0.300596003125 0.9970242375 0.297618009375 0.9851188593750001 0.2797610421875 0.982143065625 0.2708336578125 0.9910704499999999 0.2708336578125 1 0.29881036875 1
1 0.5297629828125 0.062499354687499994 0.5208333984375 0.10416707812499999 0.5267849874999999 0.11904825000000001 0.562498921875 0.130951428125 0.6130962296875 0.1101186671875 0.6160720234375 0.0982132890625 0.5684527109374999 0.056547765625 0.5446419546875 0.050596175 0.5297629828125 0.062499354687499994
1 0.59821505625 0.16071377343749998 0.59821505625 0.14881059531250002 0.5744043 0.14285680625 0.559523128125 0.1577379796875 0.559523128125 0.175594946875 0.583333884375 0.1815465359375 0.59821505625 0.16071377343749998
1 0.1915781078125 0.7407737890625 0.20300621406250002 0.730326615625 0.2191366484375 0.7179769578124999 0.22866007187499998 0.70657744375 0.241011928125 0.69419699375 0.2438403625 0.6694932796875 0.23529787500000002 0.6514581609375 0.220088990625 0.6733026484375 0.1972921609375 0.6980063624999999 0.1839879609375 0.7179769578124999 0.1783025 0.7369644203125 0.1915781078125 0.7407737890625
1 0.13934444375 0.8386319046875 0.145982246875 0.8262800468749999 0.137439759375 0.8186899015625 0.122233075 0.8120235062500001 0.1184237046875 0.827232390625 0.1184237046875 0.8357748781250001 0.13934444375 0.8386319046875
1 0.048779553125 0.547885990625 0.051636579687499996 0.547885990625 0.058274384375 0.5526499015625 0.069702490625 0.549790675 0.0706240421875 0.5374410171874999 0.0611314109375 0.5355363328125 0.044970184375 0.5355363328125 0.048779553125 0.547885990625
1 0.071576384375 0.4509824171875 0.0829758984375 0.4633342734375 0.10294649375 0.4633342734375 0.104851178125 0.44526836249999996 0.0867852671875 0.44053524375 0.071576384375 0.4509824171875
1 0.07440481875 0.416667303125 0.09523757968749999 0.4285704828125 0.12202413125 0.4226188921875 0.13095151562500001 0.38988075312500003 0.13095151562500001 0.34821522968749996 0.12202413125 0.3511910234375 0.12202413125 0.36011840781250004 0.089285990625 0.35416681875 0.06845322968749999 0.366072196875 0.062499440625 0.40178613125 0.07440481875 0.416667303125
1 0 0.19642770781250002 0.00297695 0.19642770781250002 0.008928539062500001 0.19047611874999998 0.008928539062500001 0.17261915156250002 0 0.169270434375 0 0.19642770781250002
1 1 0.088540809375 0.9910705359374999 0.09523749375 0.9672619796875 0.12797563437499998 0.961310390625 0.1845245296875 0.97321356875 0.223214259375 1 0.25803543125 1 0.088540809375
1 0.5803580890625 0.1815465359375 0.5773800953125 0.22619005312499998 0.586309678125 0.247022815625 0.61904781875 0.28571474375 0.6874998921875 0.3273802671875 0.7767847296875 0.3244044734375 0.797619690625 0.3154770890625 0.8303578296874999 0.270833571875 0.8363094203125 0.19047611874999998 0.8244040421875001 0.16071377343749998 0.800595484375 0.13690521718749998 0.7857143125 0.130951428125 0.702381065625 0.133929421875 0.64583436875 0.12797563437499998 0.6041666453125 0.14881059531250002 0.5803580890625 0.1815465359375
1 0.892856115625 0.464286615625 0.8988099046875 0.485119378125 0.9255942562499999 0.5029763453125 0.9523808062500001 0.5029763453125 0.9702377734375001 0.47618979531249994 0.9702377734375001 0.46130862187500005 0.943453421875 0.44940544375 0.9107152828125 0.45238123750000003 0.892856115625 0.464286615625
1 0.8244040421875001 0.4940467625 0.848214796875 0.4940467625 0.8749991484375 0.4791655890625 0.8749991484375 0.46130862187500005 0.8630959703125001 0.45238123750000003 0.7886901078124999 0.45238123750000003 0.7886901078124999 0.4672624109375 0.8244040421875001 0.4940467625
1 0.5208333984375 0.4702382046875 0.464286703125 0.473214 0.45535711875 0.4940467625 0.464286703125 0.5267849015625 0.48214367031250005 0.54464186875 0.50297643125 0.556547246875 0.5297629828125 0.5595230421874999 0.5803580890625 0.5386902796874999 0.5952370625000001 0.5238091078125 0.607142440625 0.50000055 0.607142440625 0.47618979531249994 0.5952370625000001 0.45535703281249995 0.5654769171875 0.45238123750000003 0.5208333984375 0.4702382046875
1 0.39583242812499997 0.672618634375 0.3869050453125 0.720237946875 0.40178621718749996 0.744048703125 0.42261897968750006 0.758927675 0.45535711875 0.758927675 0.49404684843749996 0.7380949140624999 0.5535715390625 0.68749980625 0.559523128125 0.6755944281249999 0.5565473328125 0.6458342828125 0.535714571875 0.630953109375 0.49107105312500005 0.630953109375 0.45535711875 0.6577374609375 0.39583242812499997 0.672618634375
4 0.696101765625 0.4510703921875 0.3268458984375 0.435030134375 0.48970302343750005 0.6070235859374999 0.6777675265625 0.4923510203125 0.696101765625 0.4510703921875
4 0.15449394375 0.3137791484375 0.127738184375 0.4275301640625 0.3131853953125 0.4256254796875 0.15449394375 0.3137791484375
4 0.269823053125 1 0.24464314531250003 0.625923071875 0 0.7159658328125 0 1 0.269823053125 1
4 0.6320309703125 0 0.5028576640625 0.08740981249999999 0.6907132234375 0.39610067031249996 0.9241668421875 0.3850002734375 1 0.347995740625 1 0.05863600625 0.959967753125 0 0.6320309703125 0
1 0.866071765625 0 0.866071765625 0.0059526578125 0.8779771421874999 0.032737009375 0.9196426671875001 0.0714289375 0.9374996343750001 0.0773805265625 0.961310390625 0.0744047328125 0.988094740625 0.038690796875 0.985118946875 0.014880042187500001 0.9766153921875 0 0.866071765625 0
1 0.651414175 0 0.6607133421875 0.014880042187500001 0.6845240984375 0.038690796875 0.7351192046875 0.0714289375 0.7678573453124999 0.0714289375 0.8273820359374999 0.032737009375 0.8273820359374999 0.0000010687500000000001 0.8273813953125 0 0.651414175 0
5 0.219492953125 0.722707878125 0.2309826421875 0.7351477109375 0.24627950312500002 0.7275003812499999 0.2357443546875 0.7112489796875 0.219492953125 0.722707878125
5 0.385833934375 0.683540878125 0.3906242375 0.680655259375 0.3963382921875 0.6711010453124999 0.38392925 0.6663085421875 0.3781844046875 0.673958071875 0.375327378125 0.6777982328125 0.385833934375 0.683540878125
4 0 0.676672575 0.1479771078125 0.3134822296875 0 0.28748288125 0 0.676672575
1 0.3779754609375 0.154762184375 0.39881042187500004 0.14285680625 0.41964318437500003 0.0982132890625 0.4047620125 0.0892859046875 0.38988083906250004 0.0922617 0.372023871875 0.10416707812499999 0.31845297031249997 0.11904825000000001 0.303571796875 0.130951428125 0.31845297031249997 0.1458326015625 0.3779754609375 0.154762184375
1 1 0.29067453906249996 0.9910705359374999 0.2886905390625 0.9226184609375 0.30654750625 0.866071765625 0.345237234375 0.8541663875 0.36011840781250004 0.8541663875 0.3720237859375 0.8809529375 0.4077377203125 0.9255942562499999 0.437500065625 0.985118946875 0.437500065625 1 0.42633881875 1 0.29067453906249996
1 0.8958341093750001 0.2678577765625 0.9077372890625 0.28571474375 0.9255942562499999 0.28273895000000004 0.9494050125 0.2619039875 0.9523808062500001 0.223214259375 0.8988099046875 0.21726267031250002 0.892856115625 0.2291658484375 0.8958341093750001 0.2678577765625
1 0.8452390031249999 0.25892819375 0.8452390031249999 0.2797609546875 0.8541663875 0.2916663328125 0.8809529375 0.28571474375 0.8839287328125 0.2678577765625 0.8779771421874999 0.2529766046875 0.8630959703125001 0.250000809375 0.8452390031249999 0.25892819375
1 0.6845240984375 0.345237234375 0.6726187203125 0.366072196875 0.678572509375 0.39583234218749996 0.7083326546875 0.38988075312500003 0.729167615625 0.3720237859375 0.7261896218749999 0.3571426125 0.71130845 0.345237234375 0.6845240984375 0.345237234375
1 0.681548303125 0.31845288437499997 0.66666713125 0.31249909531250003 0.642856375 0.31845288437499997 0.6398805796875 0.3303560625 0.64583436875 0.3392856453125 0.6845240984375 0.3392856453125 0.681548303125 0.31845288437499997
1 0.36011849375 0.2202384640625 0.39881042187500004 0.22619005312499998 0.4136893953125 0.21726267031250002 0.4136893953125 0.19642770781250002 0.38988083906250004 0.175594946875 0.34226152656250003 0.1815465359375 0.34226152656250003 0.19642770781250002 0.36011849375 0.2202384640625