1 0 0.754474046875 0.002438678125 0.7617886171875 0.006097946875 0.7642276421875 0.01707371875 0.7674796749999999 0.035365993750000005 0.777235771875 0.0499990015625 0.77560975625 0.05365826875 0.7715447156249999 0.0524385140625 0.7463414640625 0.045122009375 0.736585365625 0.035365993750000005 0.739024390625 0 0.75447118125 0 0.754474046875
1 0.039025262500000005 0.7837398375 0.03048696875 0.779674796875 0.018293475 0.7813008124999999 0.00975518125 0.7845528453124999 0.006097946875 0.7886178859374999 0.006097946875 0.802439025 0.01341445 0.8073170734374999 0.03048696875 0.8081300812500001 0.039025262500000005 0.8032520328125001 0.0414627421875 0.787804878125 0.039025262500000005 0.7837398375
1 0.1243898921875 0.7829268296875 0.10975688593749999 0.77804878125 0.08536582968749999 0.7788617890625 0.0707307890625 0.782113821875 0.06585379687500001 0.7886178859374999 0.06463404218749999 0.8186991875 0.05365826875 0.8349593499999999 0.047561521875 0.8390243906249999 0.0512187578125 0.8463414640625 0.06341428593750001 0.85691056875 0.090244853125 0.863414634375 0.11463387656249999 0.863414634375 0.12195038124999999 0.8617886171875 0.1402446890625 0.8536585359375 0.1475611921875 0.8471544718749999 0.14512168125 0.8422764234375 0.1256096484375 0.8284552843749999 0.11951290156250001 0.8203252031250001 0.11829314531249999 0.8081300812500001 0.12804916093750002 0.787804878125 0.1243898921875 0.7829268296875
1 0 0.8604970640625 0.007317703125 0.8642276421874999 0.031706725000000005 0.8666666671875 0.042682496874999996 0.8658536578125 0.05853729375 0.8609756093750001 0.0524385140625 0.8536585359375 0.0414627421875 0.8487804875 0.01707371875 0.8463414640625 0.006097946875 0.8471544718749999 0 0.8457993921875 0 0.8604970640625
1 0 0.656179240625 0.001218921875 0.65691056875 0.03048696875 0.66504065 0.043902253125 0.6577235765625 0.0512187578125 0.64065040625 0.045122009375 0.6357723578125001 0.040242985937499996 0.63495935 0.019511196875 0.6373983734374999 0.0109749375 0.63495935 0 0.63495935 0 0.656179240625
1 0.0621945296875 0.5479674796875 0.0499990015625 0.5487804875 0.037805506249999996 0.555284553125 0.034146237499999996 0.560975609375 0.035365993750000005 0.579674796875 0.05365826875 0.593495934375 0.0743900578125 0.593495934375 0.0829263171875 0.5886178859375 0.0914625765625 0.5788617890625 0.0939020890625 0.5731707312500001 0.0926823328125 0.5577235765624999 0.08536582968749999 0.552845528125 0.0743900578125 0.5495934953125 0.0621945296875 0.5479674796875
1 0.050840632812499995 0.690325203125 0.0458782578125 0.6803983734375 0.0369394796875 0.684365853125 0.031975071875 0.69495935 0.0339510765625 0.7029024390624999 0.0349512765625 0.7055528453125001 0.050840632812499995 0.690325203125
1 0.1372318921875 0.7366666671875 0.0468662609375 0.7267398375 0.06474381875 0.7373333328125 0.070694196875 0.7419674796875 0.1282931125 0.7413008125 0.1372318921875 0.7366666671875
1 0.1243898921875 0.6341463421875 0.1024383484375 0.622764228125 0.0939020890625 0.62439024375 0.0939020890625 0.63495935 0.11097460781249999 0.655284553125 0.11585363281250001 0.6642276421875 0.11585363281250001 0.6723577234375 0.1073173734375 0.679674796875 0.0926823328125 0.687804878125 0.0841460734375 0.6902439031250001 0.0707307890625 0.6991869921875 0.05853729375 0.7 0.03658575 0.709756096875 0.03658575 0.717886178125 0.042682496874999996 0.72195121875 0.05365826875 0.7235772359375 0.06463404218749999 0.72195121875 0.0756098140625 0.717886178125 0.0878053421875 0.7162601625 0.11463387656249999 0.7048780484375 0.12804916093750002 0.7008130078125 0.1378051765625 0.7 0.1487809484375 0.6951219515625 0.156097453125 0.6991869921875 0.1609764765625 0.6967479671875 0.1621942 0.68943089375 0.167073225 0.682113821875 0.16585346875 0.6699186984375001 0.1621942 0.66504065 0.1487809484375 0.6577235765625 0.1414624125 0.6479674796875 0.1243898921875 0.6341463421875
1 0.193901759375 0.6601626015625001 0.18536550000000002 0.6528455281250001 0.176829240625 0.6544715453125 0.1695127359375 0.663414634375 0.1621942 0.6837398375 0.1621942 0.6991869921875 0.1707324921875 0.7048780484375 0.1804885078125 0.704065040625 0.190244525 0.698373984375 0.190244525 0.6910569109375 0.195121515625 0.685365853125 0.197561028125 0.6772357718750001 0.197561028125 0.6682926828125 0.193901759375 0.6601626015625001
1 0.31463321875 0.7252032515625 0.29878045468750003 0.7048780484375 0.2865849265625 0.704065040625 0.2780486671875 0.70813008125 0.2573168796875 0.71056910625 0.24024435937500002 0.717886178125 0.23658509218749998 0.7333333328125 0.241464115625 0.74308943125 0.2475608640625 0.7479674796875 0.26219590312499996 0.752845528125 0.2841454140625 0.7544715453124999 0.2975606984375 0.7520325203125 0.3060969578125 0.7479674796875 0.3134154953125 0.74065040625 0.31463321875 0.7252032515625
1 0.242683871875 0.671544715625 0.2329258234375 0.671544715625 0.2231698078125 0.6837398375 0.22195208437499997 0.6943089437500001 0.2243895640625 0.7 0.2341455796875 0.706504065625 0.2475608640625 0.71056910625 0.2768289109375 0.70813008125 0.2902441953125 0.7032520328125 0.29390143125 0.697560975 0.2902441953125 0.6951219515625 0.273171675 0.6926829265625 0.2634136265625 0.6886178859375 0.242683871875 0.671544715625
1 0.742682225 0.42926829218749996 0.734145965625 0.420325203125 0.718293203125 0.41951219531249995 0.706097675 0.428455284375 0.70731743125 0.43902439062500004 0.718293203125 0.4455284546875 0.729268975 0.4455284546875 0.742682225 0.4382113828125 0.742682225 0.42926829218749996
1 0.47926776406249993 0.5658536578125 0.47926776406249993 0.55934959375 0.476828253125 0.5544715453125 0.46951174843750004 0.5512195125 0.43658443281250003 0.5520325203125 0.4243909375 0.5536585359374999 0.41829215781249995 0.55691056875 0.414634921875 0.56504065 0.4170724015625 0.569105690625 0.4304876859375 0.5764227640625 0.4573162203125 0.5813008125 0.4621952453125 0.5804878046875 0.4756105296875 0.571544715625 0.47926776406249993 0.5658536578125
2 0.6085375156249999 0.6943089437500001 0.6036584921875 0.6739837390625001 0.5914629640625 0.6626016265625 0.5609751593750001 0.647154471875 0.540243371875 0.630894309375 0.5243906078125 0.62682926875 0.5158543484375 0.62195121875 0.5073180890625 0.606504065625 0.49877979687499996 0.6008130078125 0.47926776406249993 0.59430894375 0.4292679296875 0.593495934375 0.40487890625 0.597560975 0.3963406140625 0.60569105625 0.3853648421875 0.62682926875 0.328048503125 0.6585365859375 0.3134154953125 0.669105690625 0.304877203125 0.682113821875 0.30365947968749996 0.6959349593749999 0.32195175468750004 0.7333333328125 0.3414637859375 0.7487804875 0.3536593140625 0.7536585359375 0.3829273625 0.7544715453124999 0.4280481734375 0.7504065046874999 0.432927196875 0.7479674796875 0.44512272499999994 0.7463414640625 0.4536589859375 0.7479674796875 0.4634150015625 0.7439024390625 0.4743907734375 0.7439024390625 0.518291828125 0.752845528125 0.540243371875 0.7544715453124999 0.5548784125 0.7520325203125 0.57439044375 0.744715446875 0.59512223125 0.72439024375 0.6085375156249999 0.6943089437500001
1 0.6768296265625 0.7260162609374999 0.6658538546874999 0.7138211375 0.6524385703125 0.70813008125 0.6146342640625 0.71056910625 0.6024387359375 0.7195121953125 0.5987815000000001 0.7357723578125 0.6024387359375 0.7439024390625 0.6134145078125 0.7512195125 0.629269303125 0.755284553125 0.6439023109375 0.7560975609375 0.6658538546874999 0.7512195125 0.6743901140624999 0.7422764234375 0.6768296265625 0.7260162609374999
1 0.66097483125 0.6902439031250001 0.6499990578125 0.6813008125 0.6341462953125 0.6804878046875 0.628049546875 0.6837398375 0.6231705234375 0.698373984375 0.629269303125 0.704065040625 0.6341462953125 0.70569105625 0.6499990578125 0.70569105625 0.6585373515625 0.702439025 0.66097483125 0.6902439031250001
1 0.6695131234375 0.6723577234375 0.6646340984375 0.67560975625 0.6621945859375 0.6804878046875 0.6634143421875 0.6886178859375 0.6853658859375 0.6991869921875 0.706097675 0.7048780484375 0.7195129578125 0.704065040625 0.729268975 0.7 0.732926209375 0.6943089437500001 0.732926209375 0.6886178859375 0.729268975 0.6845528453124999 0.68170661875 0.6699186984375001 0.6695131234375 0.6723577234375
1 0.628049546875 0.6699186984375001 0.6439023109375 0.6560975609375 0.6524385703125 0.6414634140625 0.6560978390625001 0.6211382109375 0.6548780828125 0.6121951218749999 0.6451220671875 0.602439025 0.6329265390625001 0.6 0.59268271875 0.6016260156250001 0.5780497125 0.6048780484375 0.5731706875 0.60813008125 0.5609751593750001 0.6032520328125 0.523170853125 0.604065040625 0.519511584375 0.606504065625 0.520731340625 0.6146341468750001 0.56951141875 0.6495934953125 0.606098003125 0.671544715625 0.6195112546875 0.6723577234375 0.628049546875 0.6699186984375001
1 0.7743897859375 0.5398373984375 0.76463376875 0.532520325 0.7548777531249999 0.532520325 0.7475612500000001 0.5365853656249999 0.742682225 0.5422764234375 0.74390198125 0.5495934953125 0.7365854781250001 0.5617886171875 0.72560970625 0.5723577234375 0.6963416578125 0.5764227640625 0.6902449109375 0.5788617890625 0.6890251546874999 0.5869918703125 0.70731743125 0.597560975 0.718293203125 0.598373984375 0.742682225 0.5951219515624999 0.7512205187500001 0.5861788625 0.7548777531249999 0.5731707312500001 0.778049053125 0.5601626015625001 0.779268809375 0.5479674796875 0.7743897859375 0.5398373984375
1 0.8000005968749999 0.6861788625 0.8000005968749999 0.6772357718750001 0.7914643375 0.6764227640625 0.7841458015625 0.6813008125 0.778049053125 0.682113821875 0.7682930375 0.6886178859375 0.7634140140625 0.68943089375 0.7585370218749999 0.6951219515625 0.7353657218749999 0.7 0.73048873125 0.706504065625 0.7207327140625 0.7113821140625001 0.70731743125 0.712195121875 0.695121903125 0.72195121875 0.6792691390625001 0.7487804875 0.68414613125 0.7512195125 0.7231701937499999 0.7512195125 0.729268975 0.7495934953125001 0.753657996875 0.7495934953125001 0.77073255 0.7455284546875001 0.780488565625 0.736585365625 0.7853655578125001 0.7276422765625 0.78780506875 0.7048780484375 0.8000005968749999 0.6861788625
2 1 0.6857237015625001 0.8370608531249999 0.638105690625 0.8078293984375 0.6770731703124999 0.7924503078125 0.7078373984375 0.7939872 0.7232195124999999 0.8355239609374999 0.7488617890625 0.9154993031249999 0.77756910625 0.9954868421875 0.7919268296875 1 0.7920937968749999 1 0.6857237015625001
1 0.9164751078125001 0.6680243906250001 0.891585984375 0.6565772359375 0.8572437515625 0.65543089375 0.8563899218750001 0.6577235765625 0.8830009343749999 0.6685934953125 0.8993050078125 0.6726016265625 0.9156090812500001 0.67317073125 0.9164751078125001 0.6680243906250001
1 0.0731703015625 0.4739837390625 0.06463404218749999 0.4739837390625 0.045122009375 0.4804878046875 0.034146237499999996 0.493495934375 0.03292648125 0.5121951218749999 0.037805506249999996 0.52682926875 0.043902253125 0.5292682921874999 0.0499990015625 0.5406504062499999 0.054878025 0.5439024390625 0.0731703015625 0.5487804875 0.0914625765625 0.5504065046875 0.1048778609375 0.5430894312500001 0.1085371296875 0.5382113828125 0.11097460781249999 0.5292682921874999 0.1085371296875 0.5211382109375 0.10975688593749999 0.5138211375 0.1036581046875 0.5016260156250001 0.0939020890625 0.493495934375 0.0939020890625 0.48373983750000005 0.0841460734375 0.47723577187500005 0.0731703015625 0.4739837390625
1 0.11951290156250001 0.47804878124999994 0.1073173734375 0.4764227640625 0.0987811140625 0.4788617890625 0.0939020890625 0.4829268296875 0.0926823328125 0.493495934375 0.1012185921875 0.5024390249999999 0.11463387656249999 0.50569105625 0.12195038124999999 0.504065040625 0.12682940468749998 0.49837398437499997 0.12804916093750002 0.48536585312499997 0.11951290156250001 0.47804878124999994
1 0.2573168796875 0.5211382109375 0.2451213515625 0.520325203125 0.226829075 0.52682926875 0.21707305937500002 0.5406504062499999 0.215853303125 0.5504065046875 0.2231698078125 0.5658536578125 0.2329258234375 0.5723577234375 0.242683871875 0.57560975625 0.2585366359375 0.5764227640625 0.2707321640625 0.5723577234375 0.2865849265625 0.5634146343750001 0.2902441953125 0.5577235765624999 0.28902443906249997 0.5422764234375 0.2841454140625 0.532520325 0.2780486671875 0.528455284375 0.2573168796875 0.5211382109375
1 0.414634921875 0.5186991875 0.398780125 0.5121951218749999 0.387804353125 0.5121951218749999 0.3780483375 0.517886178125 0.368292321875 0.5300813015625 0.36097581875 0.528455284375 0.3597560625 0.532520325 0.3536593140625 0.5349593500000001 0.34634077812499997 0.5422764234375 0.3231715109375 0.5479674796875 0.3134154953125 0.5560975609375001 0.3134154953125 0.5658536578125 0.3182924859375 0.5764227640625 0.3329275265625 0.5869918703125 0.348780290625 0.5951219515624999 0.370731834375 0.5991869921874999 0.39756036875 0.5967479671875 0.39999988124999997 0.5886178859375 0.39756036875 0.571544715625 0.40975589687499997 0.5577235765624999 0.43170744218749996 0.5422764234375 0.43414695312499996 0.5382113828125 0.432927196875 0.530894309375 0.414634921875 0.5186991875
1 0.510975325 0.5162601625 0.4951225609375 0.517886178125 0.4719512609375 0.5349593500000001 0.46829199218750006 0.5439024390625 0.4707315046875 0.5495934953125 0.497560040625 0.571544715625 0.5012193078125 0.595934959375 0.5060983328125 0.6 0.5146345921875 0.6016260156250001 0.5317071125 0.6 0.539023615625 0.6016260156250001 0.5524389000000001 0.5991869921874999 0.565854184375 0.59430894375 0.584146459375 0.5788617890625 0.587805728125 0.5723577234375 0.587805728125 0.55691056875 0.558535646875 0.552845528125 0.540243371875 0.5406504062499999 0.53292686875 0.528455284375 0.510975325 0.5162601625
1 0.68170661875 0.5300813015625 0.6658538546874999 0.5195121953124999 0.6512188140624999 0.5211382109375 0.6085375156249999 0.55691056875 0.5939024749999999 0.5626016265625 0.59268271875 0.5788617890625 0.6012189796875 0.5869918703125 0.6146342640625 0.58943089375 0.6451220671875 0.5886178859375 0.6475615796875 0.5837398375 0.6658538546874999 0.5731707312500001 0.6804868625 0.55934959375 0.6865856421875 0.5455284546875 0.6853658859375 0.5349593500000001 0.68170661875 0.5300813015625
1 0.692682390625 0.47967479687500003 0.6865856421875 0.48211382187499996 0.6670736109375001 0.5 0.6646340984375 0.50813008125 0.6658538546874999 0.514634146875 0.670730846875 0.5211382109375 0.6865856421875 0.532520325 0.693902146875 0.532520325 0.70731743125 0.5365853656249999 0.73048873125 0.5373983734375 0.7463414937499999 0.5341463421875 0.7524382421875 0.528455284375 0.753657996875 0.5162601625 0.737805234375 0.49674796718750003 0.7280492187500001 0.4886178859375 0.70731743125 0.4804878046875 0.7000009265625 0.48130081249999995 0.692682390625 0.47967479687500003
1 0.9939031921874999 0.4926829265625 0.9829274187499999 0.48780487812500006 0.9743911593749999 0.4869918703125 0.9682923796875 0.49105691093750004 0.9609758749999999 0.49105691093750004 0.9548770953125001 0.49674796718750003 0.9463408359375001 0.5 0.94146384375 0.5073170734375 0.931707828125 0.5138211375 0.929268315625 0.522764228125 0.932927584375 0.528455284375 0.9536593718749999 0.5382113828125 0.96463514375 0.5390243906250001 0.9719516468749999 0.5373983734375 0.9865846546875 0.5252032515625 0.995122946875 0.5089430890625 0.9975604265625 0.49837398437499997 0.9939031921874999 0.4926829265625
1 0 0.454363221875 0.004878190625 0.452845528125 0.00975518125 0.44959349531250004 0.01341445 0.4422764234375 0.00975518125 0.43658536562499994 0 0.42908095625 0 0.454363221875
1 0 0.4169108828125 0.002438678125 0.4186991875 0.01463420625 0.42195121875 0.025609978125 0.42195121875 0.037805506249999996 0.4170731703125 0.046341765624999996 0.409756096875 0.047561521875 0.3991869921875 0.045122009375 0.39430894375 0.035365993750000005 0.393495934375 0.023170465625 0.3951219515625 0 0.39203240156249997 0 0.4169108828125
1 0 0.3803110875 0.01707371875 0.38130081250000003 0.021950709375 0.37804878125 0.03048696875 0.382113821875 0.03658575 0.377235771875 0.048781278125 0.3764227640625 0.07682956875 0.38373983749999996 0.0939020890625 0.38373983749999996 0.1024383484375 0.38130081250000003 0.11463387656249999 0.3739837390625 0.1207326578125 0.360975609375 0.1170733890625 0.3504065046875 0.0939020890625 0.3398373984375 0.042682496874999996 0.34227642343750003 0.035365993750000005 0.3439024390625 0.029269246875 0.34796747968749997 0.0085374578125 0.34796747968749997 0.002438678125 0.3439024390625 0 0.34417342500000003 0 0.3803110875
1 0.08170656093749999 0.3951219515625 0.0719505453125 0.39430894375 0.0499990015625 0.4130081296875 0.028049490625 0.422764228125 0.021950709375 0.42926829218749996 0.020730953125 0.43902439062500004 0.024390221875 0.4455284546875 0.035365993750000005 0.4544715453125 0.0951218453125 0.4764227640625 0.1048778609375 0.4723577234375 0.1243898921875 0.4520325203125 0.1292689171875 0.43658536562499994 0.11585363281250001 0.41544715468750004 0.10000086875 0.40813008125000005 0.08170656093749999 0.3951219515625
1 0.18658525625 0.444715446875 0.178048996875 0.43333333281249997 0.1707324921875 0.42926829218749996 0.1609764765625 0.428455284375 0.1402446890625 0.4357723578125 0.132926153125 0.44065040624999996 0.12804916093750002 0.4487804875 0.1292689171875 0.46016260156250005 0.1475611921875 0.4658536578125 0.1646337125 0.46504065 0.176829240625 0.45934959375 0.18658525625 0.444715446875
2 0.18414574374999998 0.46260162656250003 0.16829298125 0.46504065 0.156097453125 0.48943089375 0.156097453125 0.49674796718750003 0.16341395625 0.504065040625 0.21341379218749998 0.5138211375 0.2317081 0.5195121953124999 0.2524398875 0.5195121953124999 0.2902441953125 0.5300813015625 0.3012199671875 0.5300813015625 0.3341472828125 0.5357723578125 0.348780290625 0.5300813015625 0.35731655 0.5 0.347560534375 0.493495934375 0.31463321875 0.490243903125 0.304877203125 0.4926829265625 0.2634136265625 0.4845528453125 0.250000375 0.48373983750000005 0.226829075 0.47560975625 0.21341379218749998 0.4739837390625 0.18414574374999998 0.46260162656250003
1 0.4817072765625 0.4544715453125 0.46829199218750006 0.4422764234375 0.45975573281250004 0.4439024390625 0.432927196875 0.46260162656250003 0.4158526453125 0.471544715625 0.4170724015625 0.4804878046875 0.42317118125000003 0.48780487812500006 0.4390239453125 0.49512195156249994 0.45487874218749996 0.49512195156249994 0.4817072765625 0.4861788625 0.4865863015625 0.47317073125000003 0.4853665453125 0.4617886171875 0.4817072765625 0.4544715453125
1 0.6878053984375 0.387804878125 0.6560978390625001 0.3707317078125 0.6402430421874999 0.369105690625 0.5902432078125 0.36991869843749997 0.564634428125 0.3764227640625 0.5524389000000001 0.38130081250000003 0.5292676000000001 0.398373984375 0.5048785765625 0.40813008125000005 0.4853665453125 0.42439024375 0.4841467890625 0.4520325203125 0.487804025 0.46260162656250003 0.487804025 0.49186991874999997 0.49146329218749996 0.5016260156250001 0.545122396875 0.5317073171875 0.5597554031249999 0.5333333328125 0.5731706875 0.5373983734375 0.5939024749999999 0.5373983734375 0.6024387359375 0.5357723578125 0.6085375156249999 0.5317073171875 0.61585401875 0.522764228125 0.6414627984375 0.5186991875 0.6573175953125 0.5138211375 0.6682933671875 0.493495934375 0.6792691390625001 0.48536585312499997 0.7000009265625 0.45934959375 0.70487791875 0.4455284546875 0.70243840625 0.428455284375 0.706097675 0.42357723593749996 0.70487791875 0.40650406562499997 0.70121865 0.3991869921875 0.6878053984375 0.387804878125
1 0.706097675 0.39186991875 0.70121865 0.39430894375 0.7097569421875 0.40243902499999995 0.739024990625 0.4113821140625 0.76707328125 0.414634146875 0.7914643375 0.414634146875 0.801220353125 0.41056910625 0.8000005968749999 0.40162601562500005 0.7939018171875001 0.3991869921875 0.7585370218749999 0.395934959375 0.737805234375 0.39186991875 0.706097675 0.39186991875
1 0.6317067828125 0.339024390625 0.6414627984375 0.330894309375 0.6365858078125 0.32520325156249996 0.6317067828125 0.32439024375000003 0.6012189796875 0.33008130156250004 0.565854184375 0.34227642343750003 0.5475619078125 0.344715446875 0.542682884375 0.352845528125 0.5499993875 0.3560975609375 0.568293696875 0.3560975609375 0.5963419875 0.3512195125 0.6317067828125 0.339024390625
1 0.7207327140625 0.3495934953125 0.7134141781250001 0.35934959375000003 0.7134141781250001 0.367479675 0.718293203125 0.3747967484375 0.7512205187500001 0.38943089375 0.765853525 0.38943089375 0.779268809375 0.3845528453125 0.7939018171875001 0.3845528453125 0.8060973453125 0.3886178859375 0.8268291328125 0.38699187031250004 0.8414641734374999 0.39186991875 0.8573169359374999 0.4008130078125 0.8707322203125001 0.40243902499999995 0.8914640078125 0.395934959375 0.90000026875 0.38943089375 0.9036595359374999 0.382113821875 0.90243978125 0.3723577234375 0.8975607562500001 0.3658536578125 0.885365228125 0.3577235765625 0.8768289687499999 0.355284553125 0.8573169359374999 0.3560975609375 0.8475609203125 0.3585365859375 0.8365851484375 0.3560975609375 0.7975610859375 0.3560975609375 0.7926820609375 0.3536585359375 0.7841458015625 0.355284553125 0.779268809375 0.3512195125 0.7756095421875 0.3512195125 0.77073255 0.35447154531249997 0.765853525 0.34796747968749997 0.756097509375 0.3439024390625 0.7207327140625 0.3495934953125
2 1 0.43495935 0.9390243312500001 0.43495935 0.931707828125 0.4479674796875 0.930488071875 0.47967479687500003 0.9402440875 0.4845528453125 0.9768286390625001 0.48373983750000005 0.995122946875 0.4869918703125 1 0.4855983734375 1 0.43495935
1 0.11585363281250001 0.2577235765625 0.1012185921875 0.25121951249999996 0.08536582968749999 0.25040650468750003 0.078049325 0.252845528125 0.054878025 0.2723577234375 0.043902253125 0.27804878125 0.03658575 0.2788617890625 0.021950709375 0.28536585312499996 0.0158539625 0.2861788625 0.0109749375 0.29024390312500004 0.00975518125 0.298373984375 0.019511196875 0.3195121953125 0.03658575 0.3317073171875 0.048781278125 0.336585365625 0.077439446875 0.3413821140625 0.090244853125 0.3382113828125 0.0951218453125 0.3317073171875 0.089025096875 0.3195121953125 0.0926823328125 0.30731707343750003 0.1012185921875 0.30243902500000003 0.11219436406250001 0.29186991875 0.13170639687500002 0.282113821875 0.132926153125 0.2739837390625 0.12804916093750002 0.2666666671875 0.11585363281250001 0.2577235765625
1 0.15000070468749999 0.2341463421875 0.1292689171875 0.23658536562500002 0.1243898921875 0.23902439062499997 0.12195038124999999 0.244715446875 0.1256096484375 0.25121951249999996 0.143901925 0.2601626015625 0.1609764765625 0.26585365781250003 0.1804885078125 0.2813008125 0.18536550000000002 0.2951219515625 0.18536550000000002 0.306504065625 0.17926875312499999 0.3317073171875 0.18414574374999998 0.3373983734375 0.19146428124999998 0.3373983734375 0.203657775 0.330894309375 0.218292815625 0.3032520328125 0.226829075 0.27560975625 0.2231698078125 0.25691056875 0.21219606875000002 0.2463414640625 0.17926875312499999 0.23983739843750002 0.1646337125 0.23495935 0.15000070468749999 0.2341463421875
1 0.2475608640625 0.24308943125 0.2341455796875 0.247154471875 0.2292685875 0.2601626015625 0.2329258234375 0.2723577234375 0.260976146875 0.295934959375 0.2768289109375 0.3138211375 0.2829276921875 0.3170731703125 0.29390143125 0.3170731703125 0.3109759828125 0.312195121875 0.3231715109375 0.301626015625 0.328048503125 0.28861788593750004 0.326828746875 0.2739837390625 0.3134154953125 0.2544715453125 0.2975606984375 0.2455284546875 0.2768289109375 0.23983739843750002 0.2475608640625 0.24308943125
2 0.5475619078125 0.2382113828125 0.5378058921875 0.2292682921875 0.5243906078125 0.22357723593749998 0.5097555687499999 0.22032520312499998 0.499999553125 0.22195121874999998 0.46951174843750004 0.24065040624999998 0.4585359765625 0.24390243906250003 0.42195142499999994 0.2626016265625 0.368292321875 0.2845528453125 0.348780290625 0.295934959375 0.3304880140625 0.301626015625 0.2780486671875 0.330894309375 0.2670728953125 0.3341463421875 0.23658509218749998 0.3487804875 0.2243895640625 0.3512195125 0.2060972875 0.360975609375 0.197561028125 0.3617886171875 0.1804885078125 0.369105690625 0.16829298125 0.382113821875 0.16585346875 0.3910569109375 0.167073225 0.409756096875 0.18414574374999998 0.43252032500000004 0.200000540625 0.4487804875 0.2085368 0.4544715453125 0.21341379218749998 0.455284553125 0.23780484687499998 0.47073170781250007 0.25122013125 0.47560975625 0.2634136265625 0.47723577187500005 0.2695124078125 0.4804878046875 0.2975606984375 0.48373983750000005 0.30853647031250003 0.4869918703125 0.31951224218749996 0.48536585312499997 0.3341472828125 0.48780487812500006 0.34024403125 0.4845528453125 0.347560534375 0.4861788625 0.39999988124999997 0.47560975625 0.45487874218749996 0.4455284546875 0.4817072765625 0.42439024375 0.4963423171875 0.409756096875 0.499999553125 0.40243902499999995 0.5097555687499999 0.3951219515625 0.52804784375 0.3682926828125 0.53536638125 0.34796747968749997 0.545122396875 0.3317073171875 0.55121914375 0.306504065625 0.5499993875 0.2829268296875 0.5524389000000001 0.263414634375 0.5475619078125 0.2382113828125
1 0.6195112546875 0.2739837390625 0.61585401875 0.2666666671875 0.6085375156249999 0.26829268281249996 0.5963419875 0.27804878125 0.585366215625 0.2829268296875 0.55609816875 0.28861788593750004 0.55365865625 0.293495934375 0.5548784125 0.2991869921875 0.5731706875 0.312195121875 0.5914629640625 0.31300812968749997 0.5999992234375 0.31056910625 0.607317759375 0.3048780484375 0.6170737749999999 0.28861788593750004 0.6195112546875 0.2739837390625
1 0.778049053125 0.2585365859375 0.7634140140625 0.2577235765625 0.7353657218749999 0.269105690625 0.729268975 0.2747967484375 0.7268294625 0.2837398375 0.74390198125 0.295934959375 0.753657996875 0.30813008124999997 0.756097509375 0.3154471546875 0.7548777531249999 0.3414634140625 0.760976534375 0.3439024390625 0.778049053125 0.34552845468750004 0.8000005968749999 0.344715446875 0.8170731171875 0.3398373984375 0.8365851484375 0.328455284375 0.8487806765625001 0.31056910625 0.8487806765625001 0.301626015625 0.8414641734374999 0.297560975 0.8353653921875 0.297560975 0.8170731171875 0.29186991875 0.7939018171875001 0.277235771875 0.778049053125 0.2585365859375
1 1 0.35094863125 0.9731714031250001 0.35691056875 0.9695121359375 0.35934959375000003 0.9682923796875 0.3682926828125 0.9780483953125 0.377235771875 0.9890241671875 0.382113821875 1 0.38311165156250004 1 0.35094863125
1 0.9439033562500001 0.2764227640625 0.932927584375 0.27154471562500004 0.901220025 0.27154471562500004 0.886584984375 0.2747967484375 0.8890244968750001 0.282113821875 0.8829277484375 0.28536585312499996 0.87438945625 0.2951219515625 0.878048725 0.3170731703125 0.8902442531249999 0.3260162609375 0.8963409999999999 0.3276422765625 0.9195123000000001 0.3276422765625 0.926828803125 0.3260162609375 0.9500001031249999 0.31056910625 0.9536593718749999 0.3032520328125 0.951219859375 0.28536585312499996 0.9439033562500001 0.2764227640625
1 0.9341473406249999 0.2260162609375 0.92073205625 0.21463414687500001 0.910976040625 0.2170731703125 0.9036595359374999 0.22276422812500002 0.8817079921875 0.2487804875 0.8731717328125 0.252845528125 0.8707322203125001 0.26829268281249996 0.8817079921875 0.2707317078125 0.9256090468749999 0.2707317078125 0.94146384375 0.27317073125 0.9560968515624999 0.2707317078125 0.95975611875 0.26829268281249996 0.9573166078125 0.25934959375 0.9500001031249999 0.2520325203125 0.9341473406249999 0.2260162609375
1 1 0.1960513390625 0.9963406703125001 0.19430894375000002 0.9731714031250001 0.1926829265625 0.96219563125 0.1967479671875 0.9548770953125001 0.20243902500000002 0.951219859375 0.2089430890625 0.9524396156250001 0.22520325156249998 0.95975611875 0.2341463421875 0.984147175 0.2463414640625 0.9987801828125 0.263414634375 1 0.264137478125 1 0.1960513390625
1 0.8048775890625001 0.19430894375000002 0.7829260453125 0.201626015625 0.780488565625 0.212195121875 0.7865853140625 0.22032520312499998 0.7987808421875 0.22845528437499998 0.8170731171875 0.23495935 0.8304884015624999 0.2357723578125 0.8451214078125 0.232520325 0.854877425 0.2276422765625 0.865853196875 0.21788617812500002 0.867072953125 0.21056910625 0.864633440625 0.20569105625 0.85365766875 0.2 0.8048775890625001 0.19430894375000002
1 0.5036588203125001 0.197560975 0.48902378124999996 0.1910569109375 0.4804875203125 0.1926829265625 0.46829199218750006 0.20243902500000002 0.46951174843750004 0.2138211375 0.4841467890625 0.22113821093750002 0.5024390640624999 0.2186991875 0.5073180890625 0.2130081296875 0.5073180890625 0.20406504062500003 0.5036588203125001 0.197560975
1 0.7085371859375 0.1861788625 0.7085371859375 0.182113821875 0.706097675 0.182113821875 0.7036581625 0.1869918703125 0.6975614140624999 0.187804878125 0.68170661875 0.195934959375 0.6695131234375 0.212195121875 0.6670736109375001 0.21788617812500002 0.6670736109375001 0.23658536562500002 0.670730846875 0.24308943125 0.6756098703125 0.244715446875 0.693902146875 0.2455284546875 0.70121865 0.24308943125 0.717073446875 0.23333333281250002 0.7231701937499999 0.21788617812500002 0.7219504375 0.1926829265625 0.715853690625 0.187804878125 0.7085371859375 0.1861788625
1 0.4707315046875 0.18943089375 0.46829199218750006 0.17967479687500001 0.45975573281250004 0.17479674843749998 0.44512272499999994 0.1723577234375 0.41829215781249995 0.1739837390625 0.40731638593749997 0.1788617890625 0.386584596875 0.1926829265625 0.38414711874999996 0.197560975 0.386584596875 0.20569105625 0.3963406140625 0.2113821140625 0.4060966296875 0.2130081296875 0.4390239453125 0.2138211375 0.4512194734375 0.2113821140625 0.46463475781249997 0.2048780484375 0.4707315046875 0.18943089375
4 1 0.20792158125000001 0.9194025218749999 0.14853658593750002 0.8740967140624999 0.21030894375 0.86380400625 0.27071544687500004 0.8823422656250001 0.3297479671875 0.9400001359375001 0.3805365859375 0.9935372640625 0.4107398375 1 0.41264080312500007 1 0.20792158125000001
1 0.6878053984375 0.27154471562500004 0.68170661875 0.2699186984375 0.670730846875 0.2699186984375 0.6597571078125 0.27317073125 0.628049546875 0.277235771875 0.6219507671875 0.2804878046875 0.61829353125 0.287804878125 0.61829353125 0.297560975 0.6231705234375 0.31056910625 0.6304870265625 0.3195121953125 0.6499990578125 0.3292682921875 0.671950603125 0.3333333328125 0.6987811703125 0.3317073171875 0.7134141781250001 0.32682926874999996 0.7243899500000001 0.3186991875 0.7317064531249999 0.304065040625 0.72560970625 0.29024390312500004 0.714633934375 0.2845528453125 0.70121865 0.282113821875 0.6878053984375 0.27154471562500004
1 0.4902435359375 0.514634146875 0.48902378124999996 0.50569105625 0.47804800781249995 0.5008130078125 0.44390296874999996 0.49918699218749996 0.4170724015625 0.504065040625 0.414634921875 0.51056910625 0.42317118125000003 0.5235772359374999 0.4378041890625 0.530894309375 0.4573162203125 0.5317073171875 0.4707315046875 0.5292682921874999 0.4817072765625 0.5235772359374999 0.4902435359375 0.514634146875
1 0.671950603125 0.579674796875 0.6573175953125 0.5813008125 0.6512188140624999 0.5861788625 0.6499990578125 0.5991869921874999 0.6573175953125 0.6146341468750001 0.6573175953125 0.6430894312500001 0.6804868625 0.6617886171875 0.7097569421875 0.67560975625 0.734145965625 0.6837398375 0.7475612500000001 0.6845528453124999 0.7719502734375 0.6788617890624999 0.7865853140625 0.6674796749999999 0.7987808421875 0.6617886171875 0.8024380765625001 0.655284553125 0.7975610859375 0.6504065046874999 0.778049053125 0.6439024390625 0.742682225 0.6260162609375 0.729268975 0.62195121875 0.7231701937499999 0.6138211375 0.7134141781250001 0.60813008125 0.70243840625 0.5967479671875 0.693902146875 0.59186991875 0.6865856421875 0.5926829265625 0.68170661875 0.590243903125 0.671950603125 0.579674796875
1 0.29878045468750003 0.5813008125 0.2853651703125 0.5821138218749999 0.26829265156250004 0.590243903125 0.2597563921875 0.595934959375 0.2548773671875 0.602439025 0.22804883125000003 0.6195121953125 0.2292685875 0.6260162609375 0.24634110781250002 0.6455284546875 0.2560971234375 0.6520325203125 0.26585313906249997 0.6536585359375 0.30365947968749996 0.6674796749999999 0.3121957390625 0.6674796749999999 0.3414637859375 0.6512195125 0.3597560625 0.6382113828125 0.369512078125 0.6357723578125001 0.375608825 0.62682926875 0.36341533125000003 0.61056910625 0.3536593140625 0.604065040625 0.3341472828125 0.595934959375 0.31951224218749996 0.585365853125 0.3134154953125 0.5829268296875 0.29878045468750003 0.5813008125
4 0.20696331406250001 0.54004878125 0.13113514375 0.4956178859375 0.072536028125 0.6120487812500001 0.0012921078125 0.723886178125 0.1357315921875 0.7476341468750001 0.19202536875 0.74456910625 0.22535317031250002 0.6273739843749999 0.20696331406250001 0.54004878125
1 0 0.69801286875 0.00975518125 0.6951219515625 0.024390221875 0.6845528453124999 0.026829734374999997 0.6682926828125 0.021950709375 0.6626016265625 0 0.6555773984375 0 0.69801286875
1 0.023170465625 0 0.043902253125 0.004065040625 0.0719505453125 0.0162601625 0.0914625765625 0.027642276562500002 0.1012185921875 0.026829268750000003 0.10609761718749999 0.02195121875 0.1048778609375 0.0113821140625 0.1012185921875 0.0065040656249999995 0.0914625765625 0.0008130078125 0.0909290609375 0 0.023170465625 0
2 0.7756095421875 0 0.781708321875 0.0130081296875 0.781708321875 0.0292682921875 0.78780506875 0.060975609374999996 0.7914643375 0.0658536578125 0.8085368578125 0.06910569062500001 0.8378049046875 0.06910569062500001 0.8621959609375001 0.0666666671875 0.9073167718749999 0.0682926828125 0.912195796875 0.0666666671875 0.9256090468749999 0.0666666671875 0.932927584375 0.06991869843750001 0.9439033562500001 0.06910569062500001 0.9573166078125 0.071544715625 1 0.0735299765625 1 0 0.7756095421875 0
1 0.6780493828124999 0.026829268750000003 0.670730846875 0.028455284375 0.6621945859375 0.0333333328125 0.6585373515625 0.041463414062499995 0.6585373515625 0.057723576562500004 0.6621945859375 0.06504065 0.6743901140624999 0.0739837390625 0.6902449109375 0.079674796875 0.7036581625 0.0804878046875 0.7219504375 0.07560975625000001 0.729268975 0.06747967499999999 0.73048873125 0.055284553125000004 0.7219504375 0.04065040625 0.7097569421875 0.032520325 0.695121903125 0.027642276562500002 0.6780493828124999 0.026829268750000003
1 0.6872190203125 0 0.6731703578125 0.009756096875 0.66097483125 0.0154471546875 0.6402430421874999 0.020325203125 0.6402430421874999 0.027642276562500002 0.6463418234375 0.030081301562500003 0.6658538546874999 0.0317073171875 0.6780493828124999 0.028455284375 0.714633934375 0.026829268750000003 0.729268975 0.017886178125 0.737805234375 0.0065040656249999995 0.737805234375 0 0.6872190203125 0
1 0.6012189796875 0.0162601625 0.5963419875 0.0154471546875 0.568293696875 0.0170731703125 0.55121914375 0.0211382109375 0.543902640625 0.0260162609375 0.545122396875 0.03495935 0.5524389000000001 0.047967479687499995 0.55121914375 0.05934959375 0.539023615625 0.07886178906249999 0.53292686875 0.0837398375 0.53292686875 0.09186991875 0.5378058921875 0.0951219515625 0.55609816875 0.1 0.565854184375 0.1048780484375 0.584146459375 0.10731707343750001 0.6024387359375 0.1048780484375 0.6304870265625 0.09186991875 0.6365858078125 0.085365853125 0.6341462953125 0.077235771875 0.6134145078125 0.05934959375 0.6036584921875 0.0439024390625 0.6085375156249999 0.0235772359375 0.6012189796875 0.0162601625
1 0.4634150015625 0.0341463421875 0.4475602046875 0.0292682921875 0.43170744218749996 0.030081301562500003 0.4243909375 0.032520325 0.41219540937500004 0.041463414062499995 0.4060966296875 0.0520325203125 0.4060966296875 0.0666666671875 0.40975589687499997 0.07317073125 0.4280481734375 0.085365853125 0.43658443281250003 0.0869918703125 0.4634150015625 0.0845528453125 0.4743907734375 0.077235771875 0.47926776406249993 0.06747967499999999 0.47926776406249993 0.0544715453125 0.4731710171875 0.0398373984375 0.4634150015625 0.0341463421875
1 0.23096885312499998 0 0.2317081 0.00813008125 0.23902460312499998 0.0211382109375 0.2475608640625 0.0292682921875 0.2573168796875 0.0341463421875 0.2646333828125 0.03495935 0.3000002109375 0.0211382109375 0.29878045468750003 0.0130081296875 0.2829276921875 0.0065040656249999995 0.27518967031249997 0 0.23096885312499998 0
1 0.368292321875 0.0317073171875 0.3536593140625 0.0162601625 0.34024403125 0.0113821140625 0.324389234375 0.01056910625 0.2841454140625 0.0260162609375 0.26829265156250004 0.0357723578125 0.2475608640625 0.039024390625 0.215853303125 0.039024390625 0.20975655624999998 0.041463414062499995 0.192682003125 0.071544715625 0.19146428124999998 0.07804878125 0.203657775 0.10975609687500001 0.2109763125 0.1154471546875 0.219512571875 0.11951219531249999 0.2475608640625 0.12682926875 0.2780486671875 0.12682926875 0.3097562265625 0.13333333281249998 0.32195175468750004 0.13333333281249998 0.3329275265625 0.1292682921875 0.347560534375 0.12682926875 0.351219803125 0.12195121874999999 0.351219803125 0.1162601625 0.34268354218749997 0.098373984375 0.3439032984375 0.08292682968750001 0.362195575 0.05934959375 0.369512078125 0.0439024390625 0.368292321875 0.0317073171875
1 0.7000009265625 0.12032520312499999 0.6975614140624999 0.1048780484375 0.68414613125 0.09756097500000001 0.670730846875 0.09674796718749999 0.6634143421875 0.10975609687500001 0.6524385703125 0.1170731703125 0.6378055640625 0.12276422812500001 0.606098003125 0.1252032515625 0.6024387359375 0.12682926875 0.59756174375 0.132520325 0.5999992234375 0.1422764234375 0.6219507671875 0.15284552812500002 0.6414627984375 0.1536585359375 0.6536583265625 0.1520325203125 0.6585373515625 0.1479674796875 0.6621945859375 0.1341463421875 0.671950603125 0.1276422765625 0.693902146875 0.12439024375 0.7000009265625 0.12032520312499999
2 0.9682923796875 0.098373984375 0.9573166078125 0.087804878125 0.9475605921874999 0.08292682968750001 0.932927584375 0.0861788625 0.8707322203125001 0.11056910625000001 0.8621959609375001 0.112195121875 0.778049053125 0.147154471875 0.7756095421875 0.15121951250000001 0.776829296875 0.160975609375 0.7987808421875 0.185365853125 0.8085368578125 0.187804878125 0.8268291328125 0.1804878046875 0.8353653921875 0.1804878046875 0.885365228125 0.1585365859375 0.8987805124999999 0.1560975609375 0.9146332749999999 0.14634146406249998 0.926828803125 0.1439024390625 0.9341473406249999 0.136585365625 0.9439033562500001 0.13577235781250002 0.9695121359375 0.12682926875 0.9780483953125 0.11951219531249999 0.9768286390625001 0.11138211406250001 0.9682923796875 0.098373984375
1 1 0.7947605656250001 0.9792681515625 0.7886178859374999 0.9280485593750001 0.782113821875 0.9195123000000001 0.7845528453124999 0.910976040625 0.7910569109375001 0.901220025 0.8162601625000001 0.90243978125 0.8260162609374999 0.9256090468749999 0.844715446875 0.9634153875000001 0.8601626015624999 0.9817076640625 0.8617886171875 1 0.8598216703125001 1 0.7947605656250001
1 0.6219507671875 0.8463414640625 0.6231705234375 0.8382113828125 0.61585401875 0.8300813015624999 0.6036584921875 0.8268292687500001 0.59268271875 0.8268292687500001 0.567073940625 0.8317073171875 0.55121914375 0.8398373984375 0.5548784125 0.8463414640625 0.567073940625 0.852845528125 0.582926703125 0.8577235765625 0.6012189796875 0.8601626015624999 0.6097552390625001 0.855284553125 0.61585401875 0.8544715453125 0.6219507671875 0.8463414640625
1 0.44512272499999994 0.7617886171875 0.44512272499999994 0.7544715453124999 0.4304876859375 0.7536585359375 0.4195119140625 0.7585365859375 0.36585280937500003 0.75691056875 0.31951224218749996 0.75934959375 0.30365947968749996 0.7544715453124999 0.2902441953125 0.75934959375 0.2865849265625 0.7577235765625 0.26829265156250004 0.75691056875 0.2634136265625 0.7626016265625 0.27195191875 0.7707317078125 0.2756091546875 0.7829268296875 0.2926837078125 0.8048780484375 0.30365947968749996 0.8089430890625 0.3121957390625 0.8073170734374999 0.3182924859375 0.8113821140624999 0.35609679375000003 0.81056910625 0.362195575 0.8121951218750001 0.367072565625 0.809756096875 0.37926809375000003 0.8089430890625 0.40365915 0.809756096875 0.4195119140625 0.801626015625 0.4390239453125 0.7764227640625 0.44512272499999994 0.7617886171875
4 0.852537525 0.7566585359375 0.09475591875 0.7566585359375 0.1253291046875 0.7823577234375 0.190476278125 0.8186991875 0.22902463593750003 0.8399674796875001 0.2795489671875 0.858585365625 0.326072496875 0.877195121875 0.3659625875 0.8860569109374999 0.4510487078125 0.8966910562500001 0.46567155 0.8984634140625 0.54145093125 0.8922601625000001 0.61854968125 0.8809186984374999 0.723841059375 0.8369593500000001 0.78912240625 0.7998211375000001 0.8098663921875 0.7884796749999999 0.8413665921875 0.766585365625 0.852537525 0.7566585359375
1 0.59268271875 0.909756096875 0.568293696875 0.8991869921875001 0.55365865625 0.901626015625 0.5475619078125 0.906504065625 0.541463128125 0.9162601625000001 0.542682884375 0.9325203249999999 0.55121914375 0.9373983734375001 0.568293696875 0.9365853656249999 0.5780497125 0.9333333328125001 0.5939024749999999 0.9235772359375 0.59512223125 0.9138211374999999 0.59268271875 0.909756096875
4 0.229613715625 1 0.22885387031249999 0.9913821140625 0.215011671875 0.95139024375 0.16578028281249998 0.910365853125 0.1042557859375 0.8878130078125 0.055036593749999994 0.8785772359375 0 0.8785772359375 0 1 0.229613715625 1
1 0.691462634375 0.1487804875 0.68170661875 0.1536585359375 0.6804868625 0.1642276421875 0.6878053984375 0.16991869843750002 0.7036581625 0.1739837390625 0.7280492187500001 0.1845528453125 0.7634140140625 0.1910569109375 0.7719502734375 0.190243903125 0.7695127937499999 0.18130081250000002 0.7085371859375 0.1520325203125 0.6987811703125 0.1487804875 0.691462634375 0.1487804875
2 0.5024390640624999 0.12032520312499999 0.4951225609375 0.1252032515625 0.47926776406249993 0.147154471875 0.476828253125 0.155284553125 0.4817072765625 0.15934959375 0.4963423171875 0.1642276421875 0.5073180890625 0.1707317078125 0.5158543484375 0.171544715625 0.5365861359374999 0.17967479687500001 0.545122396875 0.1804878046875 0.56951141875 0.1910569109375 0.5890234515625 0.195934959375 0.6353660515625 0.2130081296875 0.6536583265625 0.2138211375 0.6658538546874999 0.20813008125 0.68170661875 0.1845528453125 0.6780493828124999 0.17479674843749998 0.629269303125 0.1585365859375 0.6170737749999999 0.1577235765625 0.59512223125 0.1479674796875 0.5243906078125 0.12439024375 0.5024390640624999 0.12032520312499999
2 0 0.2203249765625 0.0085374578125 0.230894309375 0.020730953125 0.2414634140625 0.03658575 0.2487804875 0.05609778125 0.25121951249999996 0.0804868046875 0.2495934953125 0.1256096484375 0.2357723578125 0.14268216875 0.232520325 0.18780501249999998 0.2357723578125 0.2231698078125 0.2414634140625 0.2341455796875 0.2414634140625 0.2707321640625 0.23495935 0.2914639515625 0.20243902500000002 0.2951211859375 0.1926829265625 0.2975606984375 0.17479674843749998 0.2926837078125 0.15934959375 0.2865849265625 0.15121951250000001 0.2634136265625 0.13577235781250002 0.2524398875 0.130894309375 0.23780484687499998 0.1276422765625 0.2060972875 0.1154471546875 0.18902476875000002 0.104065040625 0.1817082640625 0.08943089374999999 0.17195021562499999 0.08292682968750001 0.1231701359375 0.077235771875 0.0987811140625 0.077235771875 0.0719505453125 0.082113821875 0.0609747734375 0.0869918703125 0.042682496874999996 0.1 0.031706725000000005 0.1130081296875 0.023170465625 0.13333333281249998 0.024390221875 0.1398373984375 0.021950709375 0.1439024390625 0 0.15909896875 0 0.2203249765625
1 0 0.1446137265625 0.002438678125 0.1439024390625 0.007317703125 0.14065040625 0.0109749375 0.13495934999999998 0.00975518125 0.12032520312499999 0.006097946875 0.114634146875 0 0.111246134375 0 0.1446137265625
2 0.9439033562500001 0.39430894375 0.9341473406249999 0.387804878125 0.926828803125 0.387804878125 0.9195123000000001 0.3926829265625 0.904877259375 0.39186991875 0.8829277484375 0.40650406562499997 0.8756092125 0.40569105624999996 0.8682927078124999 0.4089430890625 0.8621959609375001 0.4089430890625 0.85609718125 0.4130081296875 0.8243896203125001 0.420325203125 0.7963413296875 0.420325203125 0.780488565625 0.42439024375 0.757317265625 0.44065040624999996 0.7500007625 0.44308943125000005 0.742682225 0.44308943125000005 0.734145965625 0.4504065046875 0.7353657218749999 0.460975609375 0.7451217375 0.471544715625 0.7695127937499999 0.5195121953124999 0.7756095421875 0.5365853656249999 0.781708321875 0.5430894312500001 0.7841458015625 0.5585365859375 0.7939018171875001 0.585365853125 0.7975610859375 0.6211382109375 0.8060973453125 0.6373983734374999 0.812196125 0.64065040625 0.854877425 0.6357723578125001 0.8597564484375001 0.6382113828125 0.8756092125 0.6398373984375 0.884145471875 0.6463414640625 0.8914640078125 0.64065040625 0.8963409999999999 0.6398373984375 0.8987805124999999 0.6357723578125001 0.910976040625 0.6398373984375 0.9195123000000001 0.636585365625 0.926828803125 0.636585365625 0.9341473406249999 0.632520325 0.9365848187499999 0.6276422765625 0.932927584375 0.5991869921874999 0.9280485593750001 0.59186991875 0.9280485593750001 0.585365853125 0.9219518125 0.5723577234375 0.92073205625 0.493495934375 0.9256090468749999 0.4723577234375 0.9219518125 0.46504065 0.926828803125 0.4617886171875 0.930488071875 0.4414634140625 0.9439033562500001 0.40406504062500004 0.9439033562500001 0.39430894375
1 0.35853630625 0.09593495937499999 0.350000046875 0.098373984375 0.348780290625 0.10569105625 0.35731655 0.1186991875 0.36097581875 0.13333333281249998 0.367072565625 0.1398373984375 0.3829273625 0.1495934953125 0.4292679296875 0.1666666671875 0.4475602046875 0.1666666671875 0.46951174843750004 0.155284553125 0.497560040625 0.1170731703125 0.497560040625 0.104065040625 0.48902378124999996 0.09756097500000001 0.4817072765625 0.098373984375 0.4499997171875 0.11056910625000001 0.43658443281250003 0.11056910625000001 0.42317118125000003 0.1130081296875 0.40243939375000004 0.11056910625000001 0.392683378125 0.101626015625 0.38414711874999996 0.09756097500000001 0.35853630625 0.09593495937499999
1 0.8000005968749999 0.11951219531249999 0.7926820609375 0.112195121875 0.7731700296875 0.1048780484375 0.7597567781250001 0.104065040625 0.7512205187500001 0.10975609687500001 0.7365854781250001 0.114634146875 0.7280492187500001 0.12032520312499999 0.7207327140625 0.1292682921875 0.717073446875 0.1398373984375 0.717073446875 0.1504065046875 0.7195129578125 0.1536585359375 0.7365854781250001 0.1577235765625 0.7719502734375 0.1504065046875 0.779268809375 0.14308943125 0.789024825 0.14065040625 0.8000005968749999 0.13333333281249998 0.8000005968749999 0.11951219531249999
1 0.326828746875 0.1479674796875 0.3182924859375 0.1479674796875 0.29878045468750003 0.160975609375 0.3000002109375 0.16991869843750002 0.3134154953125 0.1788617890625 0.32560899062500004 0.20243902500000002 0.3329275265625 0.20569105625 0.3536593140625 0.20406504062500003 0.367072565625 0.1991869921875 0.37682858124999996 0.1910569109375 0.38048785 0.18292682968750001 0.37926809375000003 0.171544715625 0.368292321875 0.1658536578125 0.347560534375 0.1642276421875 0.326828746875 0.1479674796875
1 0 0.9709534046874999 0.006097946875 0.97317073125 0.031706725000000005 0.9707317078125 0.042682496874999996 0.9666666671874999 0.048781278125 0.9601626015625 0.046341765624999996 0.9520325203125 0.040242985937499996 0.9495934953124999 0 0.9473577046875 0 0.9709534046874999
1 0.05365826875 0.8967479671874999 0.031706725000000005 0.8983739843749999 0.026829734374999997 0.9032520328125001 0.026829734374999997 0.9121951218750001 0.0499990015625 0.9276422765625 0.05853729375 0.9292682921875001 0.0719505453125 0.917886178125 0.0719505453125 0.902439025 0.06341428593750001 0.8983739843749999 0.05365826875 0.8967479671874999
1 0.21341379218749998 0.9 0.200000540625 0.8951219515625001 0.190244525 0.8991869921875001 0.18414574374999998 0.90813008125 0.18658525625 0.9195121953125 0.198780784375 0.9260162609375 0.215853303125 0.917886178125 0.21707305937500002 0.9138211374999999 0.21341379218749998 0.9
1 0.267073475 1 0.260976146875 0.995934959375 0.25122013125 0.9804878046875001 0.25122013125 0.9642276421875 0.2585366359375 0.939024390625 0.2573168796875 0.9308943093750001 0.2536576109375 0.9292682921875001 0.2475608640625 0.9308943093750001 0.242683871875 0.9365853656249999 0.2329258234375 0.9544715453125001 0.23048834375 0.9642276421875 0.23048834375 0.9845528453125001 0.2357537171875 1 0.267073475 1
1 0.326828746875 0.887804878125 0.3231715109375 0.8861788625000001 0.30365947968749996 0.8853658531249999 0.2975606984375 0.8886178859375 0.2902441953125 0.9008130078125 0.2829276921875 0.9252032515625 0.2865849265625 0.9317073171875 0.2951211859375 0.9357723578125 0.326828746875 0.9365853656249999 0.3341472828125 0.93495935 0.33658476249999997 0.9325203249999999 0.3304880140625 0.8943089437499999 0.326828746875 0.887804878125
1 0.390243865625 0.902439025 0.3780483375 0.8967479671874999 0.36341533125000003 0.8983739843749999 0.35609679375000003 0.9048780484375 0.3548770375 0.9113821140624999 0.35731655 0.9170731703125 0.367072565625 0.922764228125 0.38048785 0.922764228125 0.390243865625 0.917886178125 0.390243865625 0.902439025
1 0.36341533125000003 0.947154471875 0.369512078125 0.9382113828125 0.362195575 0.9357723578125 0.3317077703125 0.9357723578125 0.29634094218749996 0.9414634140624999 0.2926837078125 0.9439024390625 0.2926837078125 0.9495934953124999 0.2951211859375 0.952845528125 0.3060969578125 0.9560975609375 0.3341472828125 0.95691056875 0.36341533125000003 0.947154471875
1 0.3137799984375 1 0.31707273125 0.9975609750000001 0.3231715109375 0.9886178859375001 0.32560899062500004 0.9682926828125 0.31951224218749996 0.9601626015625 0.2902441953125 0.9536585359374999 0.27926842343749997 0.9585365859375001 0.273171675 0.96504065 0.2695124078125 0.97317073125 0.2695124078125 0.987804878125 0.2743893984375 0.9975609750000001 0.27768213125 1 0.3137799984375 1
2 0.659724325 1 0.6549390703125 0.9718943093749999 0.588791696875 0.969845528125 0.4657325375 0.9042195124999999 0.45342723124999995 0.9011382109375001 0.38729205625 0.9329268296875 0.35959749375 0.9800975609375 0.39442978281249996 1 0.659724325 1
1 0.604878246875 0.9365853656249999 0.5939024749999999 0.94308943125 0.5939024749999999 0.9544715453125001 0.59756174375 0.9593495937500001 0.6207310109375 0.969105690625 0.6304870265625 0.969105690625 0.6548780828125 0.9601626015625 0.6585373515625 0.9544715453125001 0.6585373515625 0.9439024390625 0.6524385703125 0.939024390625 0.6231705234375 0.9398373984375 0.61585401875 0.9365853656249999 0.604878246875 0.9365853656249999
1 0.6865856421875 0.9373983734375001 0.6646340984375 0.93495935 0.6597571078125 0.9414634140624999 0.66097483125 0.960975609375 0.6670736109375001 0.977235771875 0.6731703578125 0.9813008125 0.6804868625 0.9796747968749999 0.714633934375 0.9601626015625 0.715853690625 0.9495934953124999 0.70731743125 0.9414634140624999 0.7000009265625 0.9422764234375001 0.6865856421875 0.9373983734375001
1 0.732414125 1 0.737805234375 0.9886178859375001 0.740244746875 0.96504065 0.7365854781250001 0.947154471875 0.7219504375 0.9308943093750001 0.715853690625 0.9357723578125 0.717073446875 0.97317073125 0.7097569421875 0.9967479671874999 0.70762236875 1 0.732414125 1
1 0.897434746875 1 0.9228666296875 0.9697235765625001 0.9281827328125001 0.95908943125 0.9255236640625 0.952 0.73807358125 0.9493414640625 0.746048753125 0.9608617890625 0.7715940031249999 1 0.897434746875 1
2 1 0.94796749375 0.9999999390625 0.9479674796875001 0.9890241671875 0.9479674796875001 0.9829274187499999 0.9512195125 0.9439033562500001 0.9487804875 0.9353650640625 0.9512195125 0.931707828125 0.9544715453125001 0.929268315625 0.9634146343750001 0.929268315625 0.9861788625000001 0.9390243312500001 0.995934959375 0.9463408359375001 0.9975609750000001 0.9682923796875 0.995934959375 0.9792681515625 0.9983739843749999 1 0.9975101499999999 1 0.94796749375
1 0.198780784375 0.8284552843749999 0.18902476875000002 0.8252032515625001 0.18414574374999998 0.8252032515625001 0.1804885078125 0.8308943093750001 0.156097453125 0.8398373984375 0.15000070468749999 0.844715446875 0.15000070468749999 0.8544715453125 0.154877696875 0.8617886171875 0.1707324921875 0.8691056906249999 0.192682003125 0.8691056906249999 0.203657775 0.8609756093750001 0.215853303125 0.8471544718749999 0.215853303125 0.8390243906249999 0.20731704374999999 0.8357723578125 0.198780784375 0.8284552843749999
1 0.2780486671875 0.8617886171875 0.2707321640625 0.8601626015624999 0.2560971234375 0.867479675 0.2341455796875 0.8650406500000001 0.22804883125000003 0.8682926828124999 0.201220296875 0.871544715625 0.197561028125 0.8747967484375 0.198780784375 0.8837398375 0.2536576109375 0.92195121875 0.2634136265625 0.9211382109375 0.2695124078125 0.902439025 0.2780486671875 0.8869918703125 0.2829276921875 0.8658536578125 0.2780486671875 0.8617886171875
1 0.53292686875 0.895934959375 0.53536638125 0.887804878125 0.5256103640625 0.8821138218750001 0.5073180890625 0.8813008124999999 0.4951225609375 0.8853658531249999 0.46951174843750004 0.8886178859375 0.46707223593749997 0.8967479671874999 0.4731710171875 0.9008130078125 0.49268304843750005 0.904065040625 0.5134148359374999 0.904065040625 0.53292686875 0.895934959375
1 0.519511584375 0.8252032515625001 0.521951096875 0.817886178125 0.5158543484375 0.8130081296875 0.49877979687499996 0.8113821140624999 0.4853665453125 0.8073170734374999 0.4817072765625 0.8040650406250001 0.46707223593749997 0.8048780484375 0.44390296874999996 0.8154471546875 0.4402437015625 0.8211382109375001 0.4402437015625 0.8268292687500001 0.44512272499999994 0.8308943093750001 0.46707223593749997 0.8382113828125 0.487804025 0.8382113828125 0.5134148359374999 0.8300813015624999 0.519511584375 0.8252032515625001
1 0.4707315046875 0.8455284546874999 0.46463475781249997 0.84065040625 0.44146345781249996 0.8349593499999999 0.42561069375000005 0.836585365625 0.4195119140625 0.8414634140624999 0.4170724015625 0.85934959375 0.413415165625 0.8650406500000001 0.40853614218749995 0.8682926828124999 0.39756036875 0.8699186984375 0.387804353125 0.8739837390625 0.387804353125 0.8845528453125 0.40731638593749997 0.8926829265625 0.4268284171875 0.893495934375 0.43170744218749996 0.89186991875 0.4426832140625 0.8780487812500001 0.46829199218750006 0.85934959375 0.4707315046875 0.8455284546874999
1 0.39756036875 0.8398373984375 0.398780125 0.832520325 0.391463621875 0.8284552843749999 0.38048785 0.8284552843749999 0.36097581875 0.836585365625 0.345121021875 0.8390243906249999 0.33658476249999997 0.8463414640625 0.34634077812499997 0.8536585359375 0.370731834375 0.855284553125 0.39756036875 0.8398373984375
1 0.2573168796875 0.8121951218750001 0.250000375 0.814634146875 0.23780484687499998 0.8243902437499999 0.24024435937500002 0.8317073171875 0.260976146875 0.8422764234375 0.2756091546875 0.8430894312499999 0.28902443906249997 0.8512195124999999 0.29390143125 0.8585365859375 0.3073167140625 0.8658536578125 0.3182924859375 0.87560975625 0.3341472828125 0.8780487812500001 0.3414637859375 0.8707317078125 0.3414637859375 0.8601626015624999 0.33536500625 0.8479674796875001 0.3134154953125 0.8300813015624999 0.2975606984375 0.822764228125 0.2573168796875 0.8121951218750001
1 0.25122013125 0.8040650406250001 0.241464115625 0.795934959375 0.2317081 0.795934959375 0.21219606875000002 0.814634146875 0.20731704374999999 0.8268292687500001 0.21219606875000002 0.832520325 0.2231698078125 0.8317073171875 0.2341455796875 0.8276422765625 0.2524398875 0.8121951218750001 0.25122013125 0.8040650406250001
1 0.15000070468749999 0.7764227640625 0.1341459078125 0.77560975625 0.13048867343749998 0.7829268296875 0.1487809484375 0.795934959375 0.16341395625 0.8008130078125 0.17195021562499999 0.806504065625 0.196341271875 0.809756096875 0.20731704374999999 0.8089430890625 0.2085368 0.802439025 0.201220296875 0.793495934375 0.176829240625 0.779674796875 0.1573172078125 0.7739837390625001 0.15000070468749999 0.7764227640625
1 0.20731704374999999 0.7764227640625 0.2085368 0.7674796749999999 0.18902476875000002 0.75934959375 0.178048996875 0.75691056875 0.143901925 0.75691056875 0.13170639687500002 0.7617886171875 0.13170639687500002 0.7723577234375 0.1353656640625 0.77560975625 0.1585369640625 0.7739837390625001 0.176829240625 0.7764227640625 0.19146428124999998 0.7747967484375 0.20731704374999999 0.7764227640625
1 0.4963423171875 0.77560975625 0.47926776406249993 0.75934959375 0.46829199218750006 0.7544715453124999 0.4512194734375 0.7544715453124999 0.4378041890625 0.7804878046875 0.4390239453125 0.790243903125 0.4573162203125 0.7910569109375001 0.4743907734375 0.787804878125 0.48292703281250005 0.7886178859374999 0.4951225609375 0.7845528453124999 0.4963423171875 0.77560975625
1 0.59756174375 0.7626016265625 0.59756174375 0.7544715453124999 0.59512223125 0.752845528125 0.5707311749999999 0.7536585359375 0.55121914375 0.7585365859375 0.523170853125 0.7715447156249999 0.510975325 0.7747967484375 0.4853665453125 0.793495934375 0.4853665453125 0.8032520328125001 0.487804025 0.8048780484375 0.497560040625 0.8048780484375 0.539023615625 0.790243903125 0.5499993875 0.782113821875 0.5731706875 0.77560975625 0.59756174375 0.7626016265625
1 0.6170737749999999 0.798373984375 0.6207310109375 0.78943089375 0.6085375156249999 0.7788617890625 0.5999992234375 0.77804878125 0.5963419875 0.7747967484375 0.585366215625 0.7764227640625 0.5792674359375 0.7747967484375 0.563414671875 0.7813008124999999 0.55121914375 0.7837398375 0.542682884375 0.790243903125 0.5475619078125 0.797560975 0.55365865625 0.8 0.5731706875 0.8032520328125001 0.606098003125 0.8048780484375 0.6170737749999999 0.798373984375
1 0.607317759375 0.7577235765625 0.6036584921875 0.760975609375 0.6036584921875 0.7699186984375 0.61829353125 0.7837398375 0.6231705234375 0.793495934375 0.6378055640625 0.79430894375 0.6560978390625001 0.802439025 0.6768296265625 0.802439025 0.6902449109375 0.7991869921875 0.7036581625 0.790243903125 0.6743901140624999 0.7813008124999999 0.6499990578125 0.7764227640625 0.6426825546875 0.7715447156249999 0.6378055640625 0.7707317078125 0.6341462953125 0.7658536578125 0.6231705234375 0.75934959375 0.607317759375 0.7577235765625
1 0.6731703578125 0.7560975609375 0.6695131234375 0.760975609375 0.670730846875 0.7699186984375 0.6768296265625 0.77804878125 0.6853658859375 0.7845528453124999 0.693902146875 0.782113821875 0.6963416578125 0.790243903125 0.6987811703125 0.7910569109375001 0.7268294625 0.7869918703125001 0.74390198125 0.7869918703125001 0.7597567781250001 0.77804878125 0.7634140140625 0.7715447156249999 0.7597567781250001 0.760975609375 0.742682225 0.755284553125 0.7280492187500001 0.7560975609375 0.6902449109375 0.7536585359375 0.6731703578125 0.7560975609375
1 0.7829260453125 0.793495934375 0.779268809375 0.782113821875 0.7695127937499999 0.7813008124999999 0.74878100625 0.7861788625 0.739024990625 0.79430894375 0.740244746875 0.806504065625 0.7500007625 0.8138211375 0.7548777531249999 0.8154471546875 0.76707328125 0.814634146875 0.779268809375 0.80569105625 0.7829260453125 0.793495934375
1 0.519511584375 0.8333333328125001 0.4951225609375 0.8390243906249999 0.4902435359375 0.844715446875 0.49390280468750003 0.8560975609374999 0.5085358125 0.867479675 0.5097555687499999 0.8731707312499999 0.523170853125 0.8772357718749999 0.5378058921875 0.88943089375 0.55365865625 0.8902439031249999 0.5780497125 0.8821138218750001 0.57682995625 0.8731707312499999 0.5499993875 0.8626016265625 0.545122396875 0.8536585359375 0.542682884375 0.8398373984375 0.5365861359374999 0.8349593499999999 0.519511584375 0.8333333328125001
1 0.6451220671875 0.8837398375 0.6341462953125 0.8869918703125 0.6268297921875 0.8943089437499999 0.6219507671875 0.904065040625 0.6170737749999999 0.9284552843749999 0.6207310109375 0.9357723578125 0.628049546875 0.939024390625 0.6585373515625 0.939024390625 0.6670736109375001 0.9317073171875 0.6634143421875 0.8991869921875001 0.6536583265625 0.887804878125 0.6451220671875 0.8837398375
1 0.706097675 0.8186991875 0.70243840625 0.8154471546875 0.6890251546874999 0.8138211375 0.6756098703125 0.8162601625000001 0.6536583265625 0.8235772359375 0.6268297921875 0.8373983734375001 0.6146342640625 0.8626016265625 0.61585401875 0.8747967484375 0.6231705234375 0.8804878046875 0.6317067828125 0.8821138218750001 0.6475615796875 0.8666666671875 0.6548780828125 0.8617886171875 0.6597571078125 0.8609756093750001 0.6634143421875 0.8536585359375 0.6731703578125 0.8463414640625 0.6792691390625001 0.8479674796875001 0.68414613125 0.8422764234375 0.6975614140624999 0.8349593499999999 0.70731743125 0.8260162609374999 0.706097675 0.8186991875
1 0.6573175953125 0.87560975625 0.6536583265625 0.8813008124999999 0.6597571078125 0.887804878125 0.682926375 0.893495934375 0.70487791875 0.8951219515625001 0.737805234375 0.8926829265625 0.7463414937499999 0.8886178859375 0.7512205187500001 0.8821138218750001 0.7463414937499999 0.8772357718749999 0.7353657218749999 0.87560975625 0.68414613125 0.87560975625 0.6658538546874999 0.8731707312499999 0.6573175953125 0.87560975625
1 0.757317265625 0.895934959375 0.7500007625 0.8951219515625001 0.742682225 0.9008130078125 0.7353657218749999 0.9 0.7219504375 0.9089430890625 0.717073446875 0.917886178125 0.7231701937499999 0.922764228125 0.7268294625 0.9317073171875 0.7365854781250001 0.939024390625 0.74878100625 0.94308943125 0.76463376875 0.94308943125 0.780488565625 0.9341463421875 0.7841458015625 0.922764228125 0.779268809375 0.9138211374999999 0.7597567781250001 0.9008130078125 0.757317265625 0.895934959375
1 0.7926820609375 0.8333333328125001 0.778049053125 0.82195121875 0.76463376875 0.817886178125 0.7524382421875 0.8211382109375001 0.72560970625 0.8390243906249999 0.7207327140625 0.844715446875 0.714633934375 0.8601626015624999 0.714633934375 0.8682926828124999 0.7195129578125 0.8731707312499999 0.74390198125 0.8723577234375 0.74878100625 0.8707317078125 0.7914643375 0.8739837390625 0.801220353125 0.8723577234375 0.8048775890625001 0.863414634375 0.8036578328124999 0.8520325203124999 0.7926820609375 0.8333333328125001
1 0.8451214078125 0.8739837390625 0.8341456359375 0.8658536578125 0.8207323859375 0.8650406500000001 0.8097566140625 0.8723577234375 0.8085368578125 0.8837398375 0.8195126296874999 0.89186991875 0.8353653921875 0.89186991875 0.8451214078125 0.8861788625000001 0.8451214078125 0.8739837390625
1 0.8987805124999999 0.85934959375 0.8902442531249999 0.8577235765625 0.8609762046875 0.8731707312499999 0.85609718125 0.8796747968749999 0.8573169359374999 0.8869918703125 0.8621959609375001 0.89186991875 0.8707322203125001 0.8926829265625 0.8926837640624999 0.9 0.9085365281250001 0.909756096875 0.910976040625 0.914634146875 0.9195123000000001 0.9195121953125 0.92317156875 0.9243902437499999 0.9341473406249999 0.9252032515625 0.9658528671875001 0.909756096875 0.9634153875000001 0.902439025 0.9548770953125001 0.9032520328125001 0.931707828125 0.89186991875 0.9170727875000001 0.8813008124999999 0.9073167718749999 0.8666666671875 0.8987805124999999 0.85934959375
1 0.854877425 0.77804878125 0.8475609203125 0.77317073125 0.8231698640625 0.782113821875 0.8170731171875 0.787804878125 0.8170731171875 0.7967479671875 0.8219521421874999 0.8073170734374999 0.8207323859375 0.8252032515625001 0.8134138484375001 0.832520325 0.8024380765625001 0.836585365625 0.801220353125 0.8422764234375 0.8036578328124999 0.8479674796875001 0.8134138484375001 0.8544715453125 0.8353653921875 0.8601626015624999 0.85609718125 0.8617886171875 0.8695124640625 0.8585365859375 0.878048725 0.8585365859375 0.886584984375 0.855284553125 0.8987805124999999 0.8471544718749999 0.90243978125 0.8390243906249999 0.8890244968750001 0.832520325 0.8792684812499999 0.8186991875 0.878048725 0.8040650406250001 0.8817079921875 0.7845528453124999 0.8792684812499999 0.7804878046875 0.867072953125 0.777235771875 0.854877425 0.77804878125
1 1 0.862323475 0.9914636796874999 0.8609756093750001 0.9804879078125 0.8626016265625 0.9536593718749999 0.8601626015624999 0.9500001031249999 0.8650406500000001 0.951219859375 0.8707317078125 0.95975611875 0.8764227640625 0.9743911593749999 0.8780487812500001 0.9902439234375 0.8829268296875 1 0.8840830875 1 0.862323475