3 0.419922 0.578948 0.417968 0.605264 0.433594 0.631578 0.451172 0.634502 0.464844 0.622808 0.466796 0.599416 0.453124 0.578948 0.4375 0.570176 0.419922 0.578948
1 0 0.131578 0.011718000000000001 0.131578 0.039062 0.07894799999999999 0.041016000000000004 0.049708 0.03125 0.043859999999999996 0.00586 0.061404 0 0.05964947968749999 0 0.131578
3 0 0.72807 0.017578 0.72807 0.029296 0.71345 0.025390000000000003 0.687134 0 0.6786870375 0 0.72807
1 0 0.9970760000000001 0.011718000000000001 0.9970760000000001 0.03125 0.988304 0.054688 0.959064 0.058594 0.9444440000000001 0.054688 0.9181279999999999 0.041016000000000004 0.9035080000000001 0.021484 0.8976599999999999 0 0.9016804296875 0 0.9970760000000001
3 0.113282 0.909356 0.113282 0.94152 0.12695399999999998 0.9619880000000001 0.136718 0.9619880000000001 0.16211 0.9385960000000001 0.16406199999999999 0.923976 0.15820399999999998 0.9152039999999999 0.12304600000000002 0.906432 0.113282 0.909356
3 0.042968 0.611112 0.05078200000000001 0.643274 0.06836 0.666666 0.08789 0.66959 0.09765599999999999 0.657894 0.095704 0.6286539999999999 0.08789 0.608188 0.07421799999999999 0.593568 0.042968 0.611112
1 0.11662895312499999 0 0.12890600000000002 0.032164 0.15039 0.032164 0.15820399999999998 0.026316 0.16459563593749998 0 0.11662895312499999 0
1 0.121094 0.24269 0.10742199999999999 0.245614 0.109376 0.298246 0.121094 0.318714 0.136718 0.318714 0.175782 0.289474 0.175782 0.27193 0.16406199999999999 0.263158 0.140624 0.25731000000000004 0.121094 0.24269
1 0.21288999999999997 0.657894 0.234376 0.619884 0.234376 0.578948 0.21288999999999997 0.5730999999999999 0.175782 0.58772 0.15429600000000002 0.611112 0.15429600000000002 0.631578 0.166016 0.6549699999999999 0.18359399999999998 0.666666 0.201172 0.666666 0.21288999999999997 0.657894
1 0.8007820000000001 0.847954 0.8125 0.850878 0.8320320000000001 0.8391819999999999 0.851562 0.8187139999999999 0.8535159999999999 0.8040940000000001 0.8457039999999999 0.798246 0.8125 0.8011699999999999 0.8007820000000001 0.8187139999999999 0.8007820000000001 0.847954
1 0.78342786875 0 0.775176 0.01427 0.755332 0.022398 0.74539 0.038596000000000005 0.73998 0.073714 0.747208 0.093976 0.758028 0.10883000000000001 0.773378 0.10883000000000001 0.786894 0.12234 0.803144 0.127748 0.8157819999999999 0.107486 0.829316 0.06292400000000001 0.830214 0.030497999999999997 0.8211919999999999 0.002134 0.8179864625000001 0 0.78342786875 0
1 0.582032 0.497076 0.585938 0.526316 0.597656 0.5380119999999999 0.611328 0.535088 0.626954 0.508772 0.625 0.494152 0.61914 0.488304 0.585938 0.488304 0.582032 0.497076
1 0.628906 0.05555600000000001 0.626954 0.023392 0.617188 0.008772 0.585938 0.011696 0.564454 0.032164 0.55664 0.067252 0.56836 0.10234000000000001 0.591796 0.11696 0.607422 0.114036 0.617188 0.10234000000000001 0.628906 0.05555600000000001
1 0.21484399999999998 0.54386 0.22461000000000003 0.526316 0.22461000000000003 0.5116959999999999 0.21484399999999998 0.491228 0.197266 0.5029239999999999 0.167968 0.508772 0.16211 0.517544 0.16211 0.5409360000000001 0.177734 0.5555559999999999 0.19336 0.5584800000000001 0.21484399999999998 0.54386
1 0.142578 0.432748 0.12304600000000002 0.435672 0.11523399999999999 0.45614 0.117188 0.473684 0.140624 0.473684 0.14843800000000001 0.45906399999999997 0.14843800000000001 0.438596 0.142578 0.432748
1 0.134766 0.216374 0.15820399999999998 0.166666 0.15820399999999998 0.14035 0.15039 0.12573 0.140624 0.128654 0.10742199999999999 0.160818 0.085938 0.157894 0.078124 0.178362 0.095704 0.201754 0.101562 0.219298 0.134766 0.216374
1 0.300782 0.295322 0.28906200000000004 0.307018 0.292968 0.35964999999999997 0.31836000000000003 0.388888 0.341796 0.38596400000000003 0.373046 0.356726 0.373046 0.342106 0.357422 0.336258 0.3125 0.298246 0.300782 0.295322
1 0.472656 0.403508 0.455078 0.391812 0.435546 0.388888 0.410156 0.406432 0.408204 0.429824 0.41211000000000003 0.444444 0.433594 0.479532 0.453124 0.491228 0.47851600000000005 0.491228 0.488282 0.479532 0.49023399999999995 0.435672 0.472656 0.403508
1 0.417968 0.508772 0.41211000000000003 0.473684 0.39843799999999996 0.467836 0.386718 0.488304 0.35156200000000004 0.5116959999999999 0.347656 0.526316 0.357422 0.5409360000000001 0.38281200000000004 0.5555559999999999 0.396484 0.5497080000000001 0.417968 0.508772
1 0.300782 0.5643279999999999 0.294922 0.578948 0.298828 0.611112 0.316406 0.6286539999999999 0.33788999999999997 0.62573 0.355468 0.605264 0.353516 0.590644 0.33788999999999997 0.58772 0.3125 0.561404 0.300782 0.5643279999999999
1 0.40038999999999997 0.754386 0.40038999999999997 0.730994 0.39062399999999997 0.72807 0.373046 0.748538 0.353516 0.751462 0.34961000000000003 0.75731 0.35156200000000004 0.77193 0.371094 0.789474 0.388672 0.78655 0.40038999999999997 0.754386
1 0.38984420000000003 1 0.394532 0.9912280000000001 0.394532 0.9678359999999999 0.384766 0.964912 0.36718799999999996 0.9853799999999999 0.347656 0.9853799999999999 0.347656 1 0.38984420000000003 1
1 0.634766 0.22807 0.617188 0.222222 0.611328 0.21345 0.607422 0.18421 0.591796 0.18421 0.583984 0.21345 0.595704 0.248538 0.595704 0.27485400000000004 0.613282 0.289474 0.632812 0.28654999999999997 0.648438 0.263158 0.648438 0.245614 0.634766 0.22807
1 0.679688 0.60234 0.6718759999999999 0.611112 0.669922 0.64035 0.68164 0.66959 0.695312 0.657894 0.71289 0.61696 0.71289 0.605264 0.679688 0.60234
1 0.734746 0.852544 0.7222660000000001 0.8537140000000001 0.7175779999999999 0.8735379999999999 0.729278 0.874708 0.739414 0.86304 0.734746 0.852544
3 0.964844 0.69883 0.9667960000000001 0.72807 0.9882820000000001 0.710526 0.9902340000000001 0.690058 0.986328 0.678362 0.96875 0.681286 0.964844 0.69883
3 0.7656240000000001 0.865498 0.753906 0.9035080000000001 0.75586 0.9269000000000001 0.771484 0.923976 0.78125 0.909356 0.783204 0.8801159999999999 0.777344 0.8625740000000001 0.7656240000000001 0.865498
1 0.86914 0.9269000000000001 0.8652340000000001 0.9210520000000001 0.84961 0.9210520000000001 0.826172 0.935672 0.8222659999999999 0.9502919999999999 0.830078 0.9619880000000001 0.84375 0.9619880000000001 0.867188 0.94152 0.86914 0.9269000000000001
3 0.9589840000000001 0.10818799999999999 0.9843759999999999 0.093568 0.9843759999999999 0.05555600000000001 0.964844 0.070176 0.9570320000000001 0.093568 0.9589840000000001 0.10818799999999999
3 0.955078 0.15497 0.9570320000000001 0.172514 0.9707039999999999 0.172514 0.9785159999999999 0.163742 0.9785159999999999 0.137426 0.96875 0.134502 0.955078 0.15497
3 1 0.283626 0.9882820000000001 0.283626 0.9785159999999999 0.298246 0.972656 0.318714 0.97461 0.336258 0.986328 0.339182 1 0.32553644375 1 0.283626
3 1 0.380116 0.986328 0.418128 0.986328 0.432748 1 0.42592522187500004 1 0.380116
1 0.976562 0.479532 0.9804679999999999 0.5029239999999999 0.9882820000000001 0.5029239999999999 0.996094 0.491228 0.996094 0.464912 0.9804679999999999 0.464912 0.976562 0.479532
1 0.9482419999999999 1 0.951172 0.994152 0.951172 0.982456 0.9375 0.97076 0.9277340000000001 0.9795320000000001 0.9257820000000001 0.9912280000000001 0.9267580000000001 1 0.9482419999999999 1