3 0.38655475625 0.5723277234374999 0.384452975 0.6006298359375 0.4012607734375 0.6289297984375 0.4201682015625 0.6320744781250001 0.43487421875 0.6194979125 0.4369738484375 0.594340478125 0.42226783125 0.5723277234374999 0.405462184375 0.5628936859375 0.38655475625 0.5723277234374999
3 0.056723495312500004 0.9276721765625 0.056723495312500004 0.9622636484375 0.0714295125 0.9842764031250001 0.081931965625 0.9842764031250001 0.1092443703125 0.95911896875 0.111344 0.9433955718749999 0.10504295781249999 0.933961534375 0.06722595 0.9245274968749999 0.056723495312500004 0.9276721765625
3 0 0.6554838937499999 0.008404034375 0.66666595 0.029411092187499998 0.6698106296875 0.039915696875000004 0.6572319125 0.0378160671875 0.62578511875 0.029411092187499998 0.603774515625 0.014705075000000001 0.5880511187499999 0 0.59630545 0 0.6554838937499999
1 0.086133378125 0.2264151578125 0.06512631875 0.2106917609375 0.050420303124999996 0.213836440625 0.052522084375 0.27044066718750004 0.06512631875 0.292453421875 0.081931965625 0.292453421875 0.1239503859375 0.2610066296875 0.1239503859375 0.242138553125 0.111344 0.232704515625 0.086133378125 0.2264151578125
1 0.132353209375 0.66666595 0.1512606390625 0.66666595 0.1638648734375 0.6572319125 0.186975865625 0.6163532328125 0.186975865625 0.5723277234374999 0.1638648734375 0.5660383640625 0.1239503859375 0.5817617609375 0.1008393953125 0.6069191953125 0.1008393953125 0.6289297984375 0.11344578125 0.6540872328125 0.132353209375 0.66666595
1 0.79621929375 0.8616360625 0.8088235296875 0.8647807421874999 0.8298327390625 0.8522020250000001 0.8508397984375 0.8301892703125 0.8529415796875 0.8144658734375 0.8445387562500001 0.808176515625 0.8088235296875 0.8113211953125001 0.79621929375 0.8301892703125 0.79621929375 0.8616360625
1 0.73528126875 0 0.7308188234374999 0.0289628546875 0.7385934796875 0.050754062499999995 0.7502317984375 0.06672911875000001 0.7667427234375 0.06672911875000001 0.7812809406250001 0.0812587421875 0.7987599328125 0.08707489375000001 0.8123537484375 0.0652836859375 0.826911328125 0.017358515625 0.8273921218750001 0 0.73528126875 0
1 0.5609251765625001 0.4842767046875 0.5651265875 0.515723496875 0.5777308234375 0.5283022140625 0.592436840625 0.525157534375 0.6092446390624999 0.496855421875 0.6071428578125 0.48113202499999996 0.6008396640625 0.4748426671875 0.5651265875 0.4748426671875 0.5609251765625001 0.4842767046875
1 0.5385157640625 0 0.5336127734375 0.0220131578125 0.546219159375 0.0597493078125 0.5714276296875 0.0754727046875 0.588235428125 0.07232802499999999 0.598740034375 0.0597493078125 0.61134426875 0.009434440625 0.6107716171875001 0 0.5385157640625 0
1 0.1260500171875 0.5471702890625 0.142857815625 0.55031496875 0.1659666546875 0.534591571875 0.1764712609375 0.515723496875 0.1764712609375 0.5000001000000001 0.1659666546875 0.4779873453125 0.14705922656249998 0.4905660625 0.11554541250000001 0.496855421875 0.1092443703125 0.506289459375 0.1092443703125 0.53144689375 0.1260500171875 0.5471702890625
1 0.06722595 0.418238440625 0.05882312656250001 0.4402511953125 0.0609249078125 0.45911927031250005 0.086133378125 0.45911927031250005 0.094538353125 0.44339587343750003 0.094538353125 0.42138311875 0.08823515937500001 0.4150937609375 0.06722595 0.418238440625
1 0.0378160671875 0.16666625156249998 0.044117109375000005 0.1855343265625 0.0798323359375 0.1823896484375 0.10504295781249999 0.1289301 0.10504295781249999 0.10062798749999999 0.0966379828125 0.084904590625 0.086133378125 0.08804927031250001 0.050420303124999996 0.12264074218750001 0.0273114625 0.1194960625 0.0189064875 0.1415088171875 0.0378160671875 0.16666625156249998
1 0.271008403125 0.27044066718750004 0.25840416875 0.2672959875 0.24579778124999999 0.2798747046875 0.24999919375 0.33647893125 0.277311596875 0.367923571875 0.3025200671875 0.36477889375 0.3361335125 0.3333342515625 0.3361335125 0.3176108546875 0.319327865625 0.311321496875 0.271008403125 0.27044066718750004
1 0.4495802359375 0.4779873453125 0.460084840625 0.46540862968749996 0.46218447031250004 0.418238440625 0.4432770421875 0.38364696875000004 0.42436961406249996 0.3710682515625 0.40336040312500004 0.367923571875 0.3760501515625 0.38679164843749997 0.3739505203125 0.41194908124999996 0.3781519328125 0.42767247812500003 0.4012607734375 0.46540862968749996 0.42226783125 0.4779873453125 0.4495802359375 0.4779873453125
1 0.361344134375 0.54088093125 0.384452975 0.496855421875 0.3781519328125 0.45911927031250005 0.363445915625 0.45282991250000004 0.3508395296875 0.4748426671875 0.313024671875 0.5000001000000001 0.3088232609375 0.515723496875 0.319327865625 0.53144689375 0.34663811718750004 0.5471702890625 0.361344134375 0.54088093125
1 0.271008403125 0.5534596484375001 0.25840416875 0.5566043265625 0.252100975 0.5723277234374999 0.2563023859375 0.6069191953125 0.275209815625 0.62578511875 0.29831865468749996 0.622640440625 0.317226084375 0.6006298359375 0.315126453125 0.584906440625 0.29831865468749996 0.5817617609375 0.271008403125 0.5534596484375001
1 0.35294131093750003 0.7955977984375 0.365545546875 0.7610063265625 0.365545546875 0.73584889375 0.355040940625 0.7327042140625 0.3361335125 0.75471696875 0.315126453125 0.7578616484375 0.3109250421875 0.76415100625 0.313024671875 0.779874403125 0.3340338828125 0.798742478125 0.35294131093750003 0.7955977984375
1 0.5945386218750001 0.2610066296875 0.61554568125 0.25786195 0.6323534796875 0.232704515625 0.6323534796875 0.213836440625 0.6176474625 0.1949683640625 0.598740034375 0.18867900625 0.592436840625 0.17924496875 0.588235428125 0.1477981765625 0.5714276296875 0.1477981765625 0.56302480625 0.17924496875 0.5756311937499999 0.21698111875 0.5756311937499999 0.2452832328125 0.5945386218750001 0.2610066296875
1 0.6575641015625 0.6069191953125 0.6554623187499999 0.6383638359375 0.6680665546875 0.6698106296875 0.682772571875 0.6572319125 0.70168 0.613208553125 0.70168 0.6006298359375 0.665966925 0.5974851578125 0.6575641015625 0.6069191953125
1 0.719307428125 0.8904092328125 0.7302100171875 0.8778606296874999 0.725188975 0.866572478125 0.711765109375 0.8678307796875 0.7067225546875 0.88915093125 0.719307428125 0.8904092328125
3 0.997899965625 0.7138361390625 0.999999596875 0.691823384375 0.995798184375 0.6792446671875 0.9768907562500001 0.6823893453125 0.9726893453125 0.7012574218750001 0.9747889750000001 0.7327042140625 0.997899965625 0.7138361390625
3 0.74579805 0.9213828171875 0.74789983125 0.9465402515625 0.7647054796874999 0.9433955718749999 0.775210084375 0.9276721765625 0.777311865625 0.896225384375 0.771008671875 0.8773594593749999 0.7584022859374999 0.8805041390625 0.74579805 0.9213828171875
1 0.8697472265625 0.9465402515625 0.8655458156250001 0.94025089375 0.84874016875 0.94025089375 0.8235295468749999 0.9559742890624999 0.819328134375 0.9716976859375 0.8277309578125 0.9842764031250001 0.842436975 0.9842764031250001 0.8676475968749999 0.9622636484375 0.8697472265625 0.9465402515625
3 0.9726893453125 0.0251578359375 0.9642865203125 0.05031527031250001 0.9663861515625 0.0660386671875 0.9936985546875 0.05031527031250001 0.9936985546875 0.009434440625 0.9726893453125 0.0251578359375
3 0.9789925374999999 0.135219459375 0.9873953609375 0.125785421875 0.9873953609375 0.0974833078125 0.9768907562500001 0.0943386296875 0.9621847390625 0.116351384375 0.9642865203125 0.135219459375 0.9789925374999999 0.135219459375
3 1 0.2547172703125 0.997899965625 0.2547172703125 0.9873953609375 0.27044066718750004 0.98109216875 0.292453421875 0.9831939500000001 0.311321496875 0.995798184375 0.3144661765625 1 0.31027310625000004 1 0.2547172703125
1 1 0.44968523281249995 0.9894949921875 0.44968523281249995 0.9852935796875 0.46540862968749996 0.9894949921875 0.4905660625 0.997899965625 0.4905660625 1 0.48742239062500003 1 0.44968523281249995