3 0.08792461093750001 0.3338668828125 0.09427905156250001 0.325878309375 0.10275525468749999 0.30191694375 0.10275525468749999 0.2811497015625 0.09427905156250001 0.26517473125 0.090042034375 0.26517473125 0.0847463046875 0.27156515468750003 0.0783896953125 0.290734246875 0.0762701015625 0.32108603750000003 0.0826267125 0.3338668828125 0.08792461093750001 0.3338668828125
1 0.165253965625 0.2939305484375 0.1610169484375 0.289138275 0.152542915625 0.29233239843750003 0.1536016265625 0.30830736718749996 0.1631365421875 0.311501490625 0.166312678125 0.30511106718750003 0.165253965625 0.2939305484375
1 0.28495783124999996 0.2939305484375 0.292373153125 0.30351509375 0.3029667796875 0.30990334062499997 0.320973559375 0.30351509375 0.33050847499999997 0.287540125 0.3336867796875 0.2555901859375 0.32838888125 0.24760378906249997 0.31356040625000003 0.242811515625 0.3029667796875 0.23162881875000002 0.2934318640625 0.230032846875 0.2870752546875 0.2332269703125 0.2786012203125 0.2523960625 0.2786012203125 0.27635742812499997 0.28495783124999996 0.2939305484375
1 0.4197027796875 0.3020758875 0.414723796875 0.30942433125 0.40995742343749997 0.32300425312500003 0.4088987125 0.3290724328125 0.4088987125 0.34824370312499997 0.41631403437500003 0.3629384109375 0.42372935624999997 0.37220506875 0.4322033890625 0.3785933140625 0.45127105156249997 0.3785933140625 0.4639821015625 0.37220506875 0.4703387125 0.359424221875 0.46928000000000003 0.3162937640625 0.4661016953125 0.3067092171875 0.4427970171875 0.29233239843750003 0.42478806718750006 0.290734246875 0.4197027796875 0.3020758875
1 0.49258467812499995 0.324280159375 0.4989412875 0.3546319484375 0.507415321875 0.36741279531250004 0.5211872546875 0.37220506875 0.53072 0.37060691874999996 0.5360178984374999 0.362620521875 0.5423723390624999 0.3178919140625 0.5413136265625 0.30031879375 0.53283959375 0.28594197499999996 0.5211872546875 0.277955578125 0.5031783046875 0.277955578125 0.49682169531250003 0.2843460015625 0.491525965625 0.3067092171875 0.49258467812499995 0.324280159375
1 0.6578391859375 0.206069303125 0.649365153125 0.2236424234375 0.6408889484375 0.261980609375 0.64194983125 0.2843460015625 0.6504238640625 0.313099640625 0.6652545078125 0.3338668828125 0.6737285421875 0.33226873281249997 0.677965559375 0.324280159375 0.7192791859375001 0.19488878437499998 0.7192791859375001 0.1869002109375 0.7129247453125 0.1789138140625 0.6959745078124999 0.1773156640625 0.6790264406250001 0.1853042375 0.6578391859375 0.206069303125
1 0.8230936953124999 0.277955578125 0.8156783734375 0.290734246875 0.8093217625 0.3194878859375 0.8125000671875 0.3546319484375 0.8209741015625 0.37699734218750003 0.8358047453124999 0.3993605578125 0.8580507125000001 0.41533552656249995 0.8771183734375001 0.4169336765625 0.893007728125 0.41054325468749997 0.8972447453125 0.4009587078125 0.895127321875 0.3881778609375 0.862287728125 0.3338668828125 0.8463983734375 0.3226841875 0.8463983734375 0.3146956140625 0.8389830515625001 0.30191694375 0.8358047453124999 0.287540125 0.8230936953124999 0.277955578125
1 0.847457084375 0.2699670046875 0.8548724062499999 0.26357875937499997 0.856992 0.22524057343749998 0.8538136953125001 0.2140578765625 0.847457084375 0.207667453125 0.833687321875 0.20447333125 0.8156783734375 0.2108615765625 0.8125000671875 0.2236424234375 0.8135587796875001 0.242811515625 0.8230936953124999 0.26677288125 0.8294481359375 0.2699670046875 0.847457084375 0.2699670046875
1 0.0169496953125 0.37220506875 0.0317803390625 0.3753991921875 0.0370760671875 0.362620521875 0.028602034375 0.349839675 0.022245423437500002 0.349839675 0.0137713890625 0.359424221875 0.0137713890625 0.36741279531250004 0.0169496953125 0.37220506875
1 0.1302969484375 0.4520777390625 0.12499905156249999 0.46006413593750006 0.12499905156249999 0.4712468328125 0.12711864374999998 0.479233228125 0.1334752546875 0.4840255015625 0.1387709828125 0.479233228125 0.1419492875 0.4584659859375 0.1387709828125 0.4536737125 0.1302969484375 0.4520777390625
1 0.08368542343749999 0.39297231093749996 0.0783896953125 0.397764584375 0.0773309828125 0.41214140468749993 0.0826267125 0.42651822343749995 0.088983321875 0.42651822343749995 0.0932203390625 0.4233219234375 0.0953399328125 0.41214140468749993 0.0921616265625 0.3993605578125 0.08368542343749999 0.39297231093749996
1 0.3961854921875 0.5063887171875 0.41631403437500003 0.49041592500000003 0.4173727453125 0.4712468328125 0.41101613593749997 0.45527186249999996 0.3813570171875 0.4361027703125 0.3781787125 0.4361027703125 0.3728808140625 0.444089165625 0.36758508437500004 0.463258259375 0.36758508437500004 0.4840255015625 0.37500040625 0.4984023203125 0.38453315312499997 0.50479274375 0.3961854921875 0.5063887171875
1 0.460805965625 0.4169336765625 0.45339064375 0.42651822343749995 0.44597532187500005 0.4584659859375 0.44597532187500005 0.47763507812499995 0.45444935624999994 0.50319459375 0.46292338906249997 0.5063887171875 0.48516935625 0.4968041703125 0.49258467812499995 0.49041592500000003 0.5 0.4760391046875 0.5010587125 0.4616622859375 0.491525965625 0.429712346875 0.48516935625 0.41852965 0.477754034375 0.41214140468749993 0.4682212875 0.41214140468749993 0.460805965625 0.4169336765625
1 0.6864395937500001 0.397764584375 0.6811438640625 0.3881778609375 0.67266983125 0.3849837375 0.6621825078125 0.3913741609375 0.662076203125 0.40894510312500004 0.6684328140625 0.429712346875 0.6737285421875 0.43450462031250003 0.6800851531250001 0.431310496875 0.68538088125 0.4233219234375 0.6864395937500001 0.397764584375
1 0.7849583734375 0.5303522609375 0.7849583734375 0.5543136265624999 0.7902541015625 0.5702885953125 0.8019064406249999 0.5862613875 0.818856678125 0.6006382078125 0.833687321875 0.6022363578125 0.8368634578125 0.5990422343749999 0.84110264375 0.5878595390625 0.84110264375 0.5670922953125 0.833687321875 0.53833865625 0.826272 0.5207677140625 0.8199153890625 0.5111831671875 0.8093217625 0.5063887171875 0.7976694234374999 0.5079868671875001 0.7913128140625 0.512779140625 0.7849583734375 0.5303522609375
1 0.869490440625 0.48031970937499996 0.8756452875 0.49576776875000006 0.8971709828125001 0.505047490625 0.90946983125 0.4911344390625 0.9063869828125 0.464856409375 0.869490440625 0.48031970937499996
1 0.91971416875 0.446310028125 0.904343321875 0.43704554843750004 0.8889616265625 0.446310028125 0.8879441359375001 0.46795472968749996 0.927912678125 0.4664066578125 0.9258690171874999 0.45867500781250004 0.91971416875 0.446310028125
1 0.9184319999999999 0.546325053125 0.9099579656250001 0.5559095984375 0.9088992546875 0.5686904453125 0.9131362718749999 0.5766768421874999 0.9226690171874999 0.5798731421875 0.9290256265625001 0.57348271875 0.9300843390625 0.5559095984375 0.9269060343750001 0.547923203125 0.9184319999999999 0.546325053125
2 0.8804029828125 0.665176040625 0.8421396609375 0.6761823734375 0.8187612203124999 0.7050318140625 0.8038763390625 0.7499041265625 0.812382915625 0.8043936437499999 0.8421396609375 0.8524600781249999 0.8995227124999999 0.8845210609375 0.948410034375 0.887715184375 0.9781667796875 0.8492659546875 0.9760385078124999 0.7787535671875 0.9399056265624999 0.7018202734375001 0.8804029828125 0.665176040625
1 0.17944941718750002 1 0.1800846109375 0.9952071124999999 0.1769063046875 0.988818865625 0.173728 0.9680516234375001 0.1610169484375 0.9472843796875001 0.152542915625 0.9472843796875001 0.14512759375 0.953674803125 0.1387709828125 0.9680516234375001 0.1387709828125 0.9824284421874999 0.1423561921875 1 0.17944941718750002 1
1 0.4094278875 1 0.41101613593749997 0.9984034125000001 0.4184314578125 0.9856225656250001 0.4216097625 0.9712457453125 0.42266847500000004 0.950478503125 0.4173727453125 0.9345057109375 0.4025421015625 0.9313094109375 0.3951267796875 0.9201267140624999 0.38877016875 0.916932590625 0.35593274531249997 0.9265171375 0.350634846875 0.9456862296875 0.35487186406250004 0.9600630499999999 0.361228475 0.9696475953125001 0.3602226984375 1 0.4094278875 1
1 0.37711783125 0.7092645171874999 0.3707633890625 0.715654940625 0.368643796875 0.7300317609375 0.353813153125 0.7460067296874999 0.3495761359375 0.7699680953125 0.3601697625 0.8019158578125 0.3728808140625 0.8162948546875001 0.38877016875 0.819488978125 0.4025421015625 0.8115025812500001 0.4088987125 0.8003198843750001 0.41101613593749997 0.7859430656249999 0.40995742343749997 0.7539931265625001 0.40466169531249996 0.74121445625 0.3951267796875 0.7300317609375 0.3951267796875 0.7236413374999999 0.3877114578125 0.7124608171875 0.37711783125 0.7092645171874999
1 0.3792374234375 0.6261977234375 0.3622871859375 0.6230036 0.352754440625 0.6134190546875 0.3411021015625 0.6118209046875001 0.3315671859375 0.6214054499999999 0.3167365421875 0.6245995734374999 0.312499525 0.630989996875 0.3114408140625 0.64217269375 0.32203444062500003 0.6709263328125 0.323093153125 0.6948876984375 0.3294497625 0.7108626671875 0.3474565421875 0.7124608171875 0.3569914578125 0.7076685453125 0.37500040625 0.6869013015625 0.383474440625 0.6581476625 0.383474440625 0.6357822703125 0.3792374234375 0.6261977234375
4 0.1525093890625 0 0.154575728125 0.28201191875 0.207511321875 0.014585221875000002 0.25429607656250003 0 0.1525093890625 0
1 0.8314262749999999 0 0.833687321875 0.0127802265625 0.8379243390625 0.025558896874999997 0.8453396609375 0.0367415921875 0.8633464406250001 0.0463261390625 0.8824162718749999 0.0479242890625 0.9014839328124999 0.0335452921875 0.90360135625 0.027157046875 0.9027832515625 0 0.8314262749999999 0
1 0.6048732203125 0.1277947828125 0.6165255593750001 0.12300250937499999 0.6197038640625 0.1166142640625 0.6207625765625 0.10063929375 0.6271191859374999 0.0782739015625 0.6271191859374999 0.06549523125 0.6059319328125 0.0607029578125 0.584746846875 0.039935715625 0.5720336265625 0.043132015625 0.5677966109375 0.06549523125 0.5677966109375 0.086262475 0.569916203125 0.0926507203125 0.6048732203125 0.1277947828125
1 0 0.1453672328125 0.011651796875 0.1309910828125 0.0158888140625 0.11821023593749999 0.0148301015625 0.076677928125 0.004236475 0.062301109375 0 0.06372061875 0 0.1453672328125
4 0.0194489484375 0.9530999921875001 0.0790036609375 0.9880350312499999 0.0770120671875 0.860302771875 0.03797640625 0.8513104546875001 0.0194489484375 0.9530999921875001
1 0.1174660921875 1 0.1165250171875 0.9488825296875 0.11228800000000001 0.9456862296875 0.106992271875 0.9456862296875 0.0995769484375 0.9552707765624999 0.0880938640625 1 0.1174660921875 1
1 0.321162996875 1 0.320973559375 0.9920129890625 0.3315671859375 0.9696475953125001 0.3315671859375 0.9584670765625001 0.323093153125 0.9440902578125 0.31356040625000003 0.9376998343749999 0.3019058984375 0.9361016843750001 0.2944905765625 0.9440902578125 0.2934318640625 0.9776361687499999 0.29018763125 1 0.321162996875 1
1 0.5466093562500001 0.9361016843750001 0.538135321875 0.9361016843750001 0.5264829828125 0.950478503125 0.525424271875 0.9680516234375001 0.5286025765625 0.972843896875 0.5413136265625 0.97443986875 0.5487289484375 0.9680516234375001 0.5508463734375 0.9456862296875 0.5466093562500001 0.9361016843750001
1 0.6366519328125 0.9600630499999999 0.6366519328125 0.9265171375 0.6281778984375 0.9137384687500001 0.6207625765625 0.9137384687500001 0.6144059656249999 0.9185307406250001 0.6048732203125 0.94089395625 0.6048732203125 0.9616612 0.6101689484375 0.97443986875 0.6281778984375 0.97443986875 0.6366519328125 0.9600630499999999
1 0.8209741015625 0.97443986875 0.8220328140625 0.9568689265625 0.8199153890625 0.9376998343749999 0.8167370843749999 0.9313094109375 0.8072043390625 0.9297134375 0.800847728125 0.9345057109375 0.7849583734375 0.9584670765625001 0.7838974921874999 0.9664534734375 0.8019064406249999 0.9808302921875001 0.8156783734375 0.9824284421874999 0.8209741015625 0.97443986875
1 0.9120753890625 0.9696475953125001 0.9173732875 0.9680516234375001 0.9290256265625001 0.9424921062499999 0.9300843390625 0.9185307406250001 0.9237298984375 0.9137384687500001 0.90360135625 0.9105421671875 0.8845336953125 0.9137384687500001 0.8824162718749999 0.9281152875 0.8834749828125 0.9424921062499999 0.8993643390624999 0.953674803125 0.9078383734375001 0.9664534734375 0.9120753890625 0.9696475953125001
1 0.7499991859375 0.7859430656249999 0.761651525 0.7428104296875 0.761651525 0.7316299109375 0.755297084375 0.7284336109375 0.7171617625 0.7348240328125 0.7150421687499999 0.74121445625 0.7171617625 0.752397153125 0.7319924062500001 0.784344915625 0.7425838640625 0.7907353390625 0.7499991859375 0.7859430656249999
1 0.65571959375 0.64217269375 0.664195796875 0.6198073 0.6758481359374999 0.6006382078125 0.6769068468749999 0.5910536609375 0.6747872546875 0.5862613875 0.6578391859375 0.5878595390625 0.64194983125 0.5990422343749999 0.6355932203125 0.6166131765625 0.6377128140625 0.634186296875 0.6430085421875 0.64217269375 0.65571959375 0.64217269375
1 0.62288216875 0.749200853125 0.6292366109375 0.7460067296874999 0.632414915625 0.74121445625 0.632414915625 0.7332258828125 0.6207625765625 0.6948876984375 0.615466846875 0.690095425 0.6059319328125 0.693291725 0.5974578984375001 0.7124608171875 0.5974578984375001 0.7252394875 0.600636203125 0.7348240328125 0.61122983125 0.7476048796875 0.62288216875 0.749200853125
1 0.56250088125 0.584665415625 0.5519072546875 0.5926518109375001 0.5444919328125 0.60862678125 0.5423723390624999 0.630989996875 0.5466093562500001 0.64217269375 0.5466093562500001 0.6597436359375 0.5508463734375 0.6725244828125 0.556144271875 0.6757186046875 0.570974915625 0.6757186046875 0.57627064375 0.6725244828125 0.5900425765625 0.6517572390625 0.59427959375 0.64217269375 0.5963991859375 0.6245995734374999 0.59216 0.6038345078125 0.583685965625 0.5910536609375 0.5752119328124999 0.584665415625 0.56250088125 0.584665415625
1 0.5042370171874999 0.7619817 0.509534915625 0.784344915625 0.5137719328125 0.7891371890625 0.5211872546875 0.7875390390625 0.5370766109375 0.7715662453125 0.5476702375 0.749200853125 0.5476702375 0.7220453640625 0.5434332203125 0.7092645171874999 0.538135321875 0.70447224375 0.522245965625 0.702876271875 0.5116523390625 0.715654940625 0.5063566109375001 0.7316299109375 0.5042370171874999 0.7619817
1 0.5010587125 0.6150150265625001 0.49046508437499997 0.6166131765625 0.48516935625 0.6261977234375 0.48411064374999996 0.64217269375 0.49046508437499997 0.6533553890625 0.5 0.6533553890625 0.5063566109375001 0.64377084375 0.507415321875 0.6245995734374999 0.5010587125 0.6150150265625001
1 0.21759511874999998 0.7127787062500001 0.2104227796875 0.65559149375 0.208368271875 0.6015026015625 0.1725000671875 0.657139565625 0.2247674578125 0.8364372078125 0.23399430468750002 0.8178908281249999 0.21759511874999998 0.7127787062500001
1 0.09427905156250001 0.7060703953125 0.0932203390625 0.7268376375 0.09639864375 0.7428104296875 0.10063566093750001 0.750799003125 0.121822915625 0.7619817 0.134533965625 0.7619817 0.1440667125 0.699679971875 0.143008 0.6693281828125001 0.1398296953125 0.6581476625 0.1302969484375 0.6597436359375 0.120762034375 0.6693281828125001 0.0995769484375 0.682109028125 0.09427905156250001 0.7060703953125
3 0.06567864375 0.8514367390625001 0.056143728125 0.84504849375 0.04872840625 0.8498407671875 0.040254373437500005 0.867411709375 0.0466109828125 0.891373075 0.054026304687500006 0.9009576218750001 0.0709743734375 0.9025557718749999 0.07415267812500001 0.894569375 0.07415267812500001 0.8738021328125001 0.06567864375 0.8514367390625001
3 0.1428279328125 0.0341854234375 0.1108040671875 0.09282708281249999 0.1085174234375 0.11353118437500001 0.1285374921875 0.17217284375 0.1348203390625 0.1644085328125 0.144544 0.13250867187499998 0.147405559375 0.09886478125 0.143400678125 0.0833383390625 0.14683281406249998 0.046262996875000004 0.1428279328125 0.0341854234375
3 0.144544 0.0859271671875 0.15198101718749998 0.102315828125 0.15369708437500001 0.0453986015625 0.14683281406249998 0.0600475859375 0.144544 0.0859271671875
3 0.14084629375 0 0.1405412875 0.000543709375 0.139395796875 0.016070151562500003 0.1439734234375 0.0359098578125 0.1479761359375 0.047987431250000004 0.15198101718749998 0.0324609890625 0.151408271875 0.012619104687499999 0.1521368640625 0 0.14084629375 0
1 0.3103821015625 0.0559106859375 0.30402549218749997 0.054312534375 0.299788475 0.05910480781250001 0.2955514578125 0.087858446875 0.29766888125 0.0942488703125 0.32203444062500003 0.09904114375 0.3336867796875 0.087858446875 0.3347454921875 0.076677928125 0.33262806718750004 0.0718856546875 0.3103821015625 0.0559106859375
1 0.3167365421875 0.025558896874999997 0.3114408140625 0.0367415921875 0.3093212203125 0.05910480781250001 0.3262714578125 0.0702875046875 0.33686508437499996 0.06389708125 0.3411021015625 0.054312534375 0.3389825078125 0.0383397421875 0.3262714578125 0.025558896874999997 0.3167365421875 0.025558896874999997
1 0.5190676609375 0.0798720515625 0.5243633890625 0.05910480781250001 0.5137719328125 0.052716562499999994 0.5010587125 0.062301109375 0.491525965625 0.0782739015625 0.48728894843750004 0.09105474687500001 0.4862280671875 0.10543156718749999 0.48834766093750004 0.11980838593750001 0.4989412875 0.13897747968750002 0.51483064375 0.150160175 0.5233046781249999 0.15175614843750002 0.540254915625 0.14057562968749998 0.554024678125 0.11980838593750001 0.5582616953125 0.0958470203125 0.554024678125 0.087858446875 0.538135321875 0.09904114375 0.5233046781249999 0.0958470203125 0.5190676609375 0.087858446875 0.5190676609375 0.0798720515625
1 0.6490623546875 0 0.638771525 0.0127802265625 0.6345345078125 0.0207666234375 0.6345345078125 0.03035116875 0.6472455593750001 0.0559106859375 0.6610174921875 0.0575088359375 0.6705502375 0.0511184125 0.6832634578125 0.03194931875 0.6896178984375 0.028753018749999998 0.7012702375 0.0127802265625 0.70338983125 0.006389803125 0.70338983125 0 0.6490623546875 0
1 0.772245153125 0.13258705625 0.78072135625 0.11022384062499999 0.78072135625 0.09105474687500001 0.772245153125 0.076677928125 0.7478817624999999 0.06709338125 0.741525153125 0.0718856546875 0.739407728125 0.0798720515625 0.740466440625 0.11501611406250001 0.754236203125 0.13258705625 0.7658907125 0.1373793296875 0.772245153125 0.13258705625
1 0.93326264375 0.0702875046875 0.9300843390625 0.06709338125 0.9194907125 0.0702875046875 0.9173732875 0.076677928125 0.9184319999999999 0.086262475 0.9216103046875 0.09105474687500001 0.9322039328124999 0.09105474687500001 0.9343213562500001 0.0830661734375 0.93326264375 0.0702875046875
1 0.979872 0.1996810578125 0.9904656265625 0.2012770296875 0.9957635249999999 0.19488878437499998 0.9957635249999999 0.1837060875 0.9915265078125 0.1741215421875 0.9788132875000001 0.1757196921875 0.9766958640625001 0.193290634375 0.979872 0.1996810578125
1 0 0.290893009375 0.0074147796875 0.27635742812499997 0.0063560671875 0.26038245781249997 0 0.250797421875 0 0.290893009375
1 0.008473492187499999 0.20447333125 0.0158888140625 0.21245972656249998 0.0317803390625 0.2108615765625 0.0370760671875 0.2012770296875 0.038134779687499995 0.180511965625 0.043432678125 0.16773111875 0.042373965624999996 0.15655059843750002 0.0307194578125 0.1549524484375 0.0169496953125 0.1661351453125 0.0074147796875 0.1837060875 0.0063560671875 0.1980829078125 0.008473492187499999 0.20447333125
1 0.12923823750000002 0.24760378906249997 0.1334752546875 0.26038245781249997 0.1387709828125 0.26677288125 0.143008 0.2571883359375 0.14512759375 0.2204483 0.137712271875 0.2156560265625 0.12923823750000002 0.23162881875000002 0.12923823750000002 0.24760378906249997
1 0.1483058984375 0.2939305484375 0.1467156609375 0.26757195624999996 0.137712271875 0.279553728125 0.135592678125 0.290734246875 0.136653559375 0.30031879375 0.1461863046875 0.30511106718750003 0.1483058984375 0.2939305484375