2 0 0.83444789375 0.0042801375000000004 0.8406169671875 0.010273971875 0.8663239078125 0.0162678078125 0.8804627249999999 0.028253425 0.8920308484374999 0.0479445203125 0.902313625 0.05393835625 0.902313625 0.065069178125 0.8958868890625 0.08133493124999999 0.8727506421875001 0.0898972609375 0.8534704375000001 0.0916089046875 0.8367609249999999 0.0804801375 0.8226221078125 0.0796232875 0.80462725 0.07534315 0.7943444734375 0.0744863015625 0.7724935734375 0.07791164375000001 0.735218509375 0.0599321921875 0.6516709515625 0.05393835625 0.637532134375 0.0445212328125 0.6246786625 0.0359589046875 0.619537275 0.023973287500000003 0.6182519281250001 0.012842465624999999 0.6272493578125 0.010273971875 0.6349614390625 0 0.651028278125 0 0.83444789375
1 0.1926369859375 0.474293059375 0.18493150625000002 0.474293059375 0.1806513703125 0.47943444687500003 0.1755143828125 0.501285346875 0.177226028125 0.52956298125 0.18407465781250001 0.5437018 0.18921164375 0.547557840625 0.2097595890625 0.54627249375 0.2491438359375 0.5308483296875 0.26969178125000004 0.5167095109375001 0.2868143828125 0.49742930625000004 0.29109657499999997 0.47943444687500003 0.29109657499999997 0.46786632343749995 0.2885280828125 0.4562982 0.278254109375 0.4383033421875 0.26883493125 0.4293059125 0.251712328125 0.41773778906250003 0.24229520624999998 0.41902313593749996 0.23287602812500002 0.4383033421875 0.2183219171875 0.457583546875 0.21404178125 0.45886889531249997 0.2063363015625 0.46786632343749995 0.1926369859375 0.474293059375
1 0.4580486296875 0.26606683750000004 0.465754109375 0.2532133671875 0.469177396875 0.23778920312500001 0.47003424687499995 0.20437017968750001 0.4606171234375 0.18380462656250002 0.45462328750000003 0.1580976859375 0.45548013750000005 0.1246786625 0.45205479375 0.120822621875 0.439212328125 0.120822621875 0.42294452031249996 0.1285347046875 0.40325342500000005 0.1529562984375 0.39212260312499997 0.1773778921875 0.39212260312499997 0.1992287921875 0.39725958906250003 0.2236503859375 0.4058219171875 0.23521850937500002 0.4340753421875 0.262210796875 0.4511979453125 0.2686375328125 0.4580486296875 0.26606683750000004
1 1 0.35128674531250004 0.99229520625 0.3316195375 0.9743157531250001 0.305912596875 0.96318493125 0.30462725 0.9340746578125 0.33419023124999997 0.9058212328125 0.37789203125 0.9023979453125 0.38688945937499997 0.9006842468749999 0.40874035937500003 0.9058212328125 0.42802056562499996 0.9109582187499999 0.4383033421875 0.9349315062500001 0.4665809765625 0.948630821875 0.474293059375 0.9751705484375 0.4781491 0.9854445203125 0.4730077125 0.99229520625 0.45886889531249997 1 0.42956558749999996 1 0.35128674531250004
1 0.842465753125 0.14395886875 0.8527397265625 0.1298200515625 0.8587335609375 0.11311054062499999 0.8613020546874999 0.097686375 0.8613020546874999 0.07326478125 0.85530821875 0.0552699234375 0.843322603125 0.0488431875 0.82791164375 0.052699228125 0.821060959375 0.0578406171875 0.80479520625 0.0809768640625 0.7979445203125 0.1079691515625 0.7988013703125 0.1246786625 0.80479520625 0.1362467859375 0.821060959375 0.1503856046875 0.8287664390625 0.1529562984375 0.842465753125 0.14395886875
1 0.9890555859375001 1 0.9867636984375 0.974550128125 0.9716363015624999 0.9480596406249999 0.961549315625 0.9556298203125 0.9481089046875001 0.9707722359375 0.9447431500000001 0.985912596875 0.9431768171874999 1 0.9890555859375001 1
1 0.8902686640624999 1 0.8912671234375 0.9730077125 0.8852732874999999 0.9370179953125 0.8732876718749999 0.9125964015625 0.8621568500000001 0.902313625 0.8493143828124999 0.8997429312499999 0.842465753125 0.90488431875 0.82705479375 0.9395886890625 0.8202061640625 0.9691516703125 0.8160965750000001 1 0.8902686640624999 1
1 0.9332198625 0.974293059375 0.9409253421875 0.9395886890625 0.9375 0.9293059124999999 0.920377396875 0.930591259375 0.9109582187499999 0.9370179953125 0.9075349312500001 0.9665809765625 0.9126719171875 0.9961439593750001 0.9229458906250001 0.9948586125000001 0.9332198625 0.974293059375
1 0.9469171234375 0.8984575828124999 0.9460623281249999 0.88303341875 0.9434938359375 0.8740359890624999 0.9366431499999999 0.8637532140624999 0.9280828765625 0.859897171875 0.9186636984375 0.86118251875 0.9083897265624999 0.8714652953125 0.9058212328125 0.87789203125 0.9032527390625 0.8997429312499999 0.9032527390625 0.9164524421875001 0.9066780828125 0.930591259375 0.9152404109375001 0.930591259375 0.93578835625 0.9164524421875001 0.9452054796875 0.906169665625 0.9469171234375 0.8984575828124999
1 0.687499315625 0.9832904890625 0.7020554796875 0.9652956296875 0.704623971875 0.9511568125000001 0.7148979453125001 0.9241645249999999 0.7174664390625 0.9113110546875 0.7174664390625 0.8920308484374999 0.7148979453125001 0.8856041125 0.7080472609374999 0.88303341875 0.69606164375 0.8856041125 0.684930821875 0.8946015421875 0.6626712328125001 0.928020565625 0.657534246875 0.9408740359375001 0.6515404109375 0.9691516703125 0.6515404109375 0.974293059375 0.654965753125 0.982005140625 0.6780821921875 0.9884318765625 0.687499315625 0.9832904890625
1 0.64537685 1 0.6472602734375 0.9948586125000001 0.6506856171875001 0.9794344468749999 0.6506856171875001 0.9665809765625 0.6541089046875 0.949871465625 0.659245890625 0.9370179953125 0.6626712328125001 0.9125964015625 0.6643828765625 0.8856041125 0.6609595890625 0.8791773781250001 0.6541089046875 0.8791773781250001 0.6361294515625 0.8958868890625 0.6198636984375 0.9215938296875 0.6095897265625 0.9511568125000001 0.607876028125 0.9614395890624999 0.607876028125 0.9884318765625 0.6095897265625 0.9961439593750001 0.6112119328125 1 0.64537685 1
1 0.5950335609375 0.8020565546875 0.5924650687499999 0.814910025 0.5933219171874999 0.8303341906249999 0.6001705484375 0.8316195375 0.6104445203125 0.8123393312499999 0.6232869859375 0.7943444734375 0.625000684375 0.7776349609375 0.62071849375 0.7686375328125 0.61215821875 0.7660668375 0.605307534375 0.7712082265625 0.5950335609375 0.8020565546875
1 0.30856109531250003 1 0.3133561640625 0.9948586125000001 0.3261986296875 0.9678663234375 0.35274041093749997 0.9228791781250001 0.3938363015625 0.859897171875 0.40154178125 0.8431876609375 0.40325342500000005 0.8316195375 0.40154178125 0.8251928015625 0.3912678078125 0.8239074546875 0.37671164375 0.8290488437500001 0.30736232812500003 0.8740359890624999 0.29965685 0.8856041125 0.2833910953125 0.9370179953125 0.2756856171875 0.971722365625 0.2765404109375 0.9871465296874999 0.28167739687500004 0.9948586125000001 0.29138150625 1 0.30856109531250003 1
1 0.178937671875 0.7943444734375 0.1797945203125 0.8187660671874999 0.18578835625 0.8393316203125 0.196062328125 0.8534704375000001 0.20890479375 0.86118251875 0.226884246875 0.859897171875 0.252569178125 0.8290488437500001 0.26541164375 0.8007712078125 0.2756856171875 0.7532133671875 0.2756856171875 0.7275064265625 0.27226027343750003 0.715938303125 0.2671232875 0.7082262203125 0.258560959375 0.7017994859375001 0.2491438359375 0.7005141390625 0.227739040625 0.710796915625 0.22431575312500002 0.715938303125 0.21746506875 0.7416452437500001 0.20376780781249998 0.764781490625 0.1934938359375 0.7750642671875 0.18493150625000002 0.7789203078125 0.1815061640625 0.784061696875 0.178937671875 0.7943444734375
1 0.7200349312500001 0.7146529562499999 0.735445890625 0.7313624671875 0.7422945203125 0.7339331625 0.75 0.732647815625 0.77140479375 0.71722365 0.7799650687499999 0.7017994859375001 0.792807534375 0.663239075 0.7970897265625 0.623393315625 0.7970897265625 0.5964010281250001 0.7936643828125 0.5706940875 0.786815753125 0.550128534375 0.7799650687499999 0.5398457578125 0.7731164390624999 0.5359897171875 0.763699315625 0.5359897171875 0.7559938359375 0.5398457578125 0.7465746578125 0.550128534375 0.7260267125000001 0.58997429375 0.713184246875 0.637532134375 0.713184246875 0.691516709375 0.7200349312500001 0.7146529562499999
1 0.75 0.43316195312500005 0.7388691781250001 0.4434447296875 0.734589040625 0.4511568125 0.734589040625 0.4601542421875 0.7405828765625 0.474293059375 0.74914315 0.48843187656250003 0.7551369859375 0.4935732640625 0.764554109375 0.48843187656250003 0.7722595890624999 0.4652956296875 0.7739732874999999 0.4447300765625 0.77140479375 0.42673521875000003 0.763699315625 0.425449871875 0.75 0.43316195312500005
1 0.7037671234375 0.6118251921875 0.7166095890624999 0.5964010281250001 0.7303089046875 0.5604113109375 0.735445890625 0.52442159375 0.734589040625 0.5064267359375 0.7277404109375001 0.4910025703125 0.722603425 0.47043701875000005 0.7166095890624999 0.46272493593749997 0.70034178125 0.452442159375 0.6866445203125 0.457583546875 0.6755136984375001 0.471722365625 0.666096575 0.49742930625000004 0.6609595890625 0.5321336765625 0.6618143828124999 0.5629820046875 0.6695198625 0.59511568125 0.683219178125 0.6131105406249999 0.6892130140625 0.615681234375 0.7037671234375 0.6118251921875
1 0.5787678078125 0.6491002578125 0.58904178125 0.63881748125 0.599315753125 0.619537275 0.6087328765625 0.5655527 0.6095897265625 0.5437018 0.6070212328125 0.5321336765625 0.5976020546874999 0.52956298125 0.5864732874999999 0.5359897171875 0.5787678078125 0.5437018 0.5702054796875 0.5604113109375 0.5667801375 0.575835475 0.5565061640625 0.598971721875 0.5547945203125 0.6143958875 0.5565061640625 0.6401028281250001 0.56335685 0.6516709515625 0.5719171234375 0.6529562984374999 0.5787678078125 0.6491002578125
1 0.4469178078125 0.5745501281250001 0.45633493124999996 0.5925449875 0.465754109375 0.593830334375 0.471745890625 0.5886889453124999 0.5111301375 0.5115681234375 0.5556513703125 0.4434447296875 0.5787678078125 0.41902313593749996 0.5916102734375001 0.40102827812499997 0.5984589046875 0.38174807187500004 0.5984589046875 0.3637532140625 0.5916102734375001 0.3483290484375 0.5864732874999999 0.3431876609375 0.5787678078125 0.3406169671875 0.5402404109375001 0.3431876609375 0.48287671249999997 0.3933161953125 0.469177396875 0.4113110546875 0.46147191718749997 0.43187660625 0.45034314999999997 0.48843187656250003 0.44434931562499996 0.550128534375 0.4469178078125 0.5745501281250001
1 0.7465746578125 0.2789203078125 0.7422945203125 0.2699228796875 0.7140410953125 0.259640103125 0.6994869859375 0.25835475625000004 0.69178150625 0.264781490625 0.6900678078125 0.27249357343749997 0.6892130140625 0.29562982031249996 0.6909246578125 0.311053984375 0.7037671234375 0.35218509062500003 0.7063356171875 0.35604113125 0.7148979453125001 0.35604113125 0.736300684375 0.32519280156249997 0.7431513703125 0.3097686375 0.7465746578125 0.2969151671875 0.7465746578125 0.2789203078125
1 0.6695198625 0.19794344531250002 0.67294520625 0.1311053984375 0.6652397265625 0.115681234375 0.630992465625 0.0925449875 0.6198636984375 0.0886889453125 0.6138698625 0.091259640625 0.6061643828125 0.1079691515625 0.599315753125 0.1491002578125 0.6001705484375 0.191516709375 0.61215821875 0.2506426734375 0.6198636984375 0.2712082265625 0.64041164375 0.3020565546875 0.6506856171875001 0.3020565546875 0.6583910953125 0.28534704375 0.6635280828125001 0.257069409375 0.6695198625 0.19794344531250002
1 0.5188356171875 0.052699228125 0.5282527390625 0.06555269999999999 0.53595821875 0.066838046875 0.5385267125000001 0.06298200468750001 0.5436636984375001 0.047557840625 0.5436636984375001 0.032133676562500005 0.5402404109375001 0.025706940625 0.53595821875 0.023136246875 0.523972603125 0.028277634375 0.517123971875 0.042416453124999996 0.5188356171875 0.052699228125
1 0.4724806265625 0 0.48458835625 0.0115681234375 0.49229383593750004 0.0102827765625 0.495719178125 0.0064267359375 0.4980244984375 0 0.4724806265625 0