1 0 0.821006803125 0.0052220828125 0.823784721875 0.020886659374999998 0.8220486109375 0.024803892187500003 0.8177083328125001 0.023498146875 0.7907986109375 0.015665859375 0.7803819437499999 0.0052220828125 0.7829861109375 0 0.78526101875 0 0.821006803125
1 0 0.8567703234374999 0.009139314062499999 0.8515625 0.0117486265625 0.8350694437499999 0.009139314062499999 0.8307291671874999 0 0.8263893140624999 0 0.8567703234374999
1 0.0939952734375 0.8567708328125001 0.10443905 0.8350694437499999 0.1005218171875 0.8298611109375 0.084857240625 0.824652778125 0.0587467109375 0.8255208328125001 0.04307995625 0.8289930562500001 0.03785915625 0.8359375 0.0365534125 0.8680555562500001 0.024803892187500003 0.8854166671874999 0.018277346875 0.8897569437499999 0.022192403125 0.8975694437499999 0.03524766875 0.9088541671874999 0.06396968593749999 0.9157986109375 0.090078040625 0.9157986109375 0.09791032968749999 0.9140625 0.1174943140625 0.9053819437499999 0.125326603125 0.8984375 0.122715115625 0.8932291671874999 0.1018275609375 0.878472221875 0.0953010171875 0.8697916671874999 0.0939952734375 0.8567708328125001
1 0 0.91914068125 0.00130485 0.9192708328125001 0.013054370312499999 0.918402778125 0.03002686875 0.9131944437499999 0.023498146875 0.9053819437499999 0.0117486265625 0.9001736109375 0 0.8990017484375 0 0.91914068125
1 0 0.70399256875 0.014360115625 0.6961805562500001 0.022192403125 0.6779513890625 0.015665859375 0.6727430562500001 0.0104428828125 0.671875 0 0.6731003703125 0 0.70399256875
1 0.0587467109375 0.5842013890625 0.0469971890625 0.5807291671875 0.033941925 0.5789930562500001 0.020886659374999998 0.5798611109375 0.0078335703125 0.5868055562500001 0.0039163375 0.5928819437499999 0.0052220828125 0.612847221875 0.024803892187500003 0.6276041671875 0.0469971890625 0.6276041671875 0.056135221874999995 0.6223958328125 0.0652732546875 0.6119791671875 0.0678847421875 0.605902778125 0.06657899843750001 0.589409721875 0.0587467109375 0.5842013890625
1 0.00370741875 0.744418403125 0.0047781296874999995 0.7472482640625 0.0217876234375 0.7309895828124999 0.0164754203125 0.7203906250000001 0.0069064921875 0.7246267359375 0.0015921140625 0.7359375 0.00370741875 0.744418403125
1 0.043040784375 0.786128471875 0.1047001984375 0.7854166671875 0.11426912656249999 0.78046875 0.017533073437499998 0.7698697921875 0.0366709296875 0.78118055625 0.043040784375 0.786128471875
1 0.126632346875 0.6961805562500001 0.1187978828125 0.6857638890625 0.1005218171875 0.6710069437499999 0.077022775 0.6588541671875 0.0678847421875 0.660590278125 0.0678847421875 0.671875 0.08616080781249999 0.6935763890625 0.091383784375 0.703125 0.091383784375 0.7118055562500001 0.0822457515625 0.7196180562500001 0.06657899843750001 0.7282986109375 0.05744096562499999 0.730902778125 0.04307995625 0.7404513890625 0.03002686875 0.7413194437499999 0.0065278265625 0.7517361109375 0.0065278265625 0.7604166671875 0.013054370312499999 0.7647569437499999 0.024803892187500003 0.7664930562500001 0.0365534125 0.7647569437499999 0.0483029328125 0.7604166671875 0.0613581984375 0.7586805562500001 0.090078040625 0.746527778125 0.10443905 0.7421875 0.1148828265625 0.7413194437499999 0.126632346875 0.7361111109375 0.1344646359375 0.7404513890625 0.1396876125 0.737847221875 0.1409911796875 0.730034721875 0.14621415625 0.722222221875 0.1449084125 0.7092013890625 0.1409911796875 0.7039930562500001 0.126632346875 0.6961805562500001
1 0.17885123125 0.7170138890625 0.17885123125 0.707465278125 0.1749339984375 0.698784721875 0.165795965625 0.690972221875 0.1566579328125 0.6927083328125 0.1488256453125 0.7022569437499999 0.1409911796875 0.7239583328125 0.1409911796875 0.7404513890625 0.1501313890625 0.746527778125 0.16057516562500002 0.745659721875 0.1710189421875 0.7395833328125 0.1710189421875 0.7317708328125 0.1762397421875 0.7256944437499999 0.17885123125 0.7170138890625
1 0.2950385203125 0.792534721875 0.302872984375 0.784722221875 0.3041765515625 0.7682291671875 0.28720623125 0.746527778125 0.27415096562499996 0.745659721875 0.2650129328125 0.75 0.24281963593749997 0.7526041671875 0.2245435703125 0.7604166671875 0.2206263375 0.776909721875 0.22584931406250003 0.7873263890625 0.232375859375 0.792534721875 0.2480426125 0.7977430562500001 0.271539478125 0.7994791671875 0.2859004875 0.796875 0.2950385203125 0.792534721875
1 0.2597921328125 0.7335069437499999 0.2493461796875 0.7291666671875 0.22715505937499997 0.7109375 0.21670910625 0.7109375 0.20626532968750003 0.7239583328125 0.2049617609375 0.7352430562500001 0.20757107343749998 0.7413194437499999 0.21801485 0.7482638890625 0.232375859375 0.7526041671875 0.2637071890625 0.75 0.2780681984375 0.7447916671875 0.28198325468749996 0.738715278125 0.2780681984375 0.7361111109375 0.2597921328125 0.7335069437499999
1 0.7480425046875 0.46961805625 0.7624013374999999 0.46180555625 0.7624013374999999 0.45225694375 0.75326330625 0.4427083328125 0.736292984375 0.44184027812500004 0.72323771875 0.4513888890625 0.7245434640624999 0.4626736109375 0.736292984375 0.46961805625 0.7480425046875 0.46961805625
1 0.46214112343749997 0.613715278125 0.4765021328125 0.6041666671875 0.48041718906249997 0.598090278125 0.48041718906249997 0.5911458328125 0.4778057015625 0.5859375 0.4699734125 0.582465278125 0.43472485 0.5833333328125 0.42167176093750003 0.5850694437499999 0.415143040625 0.5885416671875 0.41122798437499997 0.597222221875 0.413837296875 0.6015625 0.42819830625 0.609375 0.456918146875 0.6145833328125 0.46214112343749997 0.613715278125
2 0.5822456453125 0.7890625 0.6044389421874999 0.7673611109375 0.6187999515625 0.7352430562500001 0.613576975 0.7135416671875 0.6005217109375 0.7013888890625 0.5678846359375 0.6848958328125 0.5456913375 0.667534721875 0.5287210171875001 0.6631944437499999 0.5195829843750001 0.6579861109375 0.5104449515625 0.6414930562500001 0.5013047421875 0.6354166671875 0.48041718906249997 0.628472221875 0.42689256093749994 0.6276041671875 0.4007842078125 0.6319444437499999 0.39164399843750003 0.640625 0.379894478125 0.6631944437499999 0.31853756093749996 0.6970486109375 0.302872984375 0.7083333328125 0.293732775 0.722222221875 0.29242920781250004 0.7369791671875 0.3120110171875 0.776909721875 0.3328985703125 0.793402778125 0.3459538359375 0.7986111109375 0.377285165625 0.7994791671875 0.4255868171875 0.7951388890625 0.43080979375000006 0.792534721875 0.44386505937500004 0.7907986109375 0.45300309062500005 0.792534721875 0.46344686875 0.7881944437499999 0.47519638906250006 0.7881944437499999 0.522192296875 0.7977430562500001 0.5456913375 0.7994791671875 0.561358090625 0.796875 0.5822456453125 0.7890625
1 0.6801568687499999 0.7960069437499999 0.6892949015625 0.7864583328125 0.6919063890625 0.769097221875 0.6801568687499999 0.7560763890625 0.665795859375 0.75 0.6253264953125 0.7526041671875 0.61227123125 0.762152778125 0.608356175 0.7795138890625 0.61227123125 0.7881944437499999 0.6240207515625 0.7960069437499999 0.64099325 0.800347221875 0.6566578265625 0.801215278125 0.6801568687499999 0.7960069437499999
1 0.6631843703125 0.7473958328125 0.6723245796875 0.7439236109375 0.6749338921875 0.730902778125 0.6631843703125 0.7213541671875 0.64621405 0.7204861109375 0.6396875046875 0.7239583328125 0.634464528125 0.7395833328125 0.64099325 0.745659721875 0.64621405 0.7473958328125 0.6631843703125 0.7473958328125
1 0.7480425046875 0.7248263890625 0.6971271890625 0.7092013890625 0.6840741 0.7118055562500001 0.6788511234375 0.715277778125 0.6762396359375 0.7204861109375 0.6775453796875001 0.7291666671875 0.701044421875 0.7404513890625 0.72323771875 0.746527778125 0.7375987281249999 0.745659721875 0.7480425046875 0.7413194437499999 0.7519575609375 0.7352430562500001 0.7519575609375 0.7291666671875 0.7480425046875 0.7248263890625
1 0.6161884640624999 0.7109375 0.630547296875 0.7118055562500001 0.6396875046875 0.7092013890625 0.6566578265625 0.6944444437499999 0.665795859375 0.6788194437499999 0.669713090625 0.6571180562500001 0.668407346875 0.6475694437499999 0.6579635703125 0.637152778125 0.64490830625 0.6345486109375 0.6018274546875 0.636284721875 0.5861628765625 0.6397569437499999 0.5809399015625 0.6432291671875 0.5678846359375 0.6380208328125 0.5274152734374999 0.6388888890625 0.523498040625 0.6414930562500001 0.524803784375 0.6501736109375 0.57702266875 0.6875 0.6161884640624999 0.7109375
1 0.8002613890625 0.5920138890625 0.8015671328125 0.5789930562500001 0.79634415625 0.5703125 0.7859003796875 0.5625 0.7754566031250001 0.5625 0.7676243140625 0.566840278125 0.7624013374999999 0.5729166671875 0.7637070828125 0.5807291671875 0.75587479375 0.59375 0.7441252734375 0.605034721875 0.7127939421875 0.609375 0.7062673984375001 0.6119791671875 0.7049616546874999 0.620659721875 0.7245434640624999 0.6319444437499999 0.736292984375 0.6328125 0.7624013374999999 0.629340278125 0.771541546875 0.6197916671875 0.7754566031250001 0.605902778125 0.8002613890625 0.5920138890625
1 0.8080936781249999 0.7708333328125 0.8107051656250001 0.746527778125 0.82376043125 0.7265625 0.82376043125 0.7170138890625 0.8146223984375001 0.7161458328125 0.8067879328125 0.7213541671875 0.8002613890625 0.722222221875 0.7898176125 0.7291666671875 0.7845946359375 0.730034721875 0.7793738359375 0.7361111109375 0.75456905 0.7413194437499999 0.7493482499999999 0.7482638890625 0.738904471875 0.753472221875 0.7245434640624999 0.754340278125 0.7114881984375 0.7647569437499999 0.6945178765625 0.793402778125 0.699738678125 0.7960069437499999 0.741513784375 0.7960069437499999 0.7480425046875 0.7942708328125 0.774150859375 0.7942708328125 0.7924291 0.7899305562500001 0.8028728765625001 0.7803819437499999 0.8080936781249999 0.7708333328125
2 1 0.7150412609375 0.8634332890625 0.6752343749999999 0.83214113125 0.7168402781250001 0.8156778750000001 0.7496875000000001 0.8173231124999999 0.7661111109375 0.8617880515625 0.7934895828124999 0.9474013421875 0.8241406250000001 1 0.833557471875 1 0.7150412609375
1 0.9300654125 0.712065971875 0.9475188593749999 0.7126736109375 0.9484459375000001 0.70717881875 0.921802228125 0.694956596875 0.8850390031250001 0.6937326390624999 0.8841249812499999 0.6961805562500001 0.9126119656249999 0.7077864578125 0.9300654125 0.712065971875
1 0.0678847421875 0.5104166671875 0.05744096562499999 0.503472221875 0.0456914453125 0.5 0.0365534125 0.5 0.015665859375 0.5069444437499999 0.0039163375 0.5208333328125 0.00261059375 0.5407986109375 0.0078335703125 0.5564236109375 0.014360115625 0.559027778125 0.020886659374999998 0.5711805562500001 0.026109635937499997 0.574652778125 0.0456914453125 0.5798611109375 0.0652732546875 0.581597221875 0.0796342640625 0.573784721875 0.0835514953125 0.5685763890625 0.08616080781249999 0.559027778125 0.0835514953125 0.550347221875 0.084857240625 0.542534721875 0.07832852031250001 0.5295138890625 0.0678847421875 0.5208333328125 0.0678847421875 0.5104166671875
1 0.10313330624999999 0.5260416671875 0.10443905 0.512152778125 0.0953010171875 0.504340278125 0.0822457515625 0.5026041671875 0.07310771875 0.5052083328125 0.0678847421875 0.5095486109375 0.06657899843750001 0.5208333328125 0.07571703125 0.5303819437499999 0.090078040625 0.5338541671875 0.09791032968749999 0.5321180562500001 0.10313330624999999 0.5260416671875
1 0.271539478125 0.5625 0.2650129328125 0.558159721875 0.24281963593749997 0.550347221875 0.2297643703125 0.5494791671875 0.2101825609375 0.5564236109375 0.19973878437499998 0.5711805562500001 0.198433040625 0.581597221875 0.20626532968750003 0.598090278125 0.21670910625 0.605034721875 0.22715505937499997 0.6085069437499999 0.24412537968749998 0.609375 0.25718064531249996 0.605034721875 0.27415096562499996 0.5954861109375 0.2780681984375 0.589409721875 0.2767624546875 0.5729166671875 0.271539478125 0.5625
1 0.4321155375 0.5685763890625 0.43080979375000006 0.5607638890625 0.41122798437499997 0.5477430562500001 0.3942554875 0.5407986109375 0.382505965625 0.5407986109375 0.3720621890625 0.546875 0.36161841250000004 0.5598958328125 0.35378612343750004 0.558159721875 0.3524803796875 0.5625 0.3459538359375 0.5651041671875 0.3381193703125 0.5729166671875 0.3133167609375 0.5789930562500001 0.302872984375 0.5876736109375 0.302872984375 0.598090278125 0.308093784375 0.609375 0.3237605375 0.620659721875 0.340730859375 0.629340278125 0.3642299015625 0.6336805562500001 0.3929497421875 0.6310763890625 0.39556123125 0.6223958328125 0.3929497421875 0.6041666671875 0.40600500781250004 0.589409721875 0.42950404999999997 0.5729166671875 0.4321155375 0.5685763890625
1 0.5456913375 0.5711805562500001 0.53785905 0.558159721875 0.5143600078125 0.5451388890625 0.49738968593750005 0.546875 0.4725849015625 0.5651041671875 0.46866766875000004 0.574652778125 0.47127915624999994 0.5807291671875 0.49999899843750006 0.6041666671875 0.5039162312500001 0.6302083328125 0.5091392078125 0.6345486109375 0.518277240625 0.636284721875 0.53655330625 0.6345486109375 0.5443855937500001 0.636284721875 0.558746603125 0.6336805562500001 0.5731076125000001 0.628472221875 0.5926894218750001 0.6119791671875 0.5966066546875 0.605034721875 0.5966066546875 0.5885416671875 0.565273146875 0.5842013890625 0.5456913375 0.5711805562500001
1 0.702350165625 0.5763888890625 0.701044421875 0.5651041671875 0.6971271890625 0.5598958328125 0.6801568687499999 0.5486111109375 0.664490115625 0.550347221875 0.6187999515625 0.5885416671875 0.6031331984375 0.5946180562500001 0.6018274546875 0.6119791671875 0.6109654875 0.620659721875 0.6253264953125 0.6232638890625 0.6579635703125 0.6223958328125 0.6605750593749999 0.6171875 0.6801568687499999 0.605902778125 0.6958214453125 0.5911458328125 0.702350165625 0.5763888890625
1 0.7245434640624999 0.5069444437499999 0.716711175 0.5078125 0.7088767109375 0.5060763890625 0.702350165625 0.5086805562500001 0.6814626125000001 0.527777778125 0.6788511234375 0.5364583328125 0.6801568687499999 0.543402778125 0.68537766875 0.550347221875 0.702350165625 0.5625 0.7101824546875 0.5625 0.7245434640624999 0.566840278125 0.7493482499999999 0.5677083328125 0.7663185703125001 0.5642361109375 0.772845115625 0.558159721875 0.774150859375 0.5451388890625 0.7571805375 0.5243055562500001 0.7467367609375 0.515625 0.7245434640624999 0.5069444437499999
1 1 0.5182291671875 0.9960838359374999 0.5182291671875 0.9895551156250001 0.5243055562500001 0.9804170828125001 0.527777778125 0.97519628125 0.535590278125 0.9647525046875 0.542534721875 0.9621410171875 0.5520833328125 0.96605825 0.558159721875 0.988251546875 0.5685763890625 1 0.569444365625 1 0.5182291671875
1 0 0.442361275 0.0078335703125 0.4392361109375 0.016971603125 0.4314236109375 0.018277346875 0.4201388890625 0.015665859375 0.41493055625 0.0052220828125 0.4140625 0 0.41475694062499996 0 0.442361275
1 0 0.401909009375 0.0065278265625 0.3967013890625 0.019583090625 0.3958333328125 0.049608678125 0.4036458328125 0.0678847421875 0.4036458328125 0.077022775 0.4010416671875 0.090078040625 0.3932291671875 0.09660676093750001 0.37934027812500004 0.092689528125 0.36805555624999997 0.0678847421875 0.3567708328125 0.013054370312499999 0.359375 0.0052220828125 0.3611111109375 0 0.36458389687500004 0 0.401909009375
1 0 0.4749227796875 0.0052220828125 0.4791666671875 0.0691904875 0.5026041671875 0.0796342640625 0.4982638890625 0.1005218171875 0.4765625 0.10574479375000001 0.46006944375 0.091383784375 0.4375 0.0744134640625 0.4296875 0.054829478125 0.4157986109375 0.044385701562500005 0.41493055625 0.020886659374999998 0.4348958328125 0 0.4441553390625 0 0.4749227796875
1 0.14360266875 0.4904513890625 0.1566579328125 0.484375 0.16710171093749998 0.46875 0.157963678125 0.45659722187499996 0.1501313890625 0.45225694375 0.1396876125 0.4513888890625 0.1174943140625 0.4592013890625 0.10965985 0.46440972187499996 0.10443905 0.47309027812500004 0.10574479375000001 0.48524305625 0.125326603125 0.49131944375 0.14360266875 0.4904513890625
2 0.2101825609375 0.5017361109375 0.1958215515625 0.5 0.164490221875 0.48784722187499996 0.1475199015625 0.4904513890625 0.1344646359375 0.5164930562500001 0.1344646359375 0.5243055562500001 0.142296925 0.5321180562500001 0.1958215515625 0.542534721875 0.2154055375 0.5486111109375 0.2375988359375 0.5486111109375 0.2780681984375 0.5598958328125 0.28981771875 0.5598958328125 0.32506628125 0.565972221875 0.340730859375 0.5598958328125 0.3498688921875 0.527777778125 0.339425115625 0.5208333328125 0.3041765515625 0.5173611109375 0.293732775 0.519965278125 0.2493461796875 0.511284721875 0.23498734687499997 0.5104166671875 0.2101825609375 0.5017361109375
1 0.48825165468750004 0.49913194375 0.486945909375 0.4869791671875 0.483028678125 0.4791666671875 0.46866766875000004 0.4661458328125 0.4595296359375 0.46788194375 0.43080979375000006 0.48784722187499996 0.4125315515625 0.4973958328125 0.413837296875 0.5069444437499999 0.4203660171875 0.5147569437499999 0.4373363375 0.5225694437499999 0.4543088359375 0.5225694437499999 0.483028678125 0.5130208328125 0.48825165468750004 0.49913194375
1 0.7219319750000001 0.4279513890625 0.7180147421874999 0.4201388890625 0.703655909375 0.4079861109375 0.669713090625 0.38975694375000003 0.65274059375 0.3880208328125 0.599215965625 0.3888888890625 0.5718018687499999 0.3958333328125 0.558746603125 0.4010416671875 0.5339418171875 0.4192708328125 0.5078334640625 0.4296875 0.486945909375 0.4470486109375 0.485640165625 0.4765625 0.489555221875 0.48784722187499996 0.489555221875 0.519097221875 0.49347245468749995 0.5295138890625 0.5509143140625 0.5616319437499999 0.5665788921875 0.5633680562500001 0.5809399015625 0.5677083328125 0.6031331984375 0.5677083328125 0.61227123125 0.565972221875 0.6187999515625 0.5616319437499999 0.626632240625 0.5520833328125 0.6540463375 0.5477430562500001 0.6710188359375 0.542534721875 0.68276835625 0.5208333328125 0.6945178765625 0.512152778125 0.716711175 0.484375 0.7219319750000001 0.46961805625 0.7193204875 0.4513888890625 0.72323771875 0.44618055625 0.7219319750000001 0.4279513890625
1 0.7793738359375 0.4166666671875 0.7571805375 0.4123263890625 0.72323771875 0.4123263890625 0.7180147421874999 0.41493055625 0.7271549515625 0.4236111109375 0.75848628125 0.43315972187499996 0.78851186875 0.43663194375 0.8146223984375001 0.43663194375 0.8250661750000001 0.4322916671875 0.82376043125 0.42274305625 0.8172317109374999 0.4201388890625 0.7793738359375 0.4166666671875
1 0.5757190999999999 0.37413194375000003 0.6057446859375 0.3689236109375 0.6436025609375 0.35590277812500004 0.6540463375 0.34722222187499996 0.6488255374999999 0.3411458328125 0.6436025609375 0.34027777812500004 0.6109654875 0.3463541671875 0.5731076125000001 0.359375 0.553525803125 0.3619791671875 0.5483028265625001 0.37065972187499996 0.556135115625 0.37413194375000003 0.5757190999999999 0.37413194375000003
1 0.7872061234375 0.3654513890625 0.776762346875 0.3611111109375 0.738904471875 0.3671875 0.7310700078125 0.3776041671875 0.7310700078125 0.38628472187499996 0.736292984375 0.39409722187499996 0.771541546875 0.40972222187499996 0.7872061234375 0.40972222187499996 0.8015671328125 0.4045138890625 0.8172317109374999 0.4045138890625 0.8302869749999999 0.4088541671875 0.8524802734374999 0.40711805625 0.8681470265625 0.4123263890625 0.885117346875 0.421875 0.89947835625 0.4236111109375 0.9216716546875 0.4166666671875 0.9308096859375 0.40972222187499996 0.93472691875 0.40190972187499996 0.933421175 0.39149305624999997 0.9281981984375 0.3845486109375 0.9151429328124999 0.37586805624999997 0.9060049015624999 0.3732638890625 0.885117346875 0.37413194375000003 0.8746735703124999 0.3767361109375 0.8629240499999999 0.37413194375000003 0.8211489421874999 0.37413194375000003 0.8159259656250001 0.37152777812500004 0.8067879328125 0.3732638890625 0.8015671328125 0.3689236109375 0.7976499015625 0.3689236109375 0.7924291 0.3723958328125 0.7872061234375 0.3654513890625
2 1 0.4583333328125 0.97258479375 0.4583333328125 0.9647525046875 0.47222222187499996 0.9634467609374999 0.5060763890625 0.9738905375 0.511284721875 1 0.5107060109375 1 0.4583333328125
1 0 0.3434400640625 0.0065278265625 0.34809027812500004 0.019583090625 0.3532986109375 0.05026155 0.35842013906250003 0.06396968593749999 0.35503472187499996 0.0691904875 0.34809027812500004 0.0626639421875 0.33506944375000003 0.06657899843750001 0.3220486109375 0.07571703125 0.31684027812500004 0.0874665515625 0.30555555624999997 0.10835410625 0.2951388890625 0.10965985 0.2864583328125 0.10443905 0.2786458328125 0.091383784375 0.26909722187499996 0.07571703125 0.26215277812500004 0.0587467109375 0.26128472187499996 0.050914421875000004 0.2638888890625 0.026109635937499997 0.28472222187499996 0.014360115625 0.2907986109375 0.0065278265625 0.2916666671875 0 0.294560190625 0 0.3434400640625
1 0.15926942187499998 0.25 0.14360266875 0.24479166718749998 0.127938090625 0.24392361093749998 0.10574479375000001 0.246527778125 0.1005218171875 0.24913194375 0.09791032968749999 0.2552083328125 0.1018275609375 0.26215277812500004 0.12140937031250001 0.2717013890625 0.1396876125 0.27777777812500004 0.16057516562500002 0.2942708328125 0.165795965625 0.30902777812500004 0.165795965625 0.32118055624999997 0.15926942187499998 0.34809027812500004 0.164490221875 0.3541666671875 0.1723246859375 0.3541666671875 0.185377775 0.34722222187499996 0.201044528125 0.3177083328125 0.2101825609375 0.28819444375000003 0.20626532968750003 0.2682291671875 0.194517984375 0.25694444375000003 0.15926942187499998 0.25
1 0.2859004875 0.2560763890625 0.2637071890625 0.25 0.232375859375 0.25347222187499996 0.21801485 0.2578125 0.21279404999999998 0.2717013890625 0.21670910625 0.28472222187499996 0.24673686875 0.3098958328125 0.2637071890625 0.32899305624999997 0.270235909375 0.33246527812500004 0.28198325468749996 0.33246527812500004 0.3002614953125 0.32725694375000003 0.3133167609375 0.31597222187499996 0.31853756093749996 0.3020833328125 0.31723181718750004 0.2864583328125 0.302872984375 0.265625 0.2859004875 0.2560763890625
2 0.556135115625 0.29600694375000003 0.558746603125 0.2751736109375 0.553525803125 0.24826388906250002 0.5430820265625 0.238715278125 0.5287210171875001 0.23263888906250002 0.5130542640625 0.22916666718749998 0.5026104874999999 0.230902778125 0.4699734125 0.25086805624999997 0.4582238921875 0.25434027812500004 0.4190602734375 0.27430555624999997 0.36161841250000004 0.29774305624999997 0.340730859375 0.3098958328125 0.32114905 0.31597222187499996 0.2650129328125 0.34722222187499996 0.2532634125 0.35069444375000003 0.2206263375 0.36631944375000003 0.20757107343749998 0.3689236109375 0.1879892640625 0.37934027812500004 0.17885123125 0.3802083328125 0.16057516562500002 0.3880208328125 0.1475199015625 0.40190972187499996 0.1449084125 0.4114583328125 0.14621415625 0.4314236109375 0.164490221875 0.4557291671875 0.18146271875 0.47309027812500004 0.1906007515625 0.4791666671875 0.1958215515625 0.48003472187499996 0.2219320828125 0.49652777812500004 0.23629309062499998 0.5017361109375 0.2493461796875 0.503472221875 0.25587490156250003 0.5069444437499999 0.2859004875 0.5104166671875 0.2976500078125 0.5138888890625 0.309399528125 0.512152778125 0.32506628125 0.5147569437499999 0.3315928265625 0.511284721875 0.339425115625 0.5130208328125 0.39556123125 0.5017361109375 0.4543088359375 0.46961805625 0.483028678125 0.4470486109375 0.49869543125 0.4314236109375 0.5026104874999999 0.4236111109375 0.5130542640625 0.4157986109375 0.5326360734375 0.38715277812500004 0.5404705375 0.3654513890625 0.5509143140625 0.34809027812500004 0.557440859375 0.32118055624999997 0.556135115625 0.29600694375000003
1 0.6174942078125001 0.31944444375000003 0.627937984375 0.3020833328125 0.630547296875 0.2864583328125 0.626632240625 0.2786458328125 0.6187999515625 0.28038194375000003 0.6057446859375 0.2907986109375 0.593995165625 0.29600694375000003 0.5626638359375 0.3020833328125 0.5600523468749999 0.3072916671875 0.561358090625 0.31336805624999997 0.5809399015625 0.32725694375000003 0.6005217109375 0.328125 0.6096597421875 0.3255208328125 0.6174942078125001 0.31944444375000003
1 0.8420364953125 0.30555555624999997 0.8172317109374999 0.28993055624999997 0.8002613890625 0.26996527812500004 0.7845946359375 0.26909722187499996 0.75456905 0.28125 0.7480425046875 0.2873263890625 0.7454310171875 0.296875 0.7637070828125 0.3098958328125 0.774150859375 0.3229166671875 0.776762346875 0.3307291671875 0.7754566031250001 0.35850694375000003 0.7819853234374999 0.3611111109375 0.8002613890625 0.36284722187499996 0.82376043125 0.3619791671875 0.8420364953125 0.3567708328125 0.8629240499999999 0.34461805624999997 0.8759793140625 0.3255208328125 0.8759793140625 0.31597222187499996 0.8681470265625 0.31163194375000003 0.8616183062499999 0.31163194375000003 0.8420364953125 0.30555555624999997
1 0.988251546875 0.3177083328125 0.9856400593749999 0.2986111109375 0.9778077703125 0.2890625 0.96605825 0.2838541671875 0.93211543125 0.2838541671875 0.916448678125 0.2873263890625 0.9190601656249999 0.2951388890625 0.912533621875 0.2986111109375 0.9033934125 0.30902777812500004 0.9073106453124999 0.33246527812500004 0.920365909375 0.3420138890625 0.9268924546875 0.34375 0.9516972406249999 0.34375 0.9595295281249999 0.3420138890625 0.9843343140625 0.3255208328125 0.988251546875 0.3177083328125
1 0.992166603125 0.2708333328125 0.9843343140625 0.2630208328125 0.96736399375 0.23524305625 0.9530029843750001 0.223090278125 0.9425592078125 0.22569444375 0.93472691875 0.23177083281250002 0.9112278765624999 0.2595486109375 0.9020898453124999 0.2638888890625 0.89947835625 0.28038194375000003 0.9112278765624999 0.2829861109375 0.9582237843750001 0.2829861109375 0.97519628125 0.28559027812500004 0.9908608593749999 0.2829861109375 0.9947780906249999 0.28038194375000003 0.992166603125 0.2708333328125
1 0.8929496359375 0.21354166718749998 0.881200115625 0.207465278125 0.82898123125 0.20138888906250002 0.8054821890625 0.20920138906250002 0.8028728765625001 0.22048611093749998 0.809399421875 0.22916666718749998 0.8224546859374999 0.237847221875 0.8420364953125 0.24479166718749998 0.8563975046875001 0.245659721875 0.8720620828125 0.2421875 0.882505859375 0.23697916718749998 0.8942553796875 0.2265625 0.8955611234375 0.21875 0.8929496359375 0.21354166718749998
1 0.5104449515625 0.22135416718749998 0.5104449515625 0.21180555625 0.5065277187499999 0.20486111093749998 0.49086096562500003 0.1979166671875 0.4817229328125 0.19965277812499999 0.46866766875000004 0.21006944375 0.4699734125 0.222222221875 0.485640165625 0.230034721875 0.505221975 0.22743055625 0.5104449515625 0.22135416718749998
1 0.740208040625 0.19965277812499999 0.7336814953124999 0.19444444375 0.7258492078125001 0.1927083328125 0.7258492078125001 0.18836805625 0.72323771875 0.18836805625 0.72062623125 0.19357638906250002 0.7140996859375 0.19444444375 0.6971271890625 0.203125 0.6840741 0.22048611093749998 0.6814626125000001 0.2265625 0.6814626125000001 0.246527778125 0.68537766875 0.25347222187499996 0.6906006453125 0.2552083328125 0.7101824546875 0.2560763890625 0.7180147421874999 0.25347222187499996 0.734987240625 0.24305555625 0.741513784375 0.2265625 0.740208040625 0.19965277812499999
1 0.45039160312500004 0.21961805625 0.4647526125 0.21267361093749998 0.47127915624999994 0.19618055625 0.46866766875000004 0.18576388906250002 0.4595296359375 0.18055555625 0.44386505937500004 0.17795138906250002 0.415143040625 0.1796875 0.4033935203125 0.1848958328125 0.381200221875 0.19965277812499999 0.378590909375 0.20486111093749998 0.381200221875 0.21354166718749998 0.39164399843750003 0.21961805625 0.40208777500000004 0.22135416718749998 0.4373363375 0.222222221875 0.45039160312500004 0.21961805625
4 1 0.18810097812499998 0.9515797234375001 0.15251736093749999 0.9030800343750001 0.218472221875 0.8920617296875 0.28296875 0.9119068640625001 0.3459982640625 0.9736293890625 0.40022569375000006 1 0.41506407031250003 1 0.18810097812499998
1 0.7323757515625 0.29774305624999997 0.7180147421874999 0.2951388890625 0.703655909375 0.2838541671875 0.6971271890625 0.28211805624999997 0.68537766875 0.28211805624999997 0.6736303234375 0.28559027812500004 0.6396875046875 0.28993055624999997 0.6331587843750001 0.29340277812500004 0.629243728125 0.30121527812500004 0.629243728125 0.31163194375000003 0.634464528125 0.3255208328125 0.6422968171875 0.33506944375000003 0.6631843703125 0.3454861109375 0.6866834125 0.3498263890625 0.71540543125 0.34809027812500004 0.7310700078125 0.34288194375000003 0.742819528125 0.3342013890625 0.7506518171875001 0.3185763890625 0.7441252734375 0.30381944375000003 0.7323757515625 0.29774305624999997
1 0.47127915624999994 0.559027778125 0.483028678125 0.5529513890625 0.4921667109375 0.543402778125 0.49086096562500003 0.5338541671875 0.4791114453125 0.5286458328125 0.4425593140625 0.526909721875 0.413837296875 0.5321180562500001 0.41122798437499997 0.5390625 0.4203660171875 0.5529513890625 0.43603059375 0.5607638890625 0.456918146875 0.5616319437499999 0.47127915624999994 0.559027778125
1 0.702350165625 0.6267361109375 0.6971271890625 0.6241319437499999 0.6866834125 0.612847221875 0.6710188359375 0.6145833328125 0.664490115625 0.6197916671875 0.6631843703125 0.6336805562500001 0.6710188359375 0.6501736109375 0.6710188359375 0.6805555562500001 0.6958214453125 0.7005208328125 0.7271549515625 0.715277778125 0.75326330625 0.7239583328125 0.7676243140625 0.7248263890625 0.7937326687499999 0.71875 0.809399421875 0.706597221875 0.8224546859374999 0.7005208328125 0.8263697421874999 0.6935763890625 0.8211489421874999 0.6883680562500001 0.8002613890625 0.6814236109375 0.7624013374999999 0.6623263890625 0.7480425046875 0.6579861109375 0.741513784375 0.6493055562500001 0.7310700078125 0.6432291671875 0.7193204875 0.6310763890625 0.7101824546875 0.6258680562500001 0.702350165625 0.6267361109375
1 0.309399528125 0.6189236109375 0.302872984375 0.6163194437499999 0.28720623125 0.6145833328125 0.27284522187500004 0.6154513890625 0.25456915625 0.6241319437499999 0.2454311234375 0.6302083328125 0.240208146875 0.637152778125 0.21148830625 0.6553819437499999 0.21279404999999998 0.6623263890625 0.231070115625 0.683159721875 0.24151389218750002 0.6901041671875 0.25195766875 0.691840278125 0.29242920781250004 0.706597221875 0.301567240625 0.706597221875 0.3328985703125 0.6892361109375 0.3524803796875 0.675347221875 0.36292415624999996 0.6727430562500001 0.36945070156250004 0.6631944437499999 0.3563976125 0.6458333328125 0.3459538359375 0.6388888890625 0.32506628125 0.6302083328125 0.309399528125 0.6189236109375
4 0 0.772329359375 0.1126630609375 0.79217881875 0.17292532968750002 0.7889062499999999 0.20860261093750002 0.6637760421875 0.1889163421875 0.57053819375 0.1077425828125 0.5230989578125 0.045012457812500004 0.6474131937500001 0 0.717888915625 0 0.772329359375
1 0.0183635265625 0 0.044385701562500005 0.011284721875 0.0652732546875 0.0234375 0.07571703125 0.02256944375 0.0809400078125 0.0173611109375 0.0796342640625 0.0060763890625 0.07571703125 0.0008680562500000001 0.07422506250000001 0 0.0183635265625 0
2 0.800506215625 0 0.804178621875 0.0078125 0.804178621875 0.0251736109375 0.8107051656250001 0.059027778125 0.8146223984375001 0.06423611093750001 0.8328984640625 0.06770833281250001 0.8642297937500001 0.06770833281250001 0.8903403234375 0.06510416718749999 0.938641975 0.066840278125 0.9438649515625 0.06510416718749999 0.9582237843750001 0.06510416718749999 0.96605825 0.06857638906249999 0.9778077703125 0.06770833281250001 0.992166603125 0.0703125 1 0.07067589375 1 0 0.800506215625 0
1 0.7271549515625 0.0286458328125 0.7114881984375 0.0234375 0.6932121328124999 0.02256944375 0.68537766875 0.02430555625 0.6762396359375 0.0295138890625 0.6723245796875 0.03819444375 0.6723245796875 0.055555556250000006 0.6762396359375 0.06336805625 0.6892949015625 0.07291666718749999 0.7062673984375001 0.07899305625 0.72062623125 0.07986111093750001 0.740208040625 0.074652778125 0.7480425046875 0.065972221875 0.7493482499999999 0.0529513890625 0.740208040625 0.0373263890625 0.7271549515625 0.0286458328125
1 0.6942554234375 0 0.68798915625 0.004340278125 0.6749338921875 0.010416667187500001 0.65274059375 0.015625 0.65274059375 0.0234375 0.6592693140625 0.0260416671875 0.6801568687499999 0.027777778125000003 0.6932121328124999 0.02430555625 0.7323757515625 0.02256944375 0.7480425046875 0.013020832812499999 0.7571805375 0.0008680562500000001 0.7571805375 0 0.6942554234375 0
1 0.613576975 0.0407986109375 0.6187999515625 0.019097221875 0.6109654875 0.011284721875 0.6057446859375 0.010416667187500001 0.5757190999999999 0.012152778125 0.557440859375 0.01649305625 0.5496085703125 0.0217013890625 0.5509143140625 0.03125 0.558746603125 0.0451388890625 0.557440859375 0.05729166718749999 0.5443855937500001 0.078125 0.53785905 0.08333333281250001 0.53785905 0.09201388906249999 0.5430820265625 0.09548611093750001 0.5626638359375 0.10069444375 0.5731076125000001 0.105902778125 0.5926894218750001 0.10850694375 0.61227123125 0.105902778125 0.6422968171875 0.09201388906249999 0.6488255374999999 0.08506944375 0.64621405 0.07638888906249999 0.6240207515625 0.05729166718749999 0.613576975 0.0407986109375
1 0.48041718906249997 0.05208333281250001 0.47389064531249997 0.0364583328125 0.46344686875 0.03038194375 0.44647437031250004 0.0251736109375 0.42950404999999997 0.0260416671875 0.42167176093750003 0.0286458328125 0.40861649531250005 0.03819444375 0.40208777500000004 0.0494791671875 0.40208777500000004 0.06510416718749999 0.40600500781250004 0.07204861093750001 0.4255868171875 0.08506944375 0.43472485 0.08680555625 0.46344686875 0.08420138906249999 0.47519638906250006 0.07638888906249999 0.48041718906249997 0.065972221875 0.48041718906249997 0.05208333281250001
1 0.21516812968750001 0 0.2154055375 0.0026041671875 0.2232378265625 0.01649305625 0.232375859375 0.0251736109375 0.24281963593749997 0.03038194375 0.250651925 0.03125 0.288511975 0.01649305625 0.28720623125 0.0078125 0.270235909375 0.0008680562500000001 0.2692004703125 0 0.21516812968750001 0
1 0.35509186875 0.05729166718749999 0.36292415624999996 0.0407986109375 0.36161841250000004 0.027777778125000003 0.3459538359375 0.011284721875 0.3315928265625 0.0060763890625 0.3146203296875 0.0052083328125 0.271539478125 0.0217013890625 0.25456915625 0.03211805625 0.232375859375 0.035590278125 0.198433040625 0.035590278125 0.19190649531249998 0.03819444375 0.1736282546875 0.0703125 0.1723246859375 0.07725694375 0.185377775 0.1111111109375 0.193212240625 0.1171875 0.2023502734375 0.121527778125 0.232375859375 0.12934027812499999 0.2650129328125 0.12934027812499999 0.2989557515625 0.13628472187500001 0.3120110171875 0.13628472187500001 0.3237605375 0.13194444375 0.339425115625 0.12934027812499999 0.343342346875 0.12413194375 0.343342346875 0.11805555625 0.3342043140625 0.09895833281250001 0.335510059375 0.082465278125 0.35509186875 0.05729166718749999
1 0.6866834125 0.1302083328125 0.7101824546875 0.12673611093749998 0.716711175 0.1223958328125 0.7140996859375 0.105902778125 0.699738678125 0.098090278125 0.68537766875 0.097222221875 0.6775453796875001 0.1111111109375 0.665795859375 0.1189236109375 0.65013128125 0.125 0.6161884640624999 0.1276041671875 0.61227123125 0.12934027812499999 0.60705043125 0.1354166671875 0.6096597421875 0.1458333328125 0.6331587843750001 0.15711805625 0.6540463375 0.15798611093749998 0.667101603125 0.15625 0.6723245796875 0.15190972187500001 0.6762396359375 0.13715277812499999 0.6866834125 0.1302083328125
2 1 0.0951971265625 0.992166603125 0.08767361093750001 0.9817228265625 0.082465278125 0.96605825 0.0859375 0.89947835625 0.1119791671875 0.8903403234375 0.113715278125 0.8002613890625 0.1510416671875 0.7976499015625 0.15538194375 0.7989556453125 0.16579861093749998 0.8224546859374999 0.19184027812499999 0.8328984640625 0.19444444375 0.8524802734374999 0.18663194375 0.8616183062499999 0.18663194375 0.9151429328124999 0.16319444375 0.9295039421875 0.16059027812499999 0.9464742640624999 0.15017361093749998 0.9595295281249999 0.14756944375 0.96736399375 0.13975694375 0.9778077703125 0.13888888906250002 1 0.1311591078125 1 0.0951971265625
1 1 0.8339533953125 0.9608352734375 0.8289930562500001 0.9516972406249999 0.831597221875 0.9425592078125 0.8385416671874999 0.93211543125 0.8654513890625 0.933421175 0.8758680562500001 0.9582237843750001 0.8958333328125001 0.9986953234374999 0.9123263890625 1 0.9124420609375001 1 0.8339533953125
1 0.6201035203124999 0.9071180562500001 0.626632240625 0.90625 0.6331587843750001 0.8975694437499999 0.634464528125 0.8888888890625 0.626632240625 0.8802083328125001 0.613576975 0.8767361109375 0.6018274546875 0.8767361109375 0.57441335625 0.8819444437499999 0.557440859375 0.890625 0.561358090625 0.8975694437499999 0.57441335625 0.9045138890625 0.5913836781249999 0.909722221875 0.6109654875 0.9123263890625 0.6201035203124999 0.9071180562500001
1 0.416448784375 0.8498263890625 0.4373363375 0.8229166671874999 0.44386505937500004 0.8072916671874999 0.44386505937500004 0.7994791671875 0.42819830625 0.7986111109375 0.416448784375 0.8038194437499999 0.359006925 0.8020833328125001 0.309399528125 0.8046875 0.29242920781250004 0.7994791671875 0.2780681984375 0.8046875 0.27415096562499996 0.8029513890625 0.25456915625 0.8020833328125001 0.2493461796875 0.808159721875 0.2584863890625 0.816840278125 0.2624014453125 0.8298611109375 0.2806796859375 0.8532986109375 0.29242920781250004 0.8576388890625 0.301567240625 0.855902778125 0.308093784375 0.8602430562500001 0.348563146875 0.859375 0.35509186875 0.8611111109375 0.36031266875 0.8585069437499999 0.3733679328125 0.8576388890625 0.3994784640625 0.8585069437499999 0.416448784375 0.8498263890625
4 0.834321725 0.8357899312500001 0.8680425671875 0.81241319375 0.88000100625 0.8018142359375 0.06879876406249999 0.8018142359375 0.101527240625 0.829253471875 0.171267034375 0.8680555562500001 0.21253290156250002 0.8907638890625 0.2666189984375 0.9106423609375 0.31642225625 0.930512153125 0.359124440625 0.9399739578125 0.45020879843749995 0.9513281250000001 0.4658624953125 0.9532204859375 0.546984025 0.9465972218750001 0.629517934375 0.934487846875 0.74223194375 0.8875520828125 0.81211536875 0.8478993062500001 0.834321725 0.8357899312500001
1 0.6031331984375 0.980034721875 0.6044389421874999 0.9696180562500001 0.6018274546875 0.965277778125 0.5757190999999999 0.9539930562500001 0.5600523468749999 0.956597221875 0.553525803125 0.9618055562500001 0.5469970828124999 0.972222221875 0.5483028265625001 0.9895833328125001 0.557440859375 0.9947916671874999 0.5757190999999999 0.9939236109375 0.5861628765625 0.9904513890625 0.6031331984375 0.980034721875
4 0.1858240015625 1 0.1448300671875 0.9659288187499999 0.078968334375 0.9418489578125 0.026279382812500002 0.931987846875 0 0.931987846875 0 1 0.1858240015625 1
1 0.7258492078125001 0.15625 0.71540543125 0.15277777812499999 0.707570965625 0.15277777812499999 0.6971271890625 0.15798611093749998 0.6958214453125 0.1692708328125 0.703655909375 0.17534722187500001 0.72062623125 0.1796875 0.7467367609375 0.19097222187500001 0.7845946359375 0.1979166671875 0.7937326687499999 0.19704861093749998 0.79112335625 0.1875 0.7258492078125001 0.15625
2 0.6044389421874999 0.15190972187500001 0.5287210171875001 0.12673611093749998 0.505221975 0.1223958328125 0.49738968593750005 0.1276041671875 0.48041718906249997 0.1510416671875 0.4778057015625 0.15972222187500001 0.483028678125 0.1640625 0.49869543125 0.1692708328125 0.5104449515625 0.17621527812499999 0.5195829843750001 0.1770833328125 0.54177628125 0.18576388906250002 0.5509143140625 0.18663194375 0.57702266875 0.1979166671875 0.597910221875 0.203125 0.64751979375 0.22135416718749998 0.667101603125 0.222222221875 0.6801568687499999 0.21614583281250002 0.6971271890625 0.19097222187500001 0.6932121328124999 0.18055555625 0.64099325 0.16319444375 0.627937984375 0.16232638906250002 0.6044389421874999 0.15190972187500001
2 0 0.2565438296875 0.0065278265625 0.2595486109375 0.0274153796875 0.26215277812500004 0.053523734375 0.2604166671875 0.1018275609375 0.245659721875 0.1201036265625 0.2421875 0.1684074546875 0.245659721875 0.20626532968750003 0.2517361109375 0.21801485 0.2517361109375 0.25718064531249996 0.24479166718749998 0.2793739421875 0.21006944375 0.2832889984375 0.19965277812499999 0.2859004875 0.18055555625 0.2806796859375 0.1640625 0.27415096562499996 0.15538194375 0.2493461796875 0.13888888906250002 0.2375988359375 0.13368055625 0.2219320828125 0.1302083328125 0.1879892640625 0.1171875 0.1697131984375 0.105034721875 0.161880909375 0.089409721875 0.15143495625 0.082465278125 0.0992160734375 0.07638888906249999 0.07310771875 0.07638888906249999 0.044385701562500005 0.081597221875 0.0326361796875 0.08680555625 0.013054370312499999 0.10069444375 0.00130485 0.1145833328125 0 0.117682146875 0 0.2565438296875
2 0.9634467609374999 0.46527777812500004 0.9778077703125 0.42534722187499996 0.9778077703125 0.41493055625 0.96736399375 0.4079861109375 0.9595295281249999 0.4079861109375 0.9516972406249999 0.41319444375 0.9360304875000001 0.4123263890625 0.912533621875 0.4279513890625 0.9046991562500001 0.4270833328125 0.8968668687499999 0.43055555625 0.8903403234375 0.43055555625 0.883811603125 0.4348958328125 0.849868784375 0.4427083328125 0.8198431984375001 0.4427083328125 0.8028728765625001 0.4470486109375 0.7780680906249999 0.46440972187499996 0.7702358031250001 0.4670138890625 0.7624013374999999 0.4670138890625 0.75326330625 0.4748263890625 0.75456905 0.4861111109375 0.7650128265625 0.4973958328125 0.79112335625 0.5486111109375 0.7976499015625 0.566840278125 0.804178621875 0.573784721875 0.8067879328125 0.590277778125 0.8172317109374999 0.6189236109375 0.8211489421874999 0.6571180562500001 0.8302869749999999 0.6744791671875 0.8368156953125 0.6779513890625 0.882505859375 0.6727430562500001 0.8877288359375 0.675347221875 0.9046991562500001 0.6770833328125 0.9138371890625001 0.684027778125 0.9216716546875 0.6779513890625 0.9268924546875 0.6770833328125 0.9295039421875 0.6727430562500001 0.9425592078125 0.6770833328125 0.9516972406249999 0.6736111109375 0.9595295281249999 0.6736111109375 0.96736399375 0.6692708328125 0.96997330625 0.6640625 0.96605825 0.6336805562500001 0.9608352734375 0.6258680562500001 0.9608352734375 0.6189236109375 0.9543087281249999 0.605034721875 0.9530029843750001 0.5208333328125 0.9582237843750001 0.4982638890625 0.9543087281249999 0.4904513890625 0.9595295281249999 0.4869791671875 0.9634467609374999 0.46527777812500004
1 0.3877289421875 0.10243055625 0.378590909375 0.098090278125 0.3511746359375 0.09635416718749999 0.342036603125 0.09895833281250001 0.340730859375 0.1067708328125 0.3498688921875 0.120659721875 0.35378612343750004 0.13628472187500001 0.36031266875 0.1432291671875 0.377285165625 0.1536458328125 0.42689256093749994 0.171875 0.44647437031250004 0.171875 0.4699734125 0.15972222187500001 0.49999899843750006 0.1189236109375 0.49999899843750006 0.105034721875 0.49086096562500003 0.098090278125 0.483028678125 0.09895833281250001 0.44908585937499995 0.1119791671875 0.43472485 0.1119791671875 0.4203660171875 0.1145833328125 0.39817271875000004 0.1119791671875 0.3877289421875 0.10243055625
1 0.8120109093749999 0.14409722187500001 0.82376043125 0.13628472187500001 0.82376043125 0.121527778125 0.8159259656250001 0.113715278125 0.7950384125000001 0.105902778125 0.7806795796875 0.105034721875 0.771541546875 0.1111111109375 0.75587479375 0.11631944375 0.7467367609375 0.1223958328125 0.738904471875 0.13194444375 0.734987240625 0.1432291671875 0.734987240625 0.15451388906250002 0.7375987281249999 0.15798611093749998 0.75587479375 0.16232638906250002 0.7937326687499999 0.15451388906250002 0.8015671328125 0.14670138906250002 0.8120109093749999 0.14409722187500001
1 0.36161841250000004 0.17100694375 0.339425115625 0.1692708328125 0.31723181718750004 0.15190972187500001 0.308093784375 0.15190972187500001 0.28720623125 0.16579861093749998 0.288511975 0.17534722187500001 0.302872984375 0.1848958328125 0.3159260734375 0.21006944375 0.3237605375 0.21354166718749998 0.3459538359375 0.21180555625 0.36031266875 0.206597221875 0.37075644531249996 0.1979166671875 0.374673678125 0.18923611093749998 0.3733679328125 0.1770833328125 0.36161841250000004 0.17100694375
1 0 0.97048594375 0.020886659374999998 0.984375 0.03002686875 0.9861111109375 0.044385701562500005 0.9739583328125001 0.044385701562500005 0.957465278125 0.03524766875 0.953125 0.024803892187500003 0.9513888890625 0.00130485 0.953125 0 0.954426734375 0 0.97048594375
1 0.198433040625 0.9739583328125001 0.19973878437499998 0.9696180562500001 0.1958215515625 0.9548611109375 0.18146271875 0.949652778125 0.1710189421875 0.9539930562500001 0.164490221875 0.9635416671874999 0.16710171093749998 0.9756944437499999 0.180156975 0.9826388890625 0.198433040625 0.9739583328125001
1 0.32767559375 0.9895833328125001 0.32114905 0.948784721875 0.31723181718750004 0.941840278125 0.3133167609375 0.9401041671874999 0.29242920781250004 0.9392361109375 0.2859004875 0.9427083328125001 0.2780681984375 0.9557291671874999 0.270235909375 0.9817708328125001 0.27415096562499996 0.988715278125 0.2832889984375 0.9930555562500001 0.31723181718750004 0.9939236109375 0.32506628125 0.9921875 0.32767559375 0.9895833328125001
1 0.374673678125 0.9791666671874999 0.38511745468749997 0.9739583328125001 0.38511745468749997 0.957465278125 0.3720621890625 0.9513888890625 0.3563976125 0.953125 0.348563146875 0.9600694437499999 0.34725740312500003 0.9670138890625 0.3498688921875 0.973090278125 0.36031266875 0.9791666671874999 0.374673678125 0.9791666671874999
1 0.3599575453125 1 0.36292415624999996 0.995659721875 0.35509186875 0.9930555562500001 0.32245479375 0.9930555562500001 0.2845947421875 0.9991319437499999 0.283289725 1 0.3599575453125 1
1 0.716711175 1 0.702350165625 0.9947916671874999 0.6788511234375 0.9921875 0.6736303234375 0.9991319437499999 0.6736846390625 1 0.716711175 1
1 0.198433040625 0.8897569437499999 0.1892950078125 0.886284721875 0.180156975 0.878472221875 0.1697131984375 0.875 0.164490221875 0.875 0.16057516562500002 0.8810763890625 0.1344646359375 0.890625 0.127938090625 0.8958333328125001 0.127938090625 0.90625 0.13315889218750002 0.9140625 0.1501313890625 0.921875 0.1736282546875 0.921875 0.185377775 0.9131944437499999 0.198433040625 0.8984375 0.198433040625 0.8897569437499999
1 0.2650129328125 0.940972221875 0.270235909375 0.918402778125 0.2650129328125 0.9140625 0.25718064531249996 0.9123263890625 0.24151389218750002 0.9201388890625 0.21801485 0.917534721875 0.21148830625 0.9210069437499999 0.1827684640625 0.9244791671874999 0.17885123125 0.9279513890625 0.180156975 0.9375 0.238902403125 0.9782986109375 0.2493461796875 0.9774305562500001 0.25587490156250003 0.957465278125 0.2650129328125 0.940972221875
1 0.49477819843750004 0.9592013890625 0.5169714953125 0.9592013890625 0.53785905 0.9505208328125001 0.5404705375 0.941840278125 0.5300267609375 0.9357638890625 0.5104449515625 0.9348958328125001 0.49738968593750005 0.9392361109375 0.4699734125 0.9427083328125001 0.46736192499999996 0.9513888890625 0.47389064531249997 0.9557291671874999 0.49477819843750004 0.9592013890625
1 0.489555221875 0.8888888890625 0.5169714953125 0.8802083328125001 0.523498040625 0.875 0.526109528125 0.8671875 0.5195829843750001 0.8619791671874999 0.5013047421875 0.8602430562500001 0.486945909375 0.855902778125 0.483028678125 0.8524305562500001 0.46736192499999996 0.8532986109375 0.4425593140625 0.8645833328125001 0.4386420828125 0.870659721875 0.4386420828125 0.8767361109375 0.44386505937500004 0.8810763890625 0.46736192499999996 0.8888888890625 0.489555221875 0.8888888890625
1 0.4412535703125 0.9314236109375 0.46866766875000004 0.9114583328125001 0.47127915624999994 0.8967013890625 0.4647526125 0.8914930562500001 0.43994782656250003 0.8854166671874999 0.4229775046875 0.887152778125 0.416448784375 0.8923611109375 0.413837296875 0.9114583328125001 0.409922240625 0.917534721875 0.40469926406249995 0.9210069437499999 0.3929497421875 0.9227430562500001 0.382505965625 0.9270833328125001 0.382505965625 0.9383680562500001 0.4033935203125 0.9470486109375 0.42428107343750004 0.9479166671874999 0.42950404999999997 0.9461805562500001 0.4412535703125 0.9314236109375
1 0.3381193703125 0.9053819437499999 0.3642299015625 0.9071180562500001 0.3929497421875 0.890625 0.3942554875 0.8828125 0.3864231984375 0.878472221875 0.374673678125 0.878472221875 0.35378612343750004 0.887152778125 0.3368136265625 0.8897569437499999 0.32767559375 0.8975694437499999 0.3381193703125 0.9053819437499999
1 0.302872984375 0.8802083328125001 0.2859004875 0.8723958328125001 0.24281963593749997 0.8611111109375 0.23498734687499997 0.863715278125 0.2219320828125 0.8741319437499999 0.2245435703125 0.8819444437499999 0.24673686875 0.8932291671874999 0.2624014453125 0.894097221875 0.2767624546875 0.902777778125 0.28198325468749996 0.910590278125 0.2963442640625 0.918402778125 0.308093784375 0.9288194437499999 0.32506628125 0.9314236109375 0.3328985703125 0.9236111109375 0.3328985703125 0.9123263890625 0.32636984999999996 0.8993055562500001 0.302872984375 0.8802083328125001
1 0.21801485 0.8776041671874999 0.2375988359375 0.8611111109375 0.23629309062499998 0.8524305562500001 0.22584931406250003 0.84375 0.2154055375 0.84375 0.194517984375 0.863715278125 0.1892950078125 0.8767361109375 0.194517984375 0.8828125 0.20626532968750003 0.8819444437499999 0.21801485 0.8776041671874999
1 0.1566579328125 0.8263888890625 0.1357703796875 0.8203125 0.127938090625 0.8229166671874999 0.11096559375 0.8220486109375 0.1070505375 0.8298611109375 0.126632346875 0.84375 0.142296925 0.8489583328125001 0.15143495625 0.855034721875 0.17754548750000002 0.8585069437499999 0.1892950078125 0.8576388890625 0.1906007515625 0.8506944437499999 0.1827684640625 0.8411458328125001 0.1566579328125 0.8263888890625
1 0.1566579328125 0.8229166671874999 0.1723246859375 0.8211805562500001 0.1892950078125 0.8229166671874999 0.1906007515625 0.8133680562500001 0.1697131984375 0.8046875 0.157963678125 0.8020833328125001 0.12140937031250001 0.8020833328125001 0.10835410625 0.8072916671874999 0.10835410625 0.8185763890625 0.1122713375 0.8220486109375 0.1370761234375 0.8203125 0.1566579328125 0.8229166671874999
1 0.48433442187500003 0.8359375 0.49738968593750005 0.831597221875 0.49869543125 0.8220486109375 0.48041718906249997 0.8046875 0.46866766875000004 0.7994791671875 0.45039160312500004 0.7994791671875 0.43603059375 0.8272569437499999 0.4373363375 0.8376736109375 0.456918146875 0.8385416671874999 0.47519638906250006 0.8350694437499999 0.48433442187500003 0.8359375
1 0.556135115625 0.8289930562500001 0.5809399015625 0.8220486109375 0.60705043125 0.808159721875 0.60705043125 0.7994791671875 0.6044389421874999 0.7977430562500001 0.5783284125 0.7986111109375 0.557440859375 0.8038194437499999 0.5274152734374999 0.8177083328125001 0.5143600078125 0.8211805562500001 0.486945909375 0.8411458328125001 0.486945909375 0.8515625 0.489555221875 0.8532986109375 0.49999899843750006 0.8532986109375 0.5443855937500001 0.8376736109375 0.556135115625 0.8289930562500001
1 0.5809399015625 0.8515625 0.6161884640624999 0.8532986109375 0.627937984375 0.8463541671874999 0.631853040625 0.8368055562500001 0.6187999515625 0.8255208328125001 0.6096597421875 0.824652778125 0.6057446859375 0.8211805562500001 0.593995165625 0.8229166671874999 0.5874664453125 0.8211805562500001 0.5704961234375 0.828125 0.557440859375 0.8307291671874999 0.5483028265625001 0.8376736109375 0.553525803125 0.8454861109375 0.5600523468749999 0.848090278125 0.5809399015625 0.8515625
1 0.64621405 0.8116319437499999 0.634464528125 0.8046875 0.6174942078125001 0.8029513890625 0.613576975 0.8064236109375 0.613576975 0.815972221875 0.629243728125 0.8307291671874999 0.634464528125 0.8411458328125001 0.65013128125 0.8420138890625 0.669713090625 0.8506944437499999 0.6919063890625 0.8506944437499999 0.7062673984375001 0.847222221875 0.72062623125 0.8376736109375 0.6892949015625 0.828125 0.6631843703125 0.8229166671874999 0.6553520828125 0.8177083328125001 0.65013128125 0.816840278125 0.64621405 0.8116319437499999
1 0.7467367609375 0.801215278125 0.7062673984375001 0.7986111109375 0.68798915625 0.801215278125 0.6840741 0.8064236109375 0.68537766875 0.815972221875 0.6919063890625 0.824652778125 0.701044421875 0.831597221875 0.7101824546875 0.8289930562500001 0.7127939421875 0.8376736109375 0.71540543125 0.8385416671874999 0.7454310171875 0.8342013890625 0.7637070828125 0.8342013890625 0.7806795796875 0.824652778125 0.7845946359375 0.8177083328125001 0.7806795796875 0.8064236109375 0.7624013374999999 0.800347221875 0.7467367609375 0.801215278125
1 0.78851186875 0.863715278125 0.8015671328125 0.8541666671874999 0.8054821890625 0.8411458328125001 0.8015671328125 0.8289930562500001 0.79112335625 0.828125 0.7689300593749999 0.8333333328125001 0.75848628125 0.8420138890625 0.7597920265625 0.855034721875 0.7702358031250001 0.862847221875 0.7754566031250001 0.8645833328125001 0.78851186875 0.863715278125
1 0.5483028265625001 0.890625 0.54177628125 0.8854166671874999 0.523498040625 0.8836805562500001 0.49738968593750005 0.8897569437499999 0.4921667109375 0.8958333328125001 0.49608394218749996 0.9079861109375 0.5117485203125 0.9201388890625 0.5130542640625 0.926215278125 0.5274152734374999 0.9305555562500001 0.5430820265625 0.9435763890625 0.5600523468749999 0.9444444437499999 0.5861628765625 0.9357638890625 0.5848571328125 0.926215278125 0.556135115625 0.9149305562500001 0.5509143140625 0.9053819437499999 0.5483028265625001 0.890625
1 0.6775453796875001 0.9539930562500001 0.667101603125 0.941840278125 0.6579635703125 0.9375 0.64621405 0.940972221875 0.6383817609375 0.948784721875 0.6331587843750001 0.9592013890625 0.627937984375 0.9852430562500001 0.631853040625 0.9930555562500001 0.6396875046875 0.996527778125 0.6723245796875 0.996527778125 0.6814626125000001 0.988715278125 0.6775453796875001 0.9539930562500001
1 0.7140996859375 0.8854166671874999 0.7245434640624999 0.8758680562500001 0.72323771875 0.8680555562500001 0.7193204875 0.8645833328125001 0.7049616546874999 0.862847221875 0.6906006453125 0.8654513890625 0.667101603125 0.8732638890625 0.6383817609375 0.8880208328125001 0.6253264953125 0.9149305562500001 0.626632240625 0.9279513890625 0.634464528125 0.934027778125 0.6436025609375 0.9357638890625 0.6605750593749999 0.9192708328125001 0.668407346875 0.9140625 0.6736303234375 0.9131944437499999 0.6775453796875001 0.9053819437499999 0.68798915625 0.8975694437499999 0.6945178765625 0.8993055562500001 0.699738678125 0.8932291671874999 0.7140996859375 0.8854166671874999
1 0.699738678125 0.9288194437499999 0.6801568687499999 0.926215278125 0.6710188359375 0.9288194437499999 0.667101603125 0.9348958328125001 0.6736303234375 0.941840278125 0.6984329328125 0.9479166671874999 0.7219319750000001 0.949652778125 0.7571805375 0.9470486109375 0.7663185703125001 0.9427083328125001 0.771541546875 0.9357638890625 0.7663185703125001 0.9305555562500001 0.75456905 0.9288194437499999 0.699738678125 0.9288194437499999
1 0.787443334375 1 0.8028728765625001 0.9913194437499999 0.8067879328125 0.9791666671874999 0.8015671328125 0.9696180562500001 0.7806795796875 0.9557291671874999 0.7780680906249999 0.9505208328125001 0.7702358031250001 0.949652778125 0.7624013374999999 0.9557291671874999 0.75456905 0.9548611109375 0.740208040625 0.964409721875 0.734987240625 0.9739583328125001 0.741513784375 0.9791666671874999 0.7454310171875 0.988715278125 0.75587479375 0.996527778125 0.7663190046875 1 0.787443334375 1
1 0.82898123125 0.9157986109375 0.8276754875 0.9036458328125001 0.8159259656250001 0.8836805562500001 0.8002613890625 0.871527778125 0.7859003796875 0.8671875 0.772845115625 0.870659721875 0.7441252734375 0.8897569437499999 0.738904471875 0.8958333328125001 0.7323757515625 0.9123263890625 0.7323757515625 0.9210069437499999 0.7375987281249999 0.926215278125 0.7637070828125 0.925347221875 0.7689300593749999 0.9236111109375 0.8146223984375001 0.9270833328125001 0.8250661750000001 0.925347221875 0.82898123125 0.9157986109375
1 0.8616183062499999 0.9461805562500001 0.8720620828125 0.9401041671874999 0.8720620828125 0.9270833328125001 0.8603125609375001 0.918402778125 0.845953728125 0.917534721875 0.8342042078125 0.925347221875 0.8328984640625 0.9375 0.844647984375 0.9461805562500001 0.8616183062499999 0.9461805562500001
1 1 0.9613715890625001 0.9986953234374999 0.957465278125 0.9895551156250001 0.9583333328125001 0.9647525046875 0.9461805562500001 0.9490857515625001 0.9348958328125001 0.938641975 0.9192708328125001 0.9295039421875 0.9114583328125001 0.920365909375 0.909722221875 0.8890345796875 0.926215278125 0.883811603125 0.933159721875 0.885117346875 0.940972221875 0.8903403234375 0.9461805562500001 0.89947835625 0.9470486109375 0.9229773984375 0.9548611109375 0.93994771875 0.965277778125 0.9425592078125 0.9704861109375 0.9516972406249999 0.9756944437499999 0.9556144718749999 0.980902778125 0.96736399375 0.9817708328125001 1 0.9659117500000001 1 0.9613715890625001
1 0.9086163890625001 0.8272569437499999 0.8955611234375 0.823784721875 0.882505859375 0.824652778125 0.8746735703124999 0.8194444437499999 0.848563040625 0.8289930562500001 0.8420364953125 0.8350694437499999 0.8420364953125 0.8446180562500001 0.8472594718750001 0.855902778125 0.845953728125 0.875 0.8381192640625 0.8828125 0.8263697421874999 0.887152778125 0.8250661750000001 0.8932291671874999 0.8276754875 0.8993055562500001 0.8381192640625 0.90625 0.8616183062499999 0.9123263890625 0.883811603125 0.9140625 0.8981726125 0.910590278125 0.9073106453124999 0.910590278125 0.916448678125 0.9071180562500001 0.9295039421875 0.8984375 0.933421175 0.8897569437499999 0.9190601656249999 0.8828125 0.9086163890625001 0.8680555562500001 0.9073106453124999 0.8524305562500001 0.9112278765624999 0.831597221875 0.9086163890625001 0.8272569437499999
1 1 0.9133916781250001 0.988251546875 0.9123263890625 0.9843343140625 0.917534721875 0.9856400593749999 0.9236111109375 0.9947780906249999 0.9296875 1 0.9302661656250001 1 0.9133916781250001