1 0.23863532968749998 0.67897796875 0.21022791718749997 0.693182725 0.19886369375 0.7102280109375 0.19886369375 0.7357948921874999 0.21022791718749997 0.7386354234375 0.2244326734375 0.7272732984375 0.2471590234375 0.7272732984375 0.24431849218749999 0.7215901359375 0.278409065625 0.693182725 0.281249596875 0.6818185 0.23863532968749998 0.67897796875
1 0.3579544375 0.5994325968750001 0.3181828015625 0.593749434375 0.3096591078125 0.602273128125 0.3124996390625 0.6761353375 0.3835234171875 0.6761353375 0.40624976718749994 0.6136373515625 0.4034092359375 0.5994325968750001 0.3948855421875 0.593749434375 0.3863639484375 0.5994325968750001 0.3636355 0.593749434375 0.3579544375 0.5994325968750001
1 0.443180871875 0.3863633609375 0.41193082968750006 0.39488705468749996 0.3948855421875 0.417613403125 0.3948855421875 0.428977628125 0.4147734609375 0.42613709687499995 0.4602282578125 0.4034086484375 0.46306878906250004 0.38920389218749996 0.443180871875 0.3863633609375
1 0.4090902984375 0.4829540203125 0.3892044796875 0.4829540203125 0.3579544375 0.5028419375000001 0.3579544375 0.5142040625 0.42613558593749995 0.5085230000000001 0.42613558593749995 0.49999930625 0.4090902984375 0.4829540203125
1 0.19886369375 0.5482946359375 0.1306825453125 0.5539777984375001 0.12215885156249999 0.5596588609375 0.12215885156249999 0.5795446796875 0.201704225 0.5823873093749999 0.22727320468749998 0.5738636171875 0.2329542671875 0.5653399234375 0.2159089796875 0.5511372671875 0.19886369375 0.5482946359375
1 0.1477278328125 0.47159189531249995 0.12215885156249999 0.4772729578125 0.110794628125 0.48863718125 0.110794628125 0.49999930625 0.16477311875 0.49715877500000005 0.18181840625 0.4829540203125 0.18181840625 0.4744324265625 0.1477278328125 0.47159189531249995
1 0.267044840625 0.3721586046875 0.264204309375 0.3664775421875 0.23863532968749998 0.3664775421875 0.2357947984375 0.3778417671875 0.264204309375 0.3806822984375 0.267044840625 0.3721586046875
1 0.24431849218749999 0 0.24431849218749999 0.0142054796875 0.2528400859375 0.022727073437500002 0.269885371875 0.019886542187500002 0.272728003125 0.00852231875 0.2676141078125 0 0.24431849218749999 0
1 0.52272624375 0.83522818125 0.4886356703125 0.8465903062500001 0.48295460781250005 0.8607950625 0.4914783015625 0.9005687984374999 0.5056809578125 0.9119309234375 0.52840940625 0.9062498609375 0.5738642046875 0.866478225 0.5710236734375 0.855114 0.52272624375 0.83522818125
1 0.5426141624999999 0.7869328515625 0.5198857125 0.7926139140624999 0.5198857125 0.8096592015624999 0.53409046875 0.8238639578125 0.5568189171875 0.8181807953125 0.5568189171875 0.8068186703125001 0.5426141624999999 0.7869328515625
1 0.1614203265625 0.27488563125 0.1741197890625 0.293948471875 0.1958804 0.3175292890625 0.21039797187499998 0.338380846875 0.21855216406250003 0.32116550625 0.2158522953125 0.2975846875 0.2040618859375 0.2857669859375 0.194971346875 0.27488563125 0.17957411406249998 0.2630973203125 0.168665465625 0.2531250203125 0.1559932953125 0.2567612359375 0.1614203265625 0.27488563125
1 0.0988362640625 0.16244216250000001 0.0988362640625 0.1705963546875 0.10247247968749999 0.1851139265625 0.1169879515625 0.1787505484375 0.1251421453125 0.171505409375 0.118806059375 0.159715 0.0988362640625 0.16244216250000001
1 0.035084917187499995 0.437245190625 0.03235775625 0.437245190625 0.028721539062500002 0.4490335 0.0441481640625 0.4490335 0.053209312499999994 0.4472153921875 0.052329650000000005 0.43542708281250003 0.041421003125 0.4326978203125 0.035084917187499995 0.437245190625
1 0.08406256250000001 0.5179536484375 0.064999721875 0.5179536484375 0.0541183671875 0.52974405625 0.0686359375 0.5397163578125 0.08588067031249999 0.5351983812500001 0.08406256250000001 0.5179536484375
1 0.0710229921875 0.6221589453124999 0.10227303437499999 0.6164778828124999 0.10227303437499999 0.6249994765625 0.110794628125 0.6278400078125 0.110794628125 0.588068371875 0.10227303437499999 0.5568183296875 0.0767040546875 0.5511372671875 0.056818235937499996 0.5624993921875 0.0454540109375 0.5767041484375001 0.0511371734375 0.610794721875 0.0710229921875 0.6221589453124999
1 1 0.713067846875 0.9886363515625 0.70454485 0.9744315968749999 0.70170431875 0.9431815546875001 0.7102280109375 0.9147720421875001 0.7471591171874999 0.9034099171875001 0.784090221875 0.9090909796875 0.8380687124999999 0.9318173296875001 0.86931875625 0.9545457781250001 0.8863640421874999 0.9659100031250001 0.8835235109375 0.9914768828125 0.8210234265624999 1 0.8143268515625 1 0.713067846875
1 0.54545469375 0.7244327671875 0.5369309999999999 0.7443185859375 0.53977363125 0.7869328515625 0.5624999796875 0.8181807953125 0.602273715625 0.8380687124999999 0.6562501078125 0.8323855515625 0.7357954796875 0.83522818125 0.7500002359375 0.8295450203125 0.7727265859375 0.8068186703125001 0.7840908093750001 0.778409159375 0.778409746875 0.70170431875 0.7471597046875 0.6590900515625 0.7272717875 0.6505684578125 0.6420453515625 0.6477279265625 0.5767047359374999 0.6874995625 0.54545469375 0.7244327671875
1 0.8948862249999999 0.48011348906249995 0.86931724375 0.48011348906249995 0.8437503640624999 0.49715877500000005 0.8380672015625 0.51704459375 0.8551145874999999 0.52840881875 0.88636463125 0.5312493500000001 0.9119315109375 0.519887225 0.9119315109375 0.50568246875 0.8948862249999999 0.48011348906249995
1 0.795455034375 0.48863718125 0.7727265859375 0.48863718125 0.7386360109375001 0.5142040625 0.7386360109375001 0.52840881875 0.8096597890625 0.52840881875 0.8210219140625 0.519887225 0.8210219140625 0.5028419375000001 0.795455034375 0.48863718125
1 0.48295460781250005 0.51136353125 0.525568875 0.52840881875 0.5539762875 0.5255682875 0.5653405109375 0.50568246875 0.5653405109375 0.4829540203125 0.5539762875 0.4602276703125 0.53977363125 0.44602291406249994 0.4914783015625 0.42613709687499995 0.4659093203125 0.428977628125 0.446023503125 0.4403418515625 0.42897821562500005 0.45738713906250006 0.4204545234375 0.48863718125 0.42897821562500005 0.5085230000000001 0.48295460781250005 0.51136353125
1 0.4204545234375 0.33238696874999996 0.454545096875 0.35795385 0.49715936406249994 0.35795385 0.51704518125 0.34374909374999996 0.5198857125 0.31534168125 0.51420465 0.30397745781249996 0.45738562812500005 0.255682128125 0.4204545234375 0.235796309375 0.3892044796875 0.235796309375 0.3693186625 0.24999896562499999 0.35511390625 0.2727274140625 0.3636355 0.3181822125 0.4204545234375 0.33238696874999996
4 0.6327553671875 0.49025584375 0.45323925000000004 0.3807956671875 0.297784721875 0.5449712359375 0.6502562296875001 0.5296600796875001 0.6327553671875 0.49025584375
4 0.28474515 0.55394840625 0.10772735781250001 0.5521302984375 0.1332669453125 0.6607108125 0.28474515 0.55394840625
4 0 0 0 0.2820334296875 0.21931845781249998 0.36275525000000003 0.243736278125 0 0 0
4 1 0.6571615421875 0.8679547124999999 0.5927270109375 0.645112621875 0.5821311796875 0.46579595156250003 0.8767906328124999 0.6478734625 1 0.8749744890625 1 1 0.81687271875 1 0.6571615421875
1 0.869317221875 1 0.88636463125 0.9914762953125 0.9147720421875001 0.9659094140625 0.9261362671875 0.946023596875 0.9289767984375 0.9232951484375 0.9034099171875001 0.8892045734374999 0.88068146875 0.8863640421874999 0.8636361812500001 0.8920451046875 0.8238645453125001 0.9289783093749999 0.8125003203125001 0.954545190625 0.8125003203125001 0.9829547015625 0.8238645453125001 0.9999999890625 0.8238647046875001 1 0.869317221875 1
1 0.7517040859375 1 0.775569215625 0.960226253125 0.775569215625 0.9289783093749999 0.71875019375 0.8920451046875 0.68750015 0.8920451046875 0.6392048203125 0.9232951484375 0.6164763718749999 0.946023596875 0.602273715625 0.9687499453124999 0.602273715625 0.9971594578125 0.6047986671875 1 0.7517040859375 1
5 0.21082415625 0.2813077921875 0.220880434375 0.265795090625 0.2062788859375 0.2584953671875 0.1953114546875 0.270369753125 0.21082415625 0.2813077921875
5 0.344062496875 0.3132380515625 0.346789659375 0.316903659375 0.352273375 0.3242054828125 0.36411836875 0.3196308203125 0.35866404531249996 0.3105108890625 0.3540914828125 0.307756434375 0.344062496875 0.3132380515625
4 0 0.6833160765625 0.12704632968750001 0.6609942359375001 0 0.3491757328125 0 0.6833160765625
1 0.34090915 0.8607950625 0.3579544375 0.8721592875 0.37215919375 0.8749998187499999 0.3863639484375 0.866478225 0.36647813125 0.8238639578125 0.3465902125 0.8124997328125 0.2897732890625 0.8210234265624999 0.275568534375 0.83522818125 0.2897732890625 0.8465903062500001 0.34090915 0.8607950625
1 0.8125003203125001 0.6306826390625 0.8664767124999999 0.66761374375 0.9318173296875001 0.68465903125 0.9573863093750001 0.67897796875 0.963067371875 0.6647732125 0.960226840625 0.610794721875 0.9659100031250001 0.585227840625 0.960226840625 0.5681825546875 0.9261362671875 0.5426135734375 0.86931724375 0.5426135734375 0.8267050765624999 0.5710230859375 0.8011360968749999 0.605113659375 0.8011360968749999 0.6164778828124999 0.8125003203125001 0.6306826390625
1 0.8522719578125001 0.6874995625 0.8409098328125 0.70454485 0.8380672015625 0.7414780546874999 0.8437503640624999 0.7528401796875 0.8948862249999999 0.7471591171874999 0.8920456937499999 0.7102280109375 0.86931724375 0.6903400937499999 0.8522719578125001 0.6874995625
1 0.792614503125 0.693182725 0.792614503125 0.7130685421875 0.8096597890625 0.7215901359375 0.8238645453125001 0.7187496046875 0.8295456078125 0.70454485 0.8267050765624999 0.6874995625 0.8011360968749999 0.6818185 0.792614503125 0.693182725
1 0.6278405968749999 0.610794721875 0.6392048203125 0.6306826390625 0.6647717015625 0.6306826390625 0.6789764578125 0.6193184140625 0.6818190875 0.605113659375 0.6619311703124999 0.588068371875 0.6335237578124999 0.5823873093749999 0.6278405968749999 0.610794721875
1 0.6392048203125 0.6363637015625 0.602273715625 0.6363637015625 0.5965905546875 0.6448873953125001 0.5994310859375 0.6562495203125 0.6221595343749999 0.6619326812499999 0.6363642890625 0.6562495203125 0.6392048203125 0.6363637015625
1 0.36647813125 0.7443185859375 0.3295449265625 0.7499996484375 0.3124996390625 0.772728096875 0.3124996390625 0.7869328515625 0.3579544375 0.7926139140624999 0.3806807875 0.772728096875 0.3806807875 0.7528401796875 0.36647813125 0.7443185859375