1 0.7816083296875 0.7212649453125 0.795976359375 0.7327576703124999 0.80747120625 0.7298844890625 0.80747120625 0.7040237359375 0.795976359375 0.6867825265625 0.767242425 0.672414496875 0.7241383390625 0.675287678125 0.7270115203125 0.6867825265625 0.7614939390625 0.7155164593750001 0.7586207593750001 0.7212649453125 0.7816083296875 0.7212649453125
1 0.597701384375 0.6063228390625001 0.62068895625 0.6695391921875 0.6925291 0.6695391921875 0.69540228125 0.594827990625 0.686780615625 0.586206325 0.6465518328125001 0.5919548109375 0.640805471875 0.586206325 0.6178157765625001 0.5919548109375 0.6091962328125 0.586206325 0.600574565625 0.5919548109375 0.597701384375 0.6063228390625001
1 0.5402292703125 0.379309684375 0.5431024515625 0.3936777125 0.58907971875 0.4166674078125 0.6091962328125 0.41954058906249997 0.6091962328125 0.408045740625 0.5919550234375001 0.3850581703125 0.560345784375 0.376436503125 0.5402292703125 0.379309684375
1 0.6465518328125001 0.5057466374999999 0.6465518328125001 0.49425391406249997 0.6149425953125001 0.47413740000000004 0.5948282046875 0.47413740000000004 0.57758699375 0.491378609375 0.57758699375 0.5000002765625 0.6465518328125001 0.5057466374999999
1 0.8764360453125001 0.5459775437500001 0.80747120625 0.5402290578125 0.7902299968750001 0.5431043625 0.7729887875 0.5574702671875 0.7787351499999999 0.5660919343749999 0.8045980265624999 0.5747136 0.8850577124999999 0.5718382953125001 0.8850577124999999 0.5517239046875 0.8764360453125001 0.5459775437500001
1 0.8247124171875001 0.46551785625 0.8247124171875001 0.47413740000000004 0.8419536265625001 0.48850542812500003 0.8965525609375 0.491378609375 0.8965525609375 0.47988588437499996 0.8850577124999999 0.4683910375 0.8591948359374999 0.46264467500000006 0.8247124171875001 0.46551785625
1 0.7385063671875 0.36206847343750004 0.7413795484375 0.370690140625 0.77011560625 0.367816959375 0.767242425 0.3563221125 0.7413795484375 0.3563221125 0.7385063671875 0.36206847343750004
1 0.7341955625 0 0.7356331875000001 0.0057473078125 0.752874396875 0.0086204890625 0.7614939390625 9.453124999999999e-7 0.7614939390625 0 0.7341955625 0
1 0.5143685171875 0.8419534140625 0.47988609843749996 0.8304606890624999 0.43103352656249994 0.8505750796875 0.4281603453125 0.8620699281249999 0.4741376125 0.902298709375 0.4971273078125 0.908045071875 0.5114932125 0.8965523484375 0.5201148796874999 0.8563214421875 0.5143685171875 0.8419534140625
1 0.46839125 0.8189658421875 0.48275927812499997 0.8045978125 0.48275927812499997 0.787356603125 0.4597695828125 0.781610240625 0.4454015546875 0.8017246328125 0.4454015546875 0.81321735625 0.46839125 0.8189658421875
1 0.8114082937499999 0.26367742031249997 0.8022132640624999 0.2746838484375 0.7902873328125 0.28663738437499997 0.78755643125 0.310489246875 0.7958043499999999 0.327902465625 0.8104887906249999 0.30681123593750004 0.8324995234375001 0.2829593734375 0.84534495625 0.26367742031249997 0.8508343671875 0.2453446984375 0.8380165406250001 0.24166668750000003 0.82698250625 0.2517536125 0.8114082937499999 0.26367742031249997
1 0.8902880484375 0.1664373359375 0.9049703656249999 0.17287385625 0.9086483765625 0.1581894171875 0.9086483765625 0.149941496875 0.88844904375 0.1471829890625 0.8820401296875 0.15910892031249999 0.8902880484375 0.1664373359375
1 0.9667235828124999 0.42330354375 0.9556895484375 0.42606417499999993 0.9547997765625 0.43798798281250007 0.963965075 0.43982698906250006 0.9795690171875 0.43982698906250006 0.97589100625 0.42790318125000004 0.973132496875 0.42790318125000004 0.9667235828124999 0.42330354375
1 0.9235918906249999 0.509539321875 0.9217528843749999 0.5269822703125 0.9391958328125 0.531552178125 0.9538802734375 0.5214652531249999 0.9428738453125 0.509539321875 0.9235918906249999 0.509539321875
1 0.9051721031250001 0.5488507234375 0.8965525609375 0.5804599625 0.8965525609375 0.6206887437499999 0.9051721031250001 0.6178155624999999 0.9051721031250001 0.6091960203125 0.9367813421875001 0.6149423828125 0.9568957328125001 0.603447534375 0.9626442187500001 0.568965115625 0.9511493703125 0.5545970859375 0.9310349796875 0.5431043625 0.9051721031250001 0.5488507234375
1 0 0.8115768593749999 0.0057475203125 0.8160926609375 0.0316082734375 0.8793111375 0.0431031203125 0.88218431875 0.066092815625 0.864943109375 0.0890803875 0.8333338703125 0.09482675 0.7787349375 0.0833340265625 0.7413793359375 0.05459796875 0.7040237359375 0.0229887296875 0.69540206875 0.0086207015625 0.69827525 0 0.7047409734375 0 0.8115768593749999
1 0.4568964015625 0.7183917640625 0.4252871640625 0.681034040625 0.35919550624999996 0.640805259375 0.27298945625000004 0.6436784390625 0.2528729421875 0.6522979828125 0.22126370468749998 0.69540206875 0.2155173421875 0.7729885750000001 0.2270121890625 0.8017246328125 0.24999976093749998 0.8247122046875001 0.26436779062500004 0.8304606890624999 0.3448274765625 0.827585384375 0.3994242875 0.8333338703125 0.4396551921875 0.81321735625 0.4626427640625 0.781610240625 0.46551806874999996 0.7385061546875 0.4568964015625 0.7183917640625
1 0.12931129375 0.47126421875 0.1034484171875 0.47126421875 0.08620720625 0.4971270953125 0.08620720625 0.5114951234375 0.112067959375 0.5229878484375 0.1436771984375 0.5201146671875 0.16092053125 0.50861981875 0.1551720453125 0.48850542812500003 0.12931129375 0.47126421875
1 0.178161740625 0.49425391406249997 0.178161740625 0.5114951234375 0.189654465625 0.5201146671875 0.261494609375 0.5201146671875 0.261494609375 0.5057466374999999 0.2270121890625 0.47988588437499996 0.20402249375 0.47988588437499996 0.178161740625 0.49425391406249997
1 0.58333335625 0.47988588437499996 0.5747116890624999 0.448276646875 0.5574704796875001 0.4310354375 0.5373560890625 0.41954058906249997 0.5114932125 0.4166674078125 0.4626427640625 0.4367817984375 0.44827685937500006 0.451149828125 0.43678201093749996 0.47413740000000004 0.43678201093749996 0.4971270953125 0.44827685937500006 0.5172414859375001 0.47701079375 0.5201146671875 0.5201148796874999 0.50287345625 0.5747116890624999 0.5000002765625 0.58333335625 0.47988588437499996
1 0.6350569859374999 0.2385047015625 0.6149425953125001 0.22413879531249997 0.58333335625 0.22413879531249997 0.54597775625 0.24425318749999997 0.488505640625 0.29310363437500003 0.48275927812499997 0.3045984828125 0.485632459375 0.3333324171875 0.50574685 0.3477004453125 0.5488509374999999 0.3477004453125 0.58333335625 0.3218396921875 0.640805471875 0.30747166406250004 0.6494250140625 0.261494396875 0.6350569859374999 0.2385047015625
4 0.5501717937499999 0.37080481249999997 0.3685922734375 0.48152315156250003 0.35089025 0.5213803109375 0.7074131546875 0.53686745625 0.5501717937499999 0.37080481249999997
4 0.72060260625 0.5459478125 0.8738219390624999 0.6539373734375 0.8996550859375001 0.5441088078125 0.72060260625 0.5459478125
4 0.7630499734375 0 0.7867813296875 0.352557034375 1 0.2740802875 1 0 0.7630499734375 0
4 0.3490538828125 1 0.5374707609375 0.8725008703125001 0.3560929796875 0.5744545265625 0.13068948593750002 0.58517215 0 0.6489450859375 0 0.81610320625 0.1255508765625 1 0.3490538828125 1
1 0.09482675 0.8850574999999999 0.068965996875 0.9195399203125 0.071839178125 0.942529615625 0.0833340265625 0.96264400625 0.112067959375 0.988504759375 0.1350576546875 0.99999960625 0.1752864375 0.997126425 0.186781284375 0.979885215625 0.186781284375 0.9511491578125 0.1752864375 0.9252884046875 0.1350576546875 0.88793068125 0.11781644531249999 0.88218431875 0.09482675 0.8850574999999999
1 0.394316009375 1 0.3994242875 0.99425324375 0.3994242875 0.9655171875 0.3850583828125 0.942529615625 0.3620686875 0.9195399203125 0.3132182390625 0.88793068125 0.281609 0.88793068125 0.224136884375 0.9252884046875 0.224136884375 0.9568955203125 0.250000528125 1 0.394316009375 1
5 0.7852013999999999 0.254482390625 0.7953732671875 0.2701734 0.8110642765625 0.259109634375 0.79997078125 0.2470987609375 0.7852013999999999 0.254482390625
5 0.6403170515625 0.308936921875 0.6522981953125 0.3135641671875 0.6578449421875 0.3061784140625 0.6606034515625 0.302470671875 0.6504591890625 0.2969260484375 0.6458340687499999 0.2997121640625 0.6403170515625 0.308936921875
4 1 0.359979778125 0.8801140578125001 0.6542240546875 1 0.675287828125 1 0.359979778125
1 0.6178157765625001 0.8620699281249999 0.6321838046875 0.870689471875 0.6465518328125001 0.867816290625 0.6637930437499999 0.8563214421875 0.715516671875 0.8419534140625 0.7298847015625001 0.8304606890624999 0.715516671875 0.8160926609375 0.65804668125 0.80747099375 0.6379301671875 0.8189658421875 0.6178157765625001 0.8620699281249999
1 0.1982761328125 0.597701171875 0.17241325624999998 0.5632187531249999 0.12931129375 0.5344826953124999 0.071839178125 0.5344826953124999 0.037356759375 0.560345571875 0.0316082734375 0.57758678125 0.037356759375 0.603447534375 0.034483578125 0.6580464687500001 0.0402299390625 0.672414496875 0.066092815625 0.6781608593749999 0.1321844734375 0.6609196500000001 0.186781284375 0.6235640484375 0.1982761328125 0.6091960203125 0.1982761328125 0.597701171875
1 0.12931129375 0.683907221875 0.1063215984375 0.7040237359375 0.1034484171875 0.7413793359375 0.1551720453125 0.7471256984375 0.16092053125 0.7356329734375 0.1580452265625 0.69827525 0.146552503125 0.681034040625 0.12931129375 0.683907221875
1 0.1982761328125 0.675287678125 0.17241325624999998 0.681034040625 0.16954007499999998 0.69827525 0.1752864375 0.7126432781250001 0.189654465625 0.7155164593750001 0.206895675 0.7068969171874999 0.206895675 0.6867825265625 0.1982761328125 0.675287678125
1 0.3678150484375 0.5747136 0.339081115625 0.5804599625 0.31896460000000004 0.597701171875 0.3218399046875 0.6120692015625 0.336207934375 0.6235640484375 0.3620686875 0.6235640484375 0.373563534375 0.603447534375 0.3678150484375 0.5747136
1 0.4022995921875 0.6494248015624999 0.40517277343749997 0.637932078125 0.3994242875 0.6293104109375001 0.3620686875 0.6293104109375001 0.3649418671875 0.6494248015624999 0.379309896875 0.6551732875 0.4022995921875 0.6494248015624999
1 0.6235642609375 0.7471256984375 0.6235642609375 0.7672422125 0.6465518328125001 0.787356603125 0.6925291 0.781610240625 0.6925291 0.7672422125 0.675287890625 0.7442525171875001 0.6379301671875 0.7385061546875 0.6235642609375 0.7471256984375