1 1 0.6551576125 0.9661830531250001 0.6398591265625 0.9468605984374999 0.64685300625 0.9444433812499999 0.68181800625 0.956520734375 0.702797446875 1 0.7383708 1 0.6551576125
1 0.9444433812499999 1 0.9444433812499999 0.99650300625 0.9299509953125 0.96153800625 0.9492756328124999 0.9335668874999999 0.9468605984374999 0.9160832859375001 0.9202908593749999 0.912587446875 0.8623191296874999 0.930068846875 0.8502417781249999 0.9405585671875001 0.8574868796875 0.9685318875 0.8763282359375 1 0.9444433812499999 1
1 0.6304343968749999 0.9090916078125 0.6207720765625 0.8811182859375 0.57246485 0.8251738468750001 0.5531402125 0.8251738468750001 0.531400540625 0.849651328125 0.531400540625 0.8881121671875001 0.5386478265625 0.9230771671875001 0.5869572359374999 0.9510482859374999 0.606279690625 0.9510482859374999 0.61835704375 0.9405585671875001 0.6304343968749999 0.9090916078125
1 0.5893722703125001 0.125873846875 0.4855061640625 0.06293772656249999 0.4444440390625 0.020978846875000002 0.42995165156250004 0.024474685937499997 0.42753661875000004 0.0804191265625 0.4396139703125 0.12237800624999999 0.47584602968749995 0.1853141265625 0.5144931203125 0.2202791265625 0.57246485 0.22727300625 0.5990345890625 0.2167832859375 0.625604328125 0.19580384687500002 0.6521740671875 0.15734300625 0.6449267828125 0.1363635671875 0.5893722703125001 0.125873846875
0 0.9347832468749999 0.2517482859375 0.9468605984374999 0.2167832859375 0.9444433812499999 0.19230800625 0.9371982796875 0.1818182859375 0.8937189375000001 0.17482440625 0.8792265499999999 0.1853141265625 0.8743964828124999 0.21328744687499998 0.8792265499999999 0.23776272656250003 0.8985511890625 0.2762235671875 0.915458609375 0.2762235671875 0.9347832468749999 0.2517482859375
1 0.9202908593749999 0.7727274468750001 0.9516906671875001 0.7797213281250001 0.9661830531250001 0.7657335671875 0.975845371875 0.7307685671875 0.9589379515625 0.7097891265625 0.9492756328124999 0.71678300625 0.93623095625 0.7248254203125 0.925120928125 0.7356653843750001 0.9106285406250001 0.7587418875 0.9202908593749999 0.7727274468750001
1 0.8880095484374999 0 0.8937189375000001 0.0069932859375000005 0.9396133140625 0.03496440625 0.985507690625 0.03496440625 1 0.025281528125 1 0 0.8880095484374999 0
1 0.19323685 0.8181821671874999 0.16425207656250002 0.7832171671875 0.14251240625 0.7412582859375 0.1256028015625 0.6888118875 0.10869538125 0.6993016078125 0.0845406765625 0.7412582859375 0.06763325625 0.7867130062500001 0.0603859703125 0.8461532859374999 0.06763325625 0.8636368875 0.1062803484375 0.8881121671875001 0.1545897578125 0.8811182859375 0.1787444640625 0.85664300625 0.19323685 0.8286718875 0.19323685 0.8181821671874999
1 0.5061484609375 1 0.5120780875000001 0.9685318875 0.533815575 0.9370627265625 0.533815575 0.9230771671875001 0.521738221875 0.9160832859375001 0.46135364218749997 0.9160832859375001 0.43478172031250006 0.9265730062499999 0.415459265625 0.9580421671874999 0.41304423124999995 0.99650300625 0.414654446875 1 0.5061484609375 1
1 0.171497178125 0.1818182859375 0.1666671109375 0.15734300625 0.1473424734375 0.1118882859375 0.120772734375 0.08741300625000001 0.1014502796875 0.090908846875 0.1014502796875 0.1818182859375 0.089372928125 0.24475440625 0.070048290625 0.29020912656250003 0.070048290625 0.3076927265625 0.07487835781249999 0.3111885671875 0.120772734375 0.3076927265625 0.1545897578125 0.27971940625 0.171497178125 0.24475440625 0.171497178125 0.1818182859375
1 0.7270532171874999 0.3566432859375 0.683573875 0.3216782859375 0.6521740671875 0.27971940625 0.63768168125 0.27971940625 0.63768168125 0.34265772656250004 0.6521740671875 0.388112446875 0.683573875 0.4335671671875 0.6956512265625 0.440558846875 0.7294682515625001 0.43706300625 0.77294759375 0.388112446875 0.77294759375 0.370628846875 0.7270532171874999 0.3566432859375
1 0.635266646875 0.6958035671875 0.6449267828125 0.6608385671875 0.647344 0.5944066078125 0.625604328125 0.5349641265625 0.6135269765625 0.5349641265625 0.6014496234375 0.5839168875 0.5821249859375001 0.615383846875 0.541062859375 0.6643366078125 0.5144931203125 0.68181800625 0.5169081546875 0.6993016078125 0.560387496875 0.720278846875 0.6111119421875 0.720278846875 0.635266646875 0.6958035671875
1 0.7085359875 1 0.7294682515625001 0.9930071671875 0.75362295625 0.9755235671875001 0.775362628125 0.9370627265625 0.7922700484375 0.9265730062499999 0.7995173328125 0.9160832859375001 0.8019323671875 0.89160800625 0.7946850828125 0.884616328125 0.756037990625 0.884616328125 0.731883284375 0.89160800625 0.6690814875 0.9335668874999999 0.6449267828125 0.9580421671874999 0.640096715625 0.9790216078125 0.6449267828125 0.989511328125 0.6847811359375 1 0.7085359875 1
1 0.8816415843750001 0.5839168875 0.9202908593749999 0.57692300625 0.9444433812499999 0.527972446875 0.9444433812499999 0.4860135671875 0.926570821875 0.47272629374999997 0.9004836515625 0.479720175 0.8574868796875 0.527972446875 0.8574868796875 0.5594416078125 0.8816415843750001 0.5839168875
1 1 0.84725885 0.9903377578124999 0.8391616078125 0.8888888703125 0.8006985671875 0.8502417781249999 0.7727274468750001 0.8091796515624999 0.7692316078125 0.78743998125 0.7902088468749999 0.78743998125 0.8321677265625 0.8019323671875 0.8531471671874999 0.845411709375 0.8811182859375 0.9541057000000001 0.9160832859375001 0.98309265625 0.9405585671875001 0.995170009375 0.9440566078125 1 0.9410599796874999 1 0.84725885