1 0.49226881406249995 0.41494845312499995 0.4768045109375 0.4175247421875 0.4690712625 0.4252579890625 0.4690712625 0.4432985828125 0.5103094078125 0.44072229375000005 0.5103094078125 0.4226795109375 0.49226881406249995 0.41494845312499995
1 0.6314431703125 0.5438154640625 0.6056693296875 0.546391753125 0.5979382734375001 0.554122809375 0.6005145625 0.5695871140625 0.615978865625 0.57474188125 0.6391742265625 0.5721655921875 0.6417527062499999 0.5515465203125001 0.6314431703125 0.5438154640625
1 0.76288646875 0.22938118593749998 0.796391365625 0.2577313140625 0.82216520625 0.26804085 0.8350510312500001 0.2654645625 0.8298962624999999 0.226804896875 0.814431959375 0.206185825 0.788660309375 0.19845257656249998 0.7603101796875 0.21391688125 0.76288646875 0.22938118593749998
1 0.7989698453125 0.38144355625 0.7731960046874999 0.3788650765625 0.7603101796875 0.386598325 0.7603101796875 0.39948415000000004 0.7654649484375 0.4046389171875 0.7989698453125 0.4046389171875 0.8015461343749999 0.386598325 0.7989698453125 0.38144355625
1 0.6984529640625 0.23711443281250003 0.6778360828125 0.23453595312500003 0.6649480671875 0.23711443281250003 0.662371778125 0.255155025 0.6984529640625 0.26030979374999996 0.7061862109375 0.24742177812500002 0.6984529640625 0.23711443281250003
1 0.49999987187499995 0.4458770625 0.48711404687500004 0.4510318296875 0.466494975 0.4896914953125 0.46134020624999994 0.5180416234375 0.49226881406249995 0.5231963921875 0.507730928125 0.5025773203125 0.5103094078125 0.4690724234375 0.49999987187499995 0.4458770625
1 0.489690334375 0.11340219062500001 0.4690712625 0.11082371093750001 0.4561854375 0.1159784796875 0.45360915 0.1314427828125 0.4587639171875 0.1365975515625 0.49999987187499995 0.1365975515625 0.5025783500000001 0.126288015625 0.489690334375 0.11340219062500001
1 0.8453605671875 0.1572166234375 0.8195867265624999 0.1597929125 0.8118556703124999 0.172680928125 0.814431959375 0.1829904640625 0.850515334375 0.1829904640625 0.855670103125 0.1752572171875 0.8530938140625001 0.16237139218750002 0.8453605671875 0.1572166234375
1 0.1572154640625 0.252576546875 0.175258246875 0.2912362109375 0.19845360781250002 0.30412422656250004 0.2113394328125 0.30412422656250004 0.22938221718750001 0.2835051546875 0.22938221718750001 0.255155025 0.22164896875 0.23711443281250003 0.19845360781250002 0.21907165 0.16752499999999998 0.22165012812499998 0.1572154640625 0.23711443281250003 0.1572154640625 0.252576546875
1 0.0335054125 0.22165012812499998 0.025772165625 0.23453595312500003 0.025772165625 0.28608144375 0.0360817015625 0.31185528281249997 0.0567007734375 0.31185528281249997 0.067010309375 0.2912362109375 0.07989613437500001 0.2783503859375 0.07989613437500001 0.2577313140625 0.08762938125 0.24226701093749997 0.08247461406249999 0.22938118593749998 0.0515460046875 0.2164953609375 0.0335054125 0.22165012812499998
1 0.6907219078125 0.7860829890625001 0.7448458765625 0.8505164953125 0.7860818296875001 0.9123715203125 0.7989698453125 0.9175262890625 0.82216520625 0.8762881437500001 0.827319975 0.8453617265625001 0.82216520625 0.8092783499999999 0.8067009015625001 0.7783497421875001 0.788660309375 0.7577328609375 0.75000064375 0.734535309375 0.7087625 0.7319590203125 0.675257603125 0.7396900765625001 0.670102834375 0.75515438125 0.6907219078125 0.7860829890625001
1 0.56848225 1 0.5773192015624999 0.98969085 0.5773192015624999 0.9510311859374999 0.5515453609375001 0.8737118562499999 0.494845103125 0.788659278125 0.4716497421875 0.7783497421875001 0.44845438125000003 0.780928221875 0.42268054062499993 0.796392525 0.38917564375 0.835052190625 0.38917564375 0.8762881437500001 0.39948517968749997 0.8917524484375001 0.44329961406249996 0.9278358250000001 0.4561854375 0.98969085 0.46477566562500006 1 0.56848225 1
1 0.435566365625 0.2500002578125 0.435566365625 0.30412422656250004 0.4510306703125 0.3273195875 0.47422603125 0.34020541249999997 0.49999987187499995 0.34020541249999997 0.5257737109375 0.31958853125000003 0.52835 0.29896945937499997 0.52319523125 0.2757740984375 0.5644333765625 0.23711443281250003 0.56958814375 0.2113405921875 0.5644333765625 0.20103105625 0.5438143046875 0.180411984375 0.5257737109375 0.172680928125 0.48453556718749996 0.17783569531250001 0.4510306703125 0.2164953609375 0.435566365625 0.2500002578125
1 0.70103144375 0.680411340625 0.7448458765625 0.7319590203125 0.7577317015625 0.7371137890624999 0.770617525 0.734535309375 0.7912365984374999 0.7113399484375 0.8015461343749999 0.6829898203125 0.7989698453125 0.6520612109374999 0.783505540625 0.62113479375 0.76288646875 0.5979372421875 0.7448458765625 0.5902061859375001 0.7139172687500001 0.5902061859375001 0.6829886593750001 0.6056704890625 0.662371778125 0.6365969078125 0.6649480671875 0.662370746875 0.6855671390625 0.6778350515625 0.70103144375 0.680411340625
1 0.35824703593749996 0.726804253125 0.335051675 0.7706186859375 0.335051675 0.7860829890625001 0.34278273125 0.80154729375 0.368556571875 0.81443311875 0.3917519328125 0.81443311875 0.47422603125 0.7654639171875 0.49226881406249995 0.721649484375 0.489690334375 0.6855661078125 0.4716497421875 0.6726802828125 0.3943304125 0.6778350515625 0.376287628125 0.6855661078125 0.3659802828125 0.69587564375 0.35824703593749996 0.726804253125
1 0.2525775765625 0.4046389171875 0.2835061859375 0.4304127578125 0.30154677812499997 0.47938195937500006 0.31185631406250003 0.487113015625 0.3324731953125 0.487113015625 0.35051597968750003 0.47938195937500006 0.3711350515625 0.4510318296875 0.3788661078125 0.4226795109375 0.3711350515625 0.347938659375 0.3479375 0.3144337625 0.32732061875 0.30412422656250004 0.309277834375 0.30412422656250004 0.2757729375 0.31958853125000003 0.24484432968749997 0.3505149484375 0.23453698437499998 0.3762887890625 0.2525775765625 0.4046389171875
1 0 0.9409460484375 0.015464820312499999 0.93556688125 0.0335054125 0.9175262890625 0.11340103125 0.8711333765625 0.13402010312499998 0.8453617265625001 0.139174871875 0.8221641749999999 0.13402010312499998 0.8170094078125001 0.0515460046875 0.8247426546875 0 0.8247426546875 0 0.9409460484375
1 0.8376295109375 0.796392525 0.8298962624999999 0.835052190625 0.8324747421875 0.8737118562499999 0.8479390468749999 0.9097930406250001 0.8582463921875 0.9123715203125 0.8711344078125001 0.907216753125 0.9355679125 0.8298974234375001 0.9845371140625 0.7525780921874999 0.9871134015624999 0.729380540625 0.9793823453125 0.721649484375 0.9329894328125 0.7190731953125 0.9046393046875 0.726804253125 0.855670103125 0.7654639171875 0.8376295109375 0.796392525
1 0.5927835046875 0.1494855671875 0.5747429125 0.1649476796875 0.5747429125 0.1907215203125 0.5979382734375001 0.2164953609375 0.621133634375 0.22938118593749998 0.662371778125 0.22938118593749998 0.7268030921874999 0.21391688125 0.7680412375000001 0.19587628906250001 0.77577229375 0.1752572171875 0.7731960046874999 0.13917603125 0.7577317015625 0.1030926546875 0.7268030921874999 0.067009278125 0.7139172687500001 0.061856701562500005 0.688143428125 0.0644329890625 0.65463853125 0.1159784796875 0.5927835046875 0.1494855671875
1 0.438696678125 0 0.4304115984375 0.0231948453125 0.4304115984375 0.051547165625 0.44329961406249996 0.0824735828125 0.4716497421875 0.07731881406249999 0.507730928125 0.0360828609375 0.5267223328124999 0 0.438696678125 0
1 0.5902072171875 0.40206262812500004 0.5902072171875 0.4175247421875 0.603093040625 0.44072229375000005 0.6391742265625 0.4639176546875 0.6597932984375 0.4639176546875 0.670102834375 0.4510318296875 0.6829886593750001 0.39948415000000004 0.721650515625 0.3298958765625 0.721650515625 0.30412422656250004 0.7113409796875 0.2963909796875 0.6443289953125 0.2912362109375 0.62886688125 0.29896945937499997 0.621133634375 0.31185528281249997 0.6185573453125001 0.35566971718749996 0.5902072171875 0.40206262812500004
1 0.758201 1 0.7603101796875 0.9922671390625 0.7603101796875 0.9716502578125 0.7525769328125 0.9639170109374999 0.7190720359375 0.9716502578125 0.6850529875 1 0.758201 1
1 0 0.6141484609375001 0.0902056703125 0.592782475 0.128865334375 0.5721655921875 0.14175335 0.5592775765625 0.13659858281249998 0.528351159375 0.1159795109375 0.5025773203125 0.09278415 0.45360811874999996 0.074741365625 0.43814381406249997 0.04123646875 0.43298904687500006 0.028350643749999998 0.43814381406249997 0.015464820312499999 0.45618659843750003 0.007731571875 0.48453672656249996 0 0.49090367500000004 0 0.6141484609375001
1 0.55808776875 0 0.5747429125 0.0309280921875 0.6185573453125001 0.059278221875 0.646907475 0.0567019328125 0.662371778125 0.0309280921875 0.657613453125 0 0.55808776875 0
1 0.3698466796875 0 0.3659802828125 0.0025779640625 0.35824703593749996 0.03350438125 0.35824703593749996 0.072164046875 0.3659802828125 0.0850520625 0.386597165625 0.0850520625 0.39690670156249996 0.074742525 0.39690670156249996 0.0360828609375 0.40235330156250004 0 0.3698466796875 0
1 0.0887432828125 0 0.067010309375 0.061856701562500005 0.0567007734375 0.072164046875 0.061855540625000004 0.07731881406249999 0.0773198453125 0.074742525 0.0850509015625 0.0644329890625 0.10309368593749998 0.061856701562500005 0.1278346828125 0 0.0887432828125 0
1 0 0.176116734375 0.015464820312499999 0.17783569531250001 0.06443402031249999 0.206185825 0.10051520625000002 0.21907165 0.1159795109375 0.21907165 0.105669975 0.21391688125 0.0979389171875 0.18814523125 0.0850509015625 0.172680928125 0.04123646875 0.15206185625 0 0.1599165796875 0 0.176116734375
1 0.1159795109375 0.1365975515625 0.108248453125 0.14433079843750002 0.108248453125 0.172680928125 0.1185557984375 0.206185825 0.13402010312499998 0.19845257656249998 0.14690811875 0.1597929125 0.14690811875 0.14433079843750002 0.13659858281249998 0.1340212625 0.1159795109375 0.1365975515625
1 0.1865520484375 0 0.1857737109375 0.0018813140624999998 0.1917784796875 0.04907165 0.2147087703125 0 0.1865520484375 0
1 0.10945773125 0.068144071875 0.1014177828125 0.07917435625 0.1014177828125 0.086210953125 0.1104632734375 0.090230928125 0.1224990984375 0.07917435625 0.121495746875 0.0731695875 0.117499871875 0.06713853125 0.10945773125 0.068144071875
1 0 0.099043634375 0.012886340625000001 0.0953615984375 0.023195876562500002 0.0695877578125 0.0438149484375 0.0438139171875 0.04123646875 0.01804226875 0.0103100515625 0.01804226875 0 0.026633246875 0 0.099043634375
1 0.2783514171875 0.0644329890625 0.28092770625 0.09278311875 0.30412306718750004 0.126288015625 0.32732061875 0.1314427828125 0.3376279640625 0.126288015625 0.32732061875 0.0309280921875 0.306701546875 0.005154253125 0.29381353125 0.0025779640625 0.2783514171875 0.0644329890625
1 0.6874082734375 0 0.6855671390625 0.0025779640625 0.6855671390625 0.0128875 0.695876675 0.025773325000000003 0.721650515625 0.041237628124999995 0.7396911078125 0.059278221875 0.742267396875 0.0695877578125 0.7654649484375 0.07989729375 0.783505540625 0.067009278125 0.7938150765625 0.03350438125 0.79009219375 0 0.6874082734375 0
1 0.876288659375 0 0.8721640468749999 0.0041246140624999995 0.856443428125 0.010567525 0.8376295109375 0.025773325000000003 0.842784278125 0.041237628124999995 0.8659796390625001 0.0438139171875 0.8865987109375 0.0309280921875 0.8943297687499999 0.02061855625 0.8908933421875 0 0.876288659375 0
1 0.9525467031250001 0 0.9355679125 0.0360828609375 0.9329894328125 0.072164046875 0.9381442015625 0.07989729375 0.9793823453125 0.07989729375 1 0.065464584375 1 0 0.9525467031250001 0
1 0.52319523125 0.11855695937499999 0.52061894375 0.1340212625 0.554123840625 0.15463814375 0.56958814375 0.15463814375 0.56958814375 0.13917603125 0.554123840625 0.1082474234375 0.5412380156250001 0.1082474234375 0.52319523125 0.11855695937499999
1 0.309277834375 0.1572166234375 0.314432603125 0.172680928125 0.368556571875 0.21907165 0.3840208765625 0.2164953609375 0.40206146875000004 0.19587628906250001 0.40206146875000004 0.1829904640625 0.3943304125 0.1701024484375 0.35051597968750003 0.1314427828125 0.335051675 0.1314427828125 0.32216585000000003 0.13917603125 0.309277834375 0.1572166234375
1 0.2164942015625 0.15463814375 0.23195850468749998 0.1752572171875 0.26804188125 0.20360734531250002 0.2886587625 0.2113405921875 0.30412306718750004 0.1933 0.29123724218749997 0.1314427828125 0.2783514171875 0.11082371093750001 0.2525775765625 0.1082474234375 0.2190726796875 0.1340212625 0.2164942015625 0.15463814375
1 0.0850509015625 0.31185528281249997 0.10309368593749998 0.3221648203125 0.14175335 0.33505064375 0.15979394375 0.33247435625 0.1520628859375 0.3144337625 0.1108247421875 0.2886599234375 0.09278415 0.28608144375 0.0850509015625 0.2912362109375 0.0850509015625 0.31185528281249997
1 0.29123724218749997 0.280928865625 0.27319665 0.280928865625 0.26030863437499996 0.2886599234375 0.255153865625 0.31185528281249997 0.26804188125 0.31958853125000003 0.309277834375 0.29896945937499997 0.31185631406250003 0.2912362109375 0.29123724218749997 0.280928865625
1 0.35824703593749996 0.226804896875 0.3298969078125 0.23195966562499998 0.31185631406250003 0.255155025 0.314432603125 0.28608144375 0.3247421390625 0.293814690625 0.3453612109375 0.2886599234375 0.386597165625 0.26030979374999996 0.3840208765625 0.24226701093749997 0.35824703593749996 0.226804896875
1 0.42268054062499993 0.1829904640625 0.3943304125 0.23195966562499998 0.39690670156249996 0.24484548906249998 0.40721623749999997 0.255155025 0.42268054062499993 0.252576546875 0.4690712625 0.1907215203125 0.4690712625 0.17783569531250001 0.46134020624999994 0.1701024484375 0.435566365625 0.1701024484375 0.42268054062499993 0.1829904640625
1 0.7190720359375 0.24226701093749997 0.734536340625 0.2577313140625 0.75000064375 0.2654645625 0.7731960046874999 0.2654645625 0.7731960046874999 0.252576546875 0.7525769328125 0.22938118593749998 0.734536340625 0.2242264171875 0.716495746875 0.226804896875 0.7190720359375 0.24226701093749997
1 0.8402057984375 0.21391688125 0.860824871875 0.239690721875 0.8814439437500001 0.280928865625 0.896908246875 0.28608144375 0.922679896875 0.26804085 0.9252583765625 0.24226701093749997 0.9123703609374999 0.2113405921875 0.8917534796875 0.18556675312499998 0.8943297687499999 0.180411984375 0.8788654640625 0.17783569531250001 0.8453605671875 0.20103105625 0.8402057984375 0.21391688125
1 1 0.2265320828125 0.9922681703125 0.21391688125 0.9793823453125 0.2113405921875 0.9613395625000001 0.24484548906249998 0.9536085046875 0.280928865625 0.9793823453125 0.3891746140625 0.9948444593750001 0.39690786093749997 1 0.3932987625 1 0.2265320828125
1 0.8943297687499999 0.30412422656250004 0.889175 0.3247432984375 0.9097940718749999 0.39948415000000004 0.9201036078125 0.4046389171875 0.9329894328125 0.39948415000000004 0.95618479375 0.3762887890625 0.9613395625000001 0.3505149484375 0.9484537375000001 0.33247435625 0.9201036078125 0.31185528281249997 0.8943297687499999 0.30412422656250004
1 0.7242268046875 0.3092789953125 0.7190720359375 0.3247432984375 0.721650515625 0.35566971718749996 0.747422165625 0.3762887890625 0.7680412375000001 0.3762887890625 0.7989698453125 0.347938659375 0.8067009015625001 0.3144337625 0.7989698453125 0.293814690625 0.77577229375 0.2783503859375 0.77577229375 0.26804085 0.7654649484375 0.280928865625 0.75000064375 0.2835051546875 0.7242268046875 0.3092789953125
1 0.5644333765625 0.30412422656250004 0.5592786078125 0.31958853125000003 0.5798976796875001 0.34020541249999997 0.5979382734375001 0.3427838921875 0.6134025765625 0.33505064375 0.615978865625 0.3170100515625 0.5953597937499999 0.26804085 0.58247396875 0.26288608281250003 0.554123840625 0.2783503859375 0.554123840625 0.2886599234375 0.5644333765625 0.30412422656250004
1 0.206184665625 0.39432938125 0.20876314375 0.412372165625 0.23711327343750002 0.427834278125 0.247422809375 0.427834278125 0.255153865625 0.420103221875 0.2525775765625 0.39948415000000004 0.22938221718750001 0.38144355625 0.2164942015625 0.3840198453125 0.206184665625 0.39432938125
1 0.1159795109375 0.3634029640625 0.10051520625000002 0.3840198453125 0.10051520625000002 0.39948415000000004 0.1185557984375 0.412372165625 0.14175335 0.412372165625 0.1520628859375 0.39690786093749997 0.1494844078125 0.3762887890625 0.13402010312499998 0.3634029640625 0.1159795109375 0.3634029640625
1 0.2577323453125 0.4226795109375 0.23195850468749998 0.4432985828125 0.16494871093750002 0.46649394375000003 0.15979394375 0.47938195937500006 0.1855677828125 0.4948462625 0.2036083765625 0.4948462625 0.26804188125 0.474227190625 0.2783514171875 0.4639176546875 0.2783514171875 0.43298904687500006 0.26804188125 0.4226795109375 0.2577323453125 0.4226795109375
1 0.373711340625 0.45360811874999996 0.360825515625 0.46649394375000003 0.35309226875 0.481958246875 0.355670746875 0.49742255156250004 0.381442396875 0.49742255156250004 0.3943304125 0.47938195937500006 0.38917564375 0.45618659843750003 0.373711340625 0.45360811874999996
1 0.5386595359374999 0.427834278125 0.5128856953125001 0.461339175 0.5103094078125 0.4948462625 0.515464175 0.50000103125 0.5309284796875 0.50000103125 0.554123840625 0.46649394375000003 0.5644333765625 0.4432985828125 0.561854896875 0.427834278125 0.5386595359374999 0.427834278125
1 0.5592786078125 0.3917530921875 0.5644333765625 0.435567525 0.5721644328125 0.4458770625 0.5876287375 0.4458770625 0.5953597937499999 0.44072229375000005 0.5876287375 0.3917530921875 0.5721644328125 0.38144355625 0.5592786078125 0.3917530921875
1 0.5438143046875 0.3505149484375 0.52835 0.365979253125 0.52835 0.38144355625 0.536083246875 0.3917530921875 0.5463927828124999 0.39432938125 0.5798976796875001 0.3788650765625 0.5798976796875001 0.3634029640625 0.56958814375 0.353093428125 0.5438143046875 0.3505149484375
1 0.695876675 0.3762887890625 0.695876675 0.4046389171875 0.7268030921874999 0.435567525 0.7551554125 0.435567525 0.76288646875 0.40721739687499997 0.7525769328125 0.3840198453125 0.7319578609375 0.36082448437500003 0.7113409796875 0.36082448437500003 0.695876675 0.3762887890625
1 0.8015461343749999 0.3453601796875 0.7938150765625 0.35566971718749996 0.796391365625 0.3762887890625 0.827319975 0.3840198453125 0.8376295109375 0.3788650765625 0.8376295109375 0.36082448437500003 0.8298962624999999 0.347938659375 0.8195867265624999 0.34020541249999997 0.8015461343749999 0.3453601796875
1 1 0.4238839125 0.9948444593750001 0.420103221875 0.9304131437500001 0.41494845312499995 0.914948840625 0.4252579890625 0.9175251281250001 0.4510318296875 0.95618479375 0.4896914953125 1 0.507946278125 1 0.4238839125
1 0.9201036078125 0.4948462625 0.8943297687499999 0.4896914953125 0.8659796390625001 0.5051536078125001 0.8659796390625001 0.5206179125 0.8711344078125001 0.5257726796875 0.9278346656249999 0.5231963921875 0.9355679125 0.51546314375 0.9355679125 0.5051536078125001 0.9201036078125 0.4948462625
1 0.7989698453125 0.6288658500000001 0.8041246140625 0.6572159796875 0.8015461343749999 0.729380540625 0.80927938125 0.7371137890624999 0.850515334375 0.7319590203125 0.8582463921875 0.7036088921875 0.863401159375 0.6494849234375 0.8582463921875 0.5077320875 0.8402057984375 0.4948462625 0.8118556703124999 0.4948462625 0.8015461343749999 0.5025773203125 0.8015461343749999 0.546391753125 0.796391365625 0.5567012890624999 0.8015461343749999 0.56185605625 0.8041246140625 0.5979372421875 0.7989698453125 0.6288658500000001
1 1 0.5997223765624999 0.9768038656250001 0.5979372421875 0.9587632734374999 0.6056704890625 0.94329896875 0.62113479375 0.94329896875 0.6288658500000001 0.95618479375 0.6365969078125 0.9896896906249999 0.6365969078125 1 0.6345357218750001 1 0.5997223765624999
1 0.7525769328125 0.5051536078125001 0.7448458765625 0.5180416234375 0.7731960046874999 0.554122809375 0.7912365984374999 0.5592775765625 0.7989698453125 0.5489680406249999 0.7989698453125 0.5077320875 0.788660309375 0.4948462625 0.7731960046874999 0.4948462625 0.7525769328125 0.5051536078125001
1 0.7268030921874999 0.5257726796875 0.7139172687500001 0.5360822171875 0.7087625 0.5695871140625 0.7190720359375 0.587629896875 0.7525769328125 0.587629896875 0.770617525 0.5695871140625 0.7731960046874999 0.5515465203125001 0.7525769328125 0.528351159375 0.7268030921874999 0.5257726796875
1 0.7654649484375 0.45876288593750003 0.7293815718750001 0.481958246875 0.721650515625 0.4948462625 0.721650515625 0.5077320875 0.7268030921874999 0.51288685625 0.7448458765625 0.51288685625 0.7731960046874999 0.4948462625 0.7809270625 0.481958246875 0.7809270625 0.46649394375000003 0.7654649484375 0.45876288593750003
1 0.6829886593750001 0.47938195937500006 0.6494837625 0.47938195937500006 0.6417527062499999 0.487113015625 0.6391742265625 0.5257726796875 0.6804123718749999 0.528351159375 0.6907219078125 0.5231963921875 0.6907219078125 0.4948462625 0.6829886593750001 0.47938195937500006
1 0.6649480671875 0.554122809375 0.6520622421875 0.5721655921875 0.6520622421875 0.5850514171875 0.6829886593750001 0.5979372421875 0.6907219078125 0.5902061859375001 0.6907219078125 0.567010825 0.6778360828125 0.554122809375 0.6649480671875 0.554122809375
1 0.5721644328125 0.44845335000000003 0.5644333765625 0.4690724234375 0.56958814375 0.5206179125 0.58247396875 0.5335059281250001 0.6005145625 0.528351159375 0.6056693296875 0.51288685625 0.6056693296875 0.4690724234375 0.5902072171875 0.4458770625 0.5721644328125 0.44845335000000003
1 0.49999987187499995 0.51546314375 0.48711404687500004 0.5360822171875 0.48711404687500004 0.554122809375 0.494845103125 0.56185605625 0.5412380156250001 0.5438154640625 0.5438143046875 0.51546314375 0.536083246875 0.5051536078125001 0.52061894375 0.5051536078125001 0.49999987187499995 0.51546314375
1 0.34278273125 0.5438154640625 0.35309226875 0.5567012890624999 0.373711340625 0.56185605625 0.4097947171875 0.5592775765625 0.4175257734375 0.5515465203125001 0.4175257734375 0.528351159375 0.40721623749999997 0.51288685625 0.38917564375 0.5025773203125 0.3634018046875 0.49742255156250004 0.3453612109375 0.5103083765624999 0.34278273125 0.5438154640625
1 0.1520628859375 0.608246778125 0.13402010312499998 0.608246778125 0.1159795109375 0.6314443296875 0.11340103125 0.6494849234375 0.128865334375 0.654639690625 0.1494844078125 0.6494849234375 0.1701034796875 0.6340206187499999 0.1701034796875 0.6237110828125 0.1520628859375 0.608246778125
1 0 0.688144071875 0.0025768046875 0.6907208765624999 0.018041107812500002 0.6907208765624999 0.0515460046875 0.6469064437500001 0.054124484375000004 0.62113479375 0.04123646875 0.613401546875 0 0.6155728578125 0 0.688144071875
1 0.0850509015625 0.7164947171875 0.0438149484375 0.726804253125 0.023195876562500002 0.762887628125 0.023195876562500002 0.7783497421875001 0.0335054125 0.7860829890625001 0.0489697171875 0.7860829890625001 0.0850509015625 0.7706186859375 0.10309368593749998 0.7499996140625 0.10309368593749998 0.729380540625 0.0850509015625 0.7164947171875
1 0.4690712625 0.6314443296875 0.4587639171875 0.6572159796875 0.4639164953125 0.6726802828125 0.507730928125 0.69329935625 0.52061894375 0.680411340625 0.5180404640625 0.659794459375 0.4974235828125 0.6288658500000001 0.47938079843750003 0.6262895625 0.4690712625 0.6314443296875
1 0.6443289953125 0.6520612109374999 0.6056693296875 0.6572159796875 0.603093040625 0.6881445875 0.6108240984375 0.6984541234375 0.6520622421875 0.69587564375 0.65463853125 0.6649492265625 0.6443289953125 0.6520612109374999
1 0.662371778125 0.6907208765624999 0.6494837625 0.7036088921875 0.6391742265625 0.726804253125 0.6417527062499999 0.75515438125 0.65463853125 0.7577328609375 0.688143428125 0.7371137890624999 0.716495746875 0.729380540625 0.7190720359375 0.7190731953125 0.7113409796875 0.7036088921875 0.6829886593750001 0.6881445875 0.662371778125 0.6907208765624999
1 0.8170104374999999 0.7396900765625001 0.8067009015625001 0.7499996140625 0.8067009015625001 0.7706186859375 0.8247414953125001 0.793814046875 0.8350510312500001 0.793814046875 0.8530938140625001 0.76804020625 0.8530938140625001 0.7525780921874999 0.8453605671875 0.7371137890624999 0.8170104374999999 0.7396900765625001
1 0.8788654640625 0.6443301546875 0.860824871875 0.6675255156250001 0.860824871875 0.7036088921875 0.8737106953125 0.7164947171875 0.9072155921875 0.708763659375 0.9252583765625 0.6829898203125 0.922679896875 0.6520612109374999 0.9020608250000001 0.6391753859375 0.8788654640625 0.6443301546875
1 0.1958773203125 0.8041235828125 0.1855677828125 0.793814046875 0.1494844078125 0.7912377578124999 0.128865334375 0.8067020625 0.14432963906250001 0.8195878859375 0.18814407187499999 0.8118546390624999 0.1958773203125 0.8041235828125
1 0.22164896875 0.788659278125 0.20876314375 0.80154729375 0.201029896875 0.8247426546875 0.206184665625 0.8634023203125001 0.2268037375 0.8634023203125001 0.2577323453125 0.835052190625 0.2628871140625 0.8092783499999999 0.247422809375 0.7860829890625001 0.22164896875 0.788659278125
1 0.1520628859375 0.8969072171875 0.13659858281249998 0.9201025765624999 0.13659858281249998 0.94845270625 0.14175335 0.9536074749999999 0.16494871093750002 0.9536074749999999 0.1907225515625 0.9329905921874999 0.2164942015625 0.8840213921875 0.2139179125 0.8685570874999999 0.1958773203125 0.8685570874999999 0.1520628859375 0.8969072171875
1 0.0360817015625 1 0.0360817015625 0.9381453609375001 0 0.9405498531250001 0 0.984527325 5.15625e-7 0.9845360828124999 0.0033137421875000005 1 0.0360817015625 1
1 0.481959278125 0.7499996140625 0.47938079843750003 0.773194975 0.5025783500000001 0.7860829890625001 0.5180404640625 0.7860829890625001 0.52319523125 0.7783497421875001 0.52061894375 0.7499996140625 0.49999987187499995 0.726804253125 0.49226881406249995 0.726804253125 0.481959278125 0.7499996140625
1 0.5927835046875 0.7912377578124999 0.5773192015624999 0.80154729375 0.5798976796875001 0.8170094078125001 0.5902072171875 0.8273189437499999 0.608247809375 0.8170094078125001 0.608247809375 0.7989688140625 0.5927835046875 0.7912377578124999
1 0.554123840625 0.8402069593749999 0.5567001281249999 0.8762881437500001 0.5850524484374999 0.894330928125 0.615978865625 0.894330928125 0.6314431703125 0.8685570874999999 0.62886688125 0.855669071875 0.6056693296875 0.8453617265625001 0.5798976796875001 0.8221641749999999 0.567009665625 0.8221641749999999 0.554123840625 0.8402069593749999
1 0.6108240984375 0.8969072171875 0.6005145625 0.9175262890625 0.6056693296875 0.9458764171875 0.62886688125 0.9690717781249999 0.662371778125 0.961340721875 0.670102834375 0.9432979375 0.662371778125 0.914947809375 0.6417527062499999 0.8917524484375001 0.6108240984375 0.8969072171875
1 0.6804123718749999 0.8891761593749999 0.7087625 0.9510311859374999 0.7242268046875 0.9664954890624999 0.7396911078125 0.9664954890624999 0.7448458765625 0.9587622421875001 0.7448458765625 0.9381453609375001 0.6932981953125 0.8608238406250001 0.6443289953125 0.762887628125 0.621133634375 0.734535309375 0.6056693296875 0.734535309375 0.5979382734375001 0.75515438125 0.6056693296875 0.7783497421875001 0.6237121140624999 0.7989688140625 0.621133634375 0.8067020625 0.6804123718749999 0.8891761593749999
1 0.412371146875 1 0.42268054062499993 0.9716502578125 0.42268054062499993 0.9432979375 0.4175257734375 0.9381453609375001 0.40463994843749995 0.9381453609375001 0.34278273125 0.9793813140625 0.3436422390625 1 0.412371146875 1
1 0.26702214375 1 0.3614170109375 0.9209021906249999 0.36309291250000003 0.915026675 0.3270884015625 0.91628853125 0.26474265468749997 0.9673454890625001 0.25638334218750003 1 0.26702214375 1
1 0.3057463921875 0.8367784796875 0.3065985828125 0.8484791234375001 0.33296391718749996 0.9033238406249999 0.3471904640625 0.9033238406249999 0.3547155921875 0.897448325 0.348866365625 0.8756966500000001 0.3421649484375 0.8556186859375 0.331288015625 0.8418039953124999 0.3182992265625 0.8212878859374999 0.3057463921875 0.8367784796875
1 0.2697681703125 0.8957724234375 0.261804896875 0.8911850515624999 0.2429887890625 0.90749935625 0.226236340625 0.9321909796875 0.22876224218750002 0.9480934281250001 0.244664690625 0.9489171390625 0.257217525 0.9346905921875001 0.26724226875 0.914612628125 0.2697681703125 0.8957724234375
1 0.52835 0.6494849234375 0.548969071875 0.6649492265625 0.56958814375 0.6675255156250001 0.5876287375 0.662370746875 0.603093040625 0.6391753859375 0.608247809375 0.592782475 0.5953597937499999 0.5592775765625 0.5773192015624999 0.5515465203125001 0.536083246875 0.5515465203125001 0.5103094078125 0.5592775765625 0.4974235828125 0.57474188125 0.49999987187499995 0.5953609531249999 0.5103094078125 0.6237110828125 0.52835 0.6494849234375
4 0.050061871875 0 0 0.1193153125 0 0.17315540000000001 0.1224990984375 0.2165720359375 0.21717880625000002 0 0.050061871875 0
4 0.2999052140625 1 0.3635573453125 0.920669975 0.301108634375 0.7998976796874999 0.1475325515625 1 0.2999052140625 1
4 1 0.7307374078125 0.9090470359375 0.874844459375 1 0.86436326875 1 0.7307374078125
1 0.9278346656249999 0.1082474234375 0.9097940718749999 0.1288664953125 0.9097940718749999 0.180411984375 0.9252583765625 0.20103105625 0.9587632734374999 0.1933 0.9768038656250001 0.1752572171875 0.9793823453125 0.14433079843750002 0.9716490984374999 0.1159784796875 0.9613395625000001 0.105671134375 0.9407226796874999 0.1030926546875 0.9278346656249999 0.1082474234375
1 0.8015461343749999 0.1030926546875 0.7938150765625 0.1082474234375 0.7809270625 0.1417523203125 0.7860818296875001 0.1597929125 0.8118556703124999 0.1572166234375 0.8324747421875 0.1365975515625 0.8195867265624999 0.1082474234375 0.8015461343749999 0.1030926546875
1 0.376287628125 0.14433079843750002 0.38917564375 0.1572166234375 0.427835309375 0.1649476796875 0.45360915 0.1597929125 0.45360915 0.14433079843750002 0.435566365625 0.1340212625 0.4123710046875 0.105671134375 0.3943304125 0.1082474234375 0.376287628125 0.09278311875 0.3659802828125 0.0953615984375 0.376287628125 0.14433079843750002
1 0.4175257734375 0.3505149484375 0.3917519328125 0.3634029640625 0.381442396875 0.3891746140625 0.4097947171875 0.4304127578125 0.4304115984375 0.435567525 0.44072113437500005 0.4304127578125 0.4639164953125 0.40206262812500004 0.466494975 0.3634029640625 0.46134020624999994 0.35824819531249996 0.4175257734375 0.3505149484375
1 0.8788654640625 0.373710309375 0.8350510312500001 0.3917530921875 0.796391365625 0.4226795109375 0.7938150765625 0.435567525 0.8195867265624999 0.4458770625 0.8711344078125001 0.4510318296875 0.8917534796875 0.420103221875 0.8943297687499999 0.3788650765625 0.8788654640625 0.373710309375
1 0.376287628125 0.5953609531249999 0.368556571875 0.62113479375 0.4097947171875 0.6520612109374999 0.44587590156249995 0.659794459375 0.4716497421875 0.6185563140625 0.4716497421875 0.600515721875 0.44845438125000003 0.5644323453125 0.4201020625 0.5592775765625 0.3943304125 0.57474188125 0.376287628125 0.5953609531249999
1 0.9664943296875 0.662370746875 0.9381442015625 0.6649492265625 0.922679896875 0.6855661078125 0.922679896875 0.7036088921875 0.9329894328125 0.7139184281250001 0.981958634375 0.7139184281250001 0.9896896906249999 0.7061851796874999 0.9896896906249999 0.680411340625 0.9664943296875 0.662370746875
1 0.0979371140625 1 0.105669975 0.9922671390625 0.10309368593749998 0.9716502578125 0.0865975515625 0.964690334375 0.0721650765625 0.968556959375 0.0515460046875 0.99484561875 0.05326413125 1 0.0979371140625 1
1 0.9664947171874999 1 0.969072809375 0.9974219078125 0.9664943296875 0.9097930406250001 0.9587632734374999 0.902061984375 0.9097940718749999 0.894330928125 0.8711344078125001 0.9097930406250001 0.8479390468749999 0.9458764171875 0.842784278125 0.9690717781249999 0.8479390468749999 0.976805025 0.8943304046874999 1 0.9664947171874999 1
5 0.7525769328125 0.22938118593749998 0.7525769328125 0.2113405921875 0.737112628125 0.21391688125 0.742267396875 0.22938118593749998 0.7525769328125 0.22938118593749998
5 0.5592786078125 0.3376291234375 0.5438143046875 0.3376291234375 0.5438143046875 0.3505149484375 0.561854896875 0.3505149484375 0.5592786078125 0.3376291234375
5 0.355670746875 0.2164953609375 0.35051597968750003 0.2087621140625 0.335051675 0.21391688125 0.3376279640625 0.226804896875 0.35309226875 0.226804896875 0.355670746875 0.2164953609375
5 0.554123840625 0.1082474234375 0.554123840625 0.0953615984375 0.5386595359374999 0.09278311875 0.536083246875 0.1082474234375 0.554123840625 0.1082474234375
5 0.08762938125 0.9536074749999999 0.08247461406249999 0.9458764171875 0.06958659843750001 0.9510311859374999 0.06958659843750001 0.9639170109374999 0.0850509015625 0.9639170109374999 0.08762938125 0.9536074749999999
5 0.2628871140625 0.0902068296875 0.255153865625 0.0953615984375 0.2525775765625 0.105671134375 0.2577323453125 0.11082371093750001 0.27319665 0.11082371093750001 0.2706181703125 0.09278311875 0.2628871140625 0.0902068296875
5 0.0567007734375 0.7396900765625001 0.054124484375000004 0.7242257734375 0.038660179687500004 0.729380540625 0.04123646875 0.74226855625 0.0567007734375 0.7396900765625001
5 0.4304115984375 0.347938659375 0.427835309375 0.33505064375 0.4123710046875 0.33505064375 0.414949484375 0.353093428125 0.4304115984375 0.347938659375
5 0.1520628859375 0.5902061859375001 0.139174871875 0.5902061859375001 0.13402010312499998 0.5979372421875 0.13659858281249998 0.608246778125 0.154639175 0.6056704890625 0.1520628859375 0.5902061859375001
5 0.13402010312499998 0.3505149484375 0.1185557984375 0.3453601796875 0.1159795109375 0.36082448437500003 0.1314438140625 0.365979253125 0.13402010312499998 0.3505149484375
5 0.8247414953125001 0.33505064375 0.82216520625 0.31958853125000003 0.80927938125 0.3221648203125 0.8118556703124999 0.3376291234375 0.8247414953125001 0.33505064375
5 0.4175257734375 0.09278311875 0.40721623749999997 0.0902068296875 0.39948517968749997 0.0953615984375 0.40463994843749995 0.11082371093750001 0.4201020625 0.105671134375 0.4175257734375 0.09278311875
5 0.827319975 0.9974219078125 0.8298962624999999 0.9871123718750001 0.8170104374999999 0.9845360828124999 0.814431959375 0.9974219078125 0.827319975 0.9974219078125
2 0.20876314375 0.7319590203125 0.2499990984375 0.775773453125 0.26030863437499996 0.7989688140625 0.286082475 0.8041235828125 0.32216585000000003 0.780928221875 0.3376279640625 0.75515438125 0.319587371875 0.6288658500000001 0.32732061875 0.546391753125 0.31185631406250003 0.51546314375 0.2783514171875 0.4896914953125 0.24484432968749997 0.487113015625 0.22422744843750003 0.50000103125 0.193298840625 0.49742255156250004 0.16752499999999998 0.51546314375 0.154639175 0.546391753125 0.16237023125 0.587629896875 0.175258246875 0.608246778125 0.1855677828125 0.69329935625 0.20876314375 0.7319590203125
1 0.9046393046875 0.56185605625 0.8943297687499999 0.57989665 0.8943297687499999 0.600515721875 0.9046393046875 0.608246778125 0.9407226796874999 0.608246778125 0.9664943296875 0.587629896875 0.9664943296875 0.5592775765625 0.9407226796874999 0.5309274484375 0.9175251281250001 0.528351159375 0.9072155921875 0.5386606953124999 0.9046393046875 0.56185605625
1 0.8350510312500001 0.461339175 0.814431959375 0.4639176546875 0.8118556703124999 0.4768034796875 0.8170104374999999 0.487113015625 0.8376295109375 0.48453672656249996 0.8402057984375 0.47164871093749994 0.8350510312500001 0.461339175
1 0.5567001281249999 0.7525780921874999 0.5257737109375 0.7783497421875001 0.52061894375 0.788659278125 0.52061894375 0.8170094078125001 0.536083246875 0.8324737109375 0.5592786078125 0.8324737109375 0.567009665625 0.8273189437499999 0.5876287375 0.775773453125 0.58247396875 0.75515438125 0.5567001281249999 0.7525780921874999
1 0.860824871875 0.3273195875 0.8659796390625001 0.30412422656250004 0.8350510312500001 0.301545746875 0.8324747421875 0.3221648203125 0.8376295109375 0.3273195875 0.860824871875 0.3273195875
1 0.896908246875 0.11340219062500001 0.8788654640625 0.11340219062500001 0.8737106953125 0.11855695937499999 0.8737106953125 0.1365975515625 0.8917534796875 0.13917603125 0.8994845359375001 0.1340212625 0.896908246875 0.11340219062500001
1 0.0567007734375 0.34020541249999997 0.0360817015625 0.3505149484375 0.038660179687500004 0.365979253125 0.0463912375 0.3711340203125 0.0567007734375 0.3711340203125 0.06958659843750001 0.36082448437500003 0.067010309375 0.347938659375 0.0567007734375 0.34020541249999997
1 0 0.2613403609375 0.0103100515625 0.26030979374999996 0.015464820312499999 0.24484548906249998 0.012886340625000001 0.23195966562499998 0 0.23195966562499998 0 0.2613403609375
1 0.5051546390625 0.3634029640625 0.489690334375 0.3634029640625 0.481959278125 0.373710309375 0.481959278125 0.386598325 0.507730928125 0.3891746140625 0.5103094078125 0.36855773125 0.5051546390625 0.3634029640625
1 0.62886688125 0.5721655921875 0.6185573453125001 0.5773203609374999 0.615978865625 0.592782475 0.6237121140624999 0.600515721875 0.6443289953125 0.592782475 0.6391742265625 0.57474188125 0.62886688125 0.5721655921875
1 0.15979394375 0.07989729375 0.139174871875 0.08762835 0.13659858281249998 0.1030926546875 0.14175335 0.1082474234375 0.1520628859375 0.1082474234375 0.16237023125 0.0979378859375 0.15979394375 0.07989729375
1 0.40206146875000004 0.306700515625 0.40206146875000004 0.28608144375 0.3711350515625 0.28608144375 0.3711350515625 0.306700515625 0.40206146875000004 0.306700515625
1 0.561854896875 0.051547165625 0.5567001281249999 0.046392396875000005 0.5335047687500001 0.0489686859375 0.536083246875 0.072164046875 0.561854896875 0.067009278125 0.561854896875 0.051547165625
1 0.180413015625 0.4175247421875 0.154639175 0.4226795109375 0.154639175 0.4432985828125 0.15979394375 0.44845335000000003 0.180413015625 0.44845335000000003 0.1855677828125 0.4432985828125 0.18814407187499999 0.4304127578125 0.180413015625 0.4175247421875
1 0.7448458765625 0.44072229375000005 0.734536340625 0.435567525 0.7190720359375 0.43814381406249997 0.7190720359375 0.461339175 0.7396911078125 0.4639176546875 0.7448458765625 0.45876288593750003 0.7448458765625 0.44072229375000005
1 0.4561854375 0.5360822171875 0.4510306703125 0.5309274484375 0.4329900765625 0.5335059281250001 0.4304115984375 0.5567012890624999 0.4561854375 0.5567012890624999 0.4561854375 0.5360822171875
1 0.7938150765625 0.5592775765625 0.7783507734375 0.5592775765625 0.7577317015625 0.582475128125 0.7603101796875 0.5953609531249999 0.77577229375 0.5979372421875 0.7989698453125 0.5773203609374999 0.7989698453125 0.5644323453125 0.7938150765625 0.5592775765625
1 0.7139172687500001 0.44072229375000005 0.6778360828125 0.43814381406249997 0.6726813140625 0.4432985828125 0.6726813140625 0.461339175 0.70360773125 0.4639176546875 0.7139172687500001 0.45876288593750003 0.7139172687500001 0.44072229375000005
1 0.1572154640625 0.45360811874999996 0.1494844078125 0.44845335000000003 0.1159795109375 0.44845335000000003 0.108248453125 0.4639176546875 0.1159795109375 0.474227190625 0.1572154640625 0.47164871093749994 0.1572154640625 0.45360811874999996
1 0.5850524484374999 0.24484548906249998 0.5953597937499999 0.26804085 0.621133634375 0.280928865625 0.6417527062499999 0.280928865625 0.6443289953125 0.24742177812500002 0.6365979375 0.239690721875 0.6134025765625 0.22938118593749998 0.5876287375 0.226804896875 0.5850524484374999 0.24484548906249998
1 0.8840202312500001 0.45618659843750003 0.860824871875 0.461339175 0.855670103125 0.4690724234375 0.8582463921875 0.4948462625 0.8737106953125 0.50000103125 0.8994845359375001 0.47938195937500006 0.9046393046875 0.461339175 0.8840202312500001 0.45618659843750003
1 0.896908246875 0.5309274484375 0.8737106953125 0.5231963921875 0.860824871875 0.5257726796875 0.855670103125 0.5489680406249999 0.860824871875 0.554122809375 0.889175 0.554122809375 0.896908246875 0.546391753125 0.896908246875 0.5309274484375
1 0.3618551546875 0.5608242265625 0.34278273125 0.554122809375 0.3324731953125 0.5592775765625 0.3298969078125 0.5773203609374999 0.3634018046875 0.582475128125 0.373711340625 0.5773203609374999 0.376287628125 0.567010825 0.3618551546875 0.5608242265625
1 0.2886587625 0.22938118593749998 0.2577323453125 0.22938118593749998 0.247422809375 0.23711443281250003 0.247422809375 0.2500002578125 0.2525775765625 0.255155025 0.29381353125 0.252576546875 0.2963920109375 0.24226701093749997 0.2886587625 0.22938118593749998