1 0.09293678125 0.7666660000000001 0.085500984375 0.727778 0.05947870625 0.716666 0.0520449140625 0.7666660000000001 0.06319760625000001 0.783334 0.085500984375 0.777778 0.09293678125 0.7666660000000001
1 0 0.24611199374999998 0.033456428125 0.21111200000000002 0.02973953125 0.183334 0.0074341484375000004 0.13888799999999998 0 0.14999825 0 0.24611199374999998
1 0.13011175156250002 0.322222 0.11152326406249999 0.35 0.11152326406249999 0.388888 0.1263948546875 0.411112 0.15241713437499999 0.411112 0.167286721875 0.383334 0.15241713437499999 0.361112 0.14869823437500002 0.327778 0.13011175156250002 0.322222
1 0.10886839374999999 0 0.11152326406249999 0.027778000000000004 0.13011175156250002 0.05 0.16356782187500002 0.05555600000000001 0.1784394125 0.033334 0.1784394125 0 0.10886839374999999 0
1 0.10037257656250001 0.744444 0.1226759546875 0.75 0.13754554218749998 0.7333339999999999 0.13754554218749998 0.705556 0.118959059375 0.683334 0.085500984375 0.6888880000000001 0.085500984375 0.716666 0.10037257656250001 0.744444
1 0.1821563078125 0.238888 0.20074279218750002 0.233334 0.2118954828125 0.166666 0.20074279218750002 0.161112 0.1747205125 0.177778 0.1747205125 0.222222 0.1821563078125 0.238888
1 0.3011150109375 0.5888880000000001 0.32713729062499997 0.5888880000000001 0.33828998125 0.566666 0.3345730859375 0.538888 0.31226770312499996 0.5166660000000001 0.2899623203125 0.522222 0.2862454234375 0.572222 0.3011150109375 0.5888880000000001
1 0.38661764375 0.144444 0.38289874375 0.24444400000000002 0.408921021875 0.28333400000000003 0.4200737140625 0.28333400000000003 0.4460959921875 0.155556 0.442379096875 0.10555600000000001 0.40520412656250004 0.11111200000000002 0.38661764375 0.144444
1 0.36802915625 0 0.36802915625 0.011112 0.38289874375 0.038888 0.4200737140625 0.038888 0.4386622 0.011112 0.43948824531249997 0 0.36802915625 0
3 0.3345730859375 0.7333339999999999 0.3420068765625 0.755556 0.3643122609375 0.772222 0.37174805625 0.705556 0.33828998125 0.711112 0.3345730859375 0.7333339999999999
1 0.46468447968750004 0.6888880000000001 0.457248684375 0.705556 0.46468447968750004 0.755556 0.47583717031250006 0.7666660000000001 0.5092932421875 0.7666660000000001 0.5204459328125 0.738888 0.5167290375 0.722222 0.48327096249999996 0.6888880000000001 0.46468447968750004 0.6888880000000001
1 0.6542742234375 0.5166660000000001 0.6394046359375001 0.55 0.6431235359375 0.5888880000000001 0.6691458140625001 0.616666 0.702601884375 0.611112 0.7137545765625 0.594444 0.7137545765625 0.572222 0.6877322968749999 0.533334 0.6542742234375 0.5166660000000001
2 0.9330854984375 0.305556 0.9628246734375001 0.26666599999999996 0.981413159375 0.21111200000000002 0.9888469515624999 0.13888799999999998 0.981413159375 0.088888 0.8996274234375001 0.11111200000000002 0.8178436921875001 0.1 0.765799134375 0.072222 0.7397768546875 0.08333399999999999 0.7434937515625 0.166666 0.8513017656249999 0.322222 0.9033463234375001 0.322222 0.9330854984375 0.305556
1 0.16356782187500002 0.744444 0.13011175156250002 0.744444 0.118959059375 0.755556 0.118959059375 0.783334 0.1412644421875 0.833334 0.17100361718749998 0.844444 0.1895901 0.827778 0.193309 0.783334 0.1784394125 0.755556 0.16356782187500002 0.744444
1 0.7546464421875 0.7333339999999999 0.736059959375 0.711112 0.69144919375 0.7 0.6877322968749999 0.722222 0.672862709375 0.738888 0.672862709375 0.777778 0.6988849890625 0.8055559999999999 0.7434937515625 0.788888 0.7546464421875 0.7666660000000001 0.7546464421875 0.7333339999999999
4 0.337548565625 1 0 0.5082795 0 0.5225341171875 0.1407139921875 1 0.337548565625 1
1 1 0.401110721875 0.996282746875 0.394444 0.9702604687499999 0.388888 0.9368023937500001 0.43888800000000006 0.9293686015624999 0.483334 0.9553908812499999 0.5166660000000001 0.9888469515624999 0.5166660000000001 1 0.49999875625 1 0.401110721875
3 0.881040940625 0.605556 0.8773240453125 0.638888 0.89219363125 0.6888880000000001 0.9107801156249999 0.683334 0.925649703125 0.6611119999999999 0.9368023937500001 0.572222 0.9033463234375001 0.577778 0.881040940625 0.605556
1 0.9330848296875001 1 0.9368023937500001 0.994444 0.9293686015624999 0.9388880000000001 0.90706321875 0.916666 0.881040940625 0.927778 0.8736051453125 0.95 0.8773240453125 0.988888 0.8847588406250001 1 0.9330848296875001 1