1 0.8247124453125 0 0.8534490796875 0.0387938625 0.8706902296875001 0.047413310937499994 0.8994247703125 0.0431035859375 0.8936791375 0.00430968125 0.8919347359375 0 0.8247124453125 0
1 0.8821836203125001 0.6249993875000001 0.847701321875 0.633620965625 0.8333329890625001 0.66379329375 0.83620793125 0.68534404375 0.8706902296875001 0.7068969218750001 0.9080453453124999 0.711206646875 0.922413678125 0.6939656203125 0.9109202875 0.6508619906249999 0.8821836203125001 0.6249993875000001
1 0.8333329890625001 0.060344612500000006 0.7844823562500001 0.0646543359375 0.764368390625 0.0905169390625 0.7500000578125 0.13793029375000002 0.755747815625 0.21120624999999998 0.7701140234375 0.23706885312499998 0.7988506890625 0.25430987968749996 0.8333329890625001 0.25000015468750003 0.8591947125000001 0.2327591296875 0.8793108046875 0.1896555 0.8764358624999999 0.12068926718749999 0.8534490796875 0.0775856375 0.8333329890625001 0.060344612500000006
1 0.321839884375 0.1508615953125 0.3333332765625 0.12931084531249998 0.330460459375 0.103448240625 0.3189649421875 0.0905169390625 0.29310321875 0.0948266640625 0.272989253125 0.12931084531249998 0.2701143109375 0.1681026203125 0.2902304015625 0.1724144734375 0.321839884375 0.1508615953125
5 1 0.346592953125 0.9580463796875 0.35271595625 0.959079828125 0.3776288875 1 0.3684044734375 1 0.346592953125
1 0.5316086203125 0.8879308874999999 0.5172424140625 0.8706898624999999 0.49425350625000003 0.8749995859374999 0.48275798906249995 0.8922406125 0.48563293124999996 0.935344240625 0.5028740796875 0.9568971203125001 0.5258629890625001 0.9525852671875 0.5373563796874999 0.9310345171875 0.5316086203125 0.8879308874999999
1 0.63505764375 0.5086198015625001 0.61781649375 0.5431039828124999 0.61781649375 0.6034486375 0.6264370687499999 0.6163799390625 0.646551034375 0.577586034375 0.6752877015625 0.5560352843749999 0.7241383328125 0.56896445625 0.7241383328125 0.5431039828124999 0.6982766093749999 0.500000353125 0.65229879375 0.4956906296875 0.63505764375 0.5086198015625001
1 0.62068875 1 0.6436782187500001 0.9827575953125001 0.681035459375 0.9870694484375001 0.706897184375 0.9568971203125001 0.7155177593750001 0.9224129390625 0.7155177593750001 0.8836211640625 0.706897184375 0.8577585609374999 0.6954016671875001 0.8491369828125 0.6666671265625 0.8534488359375001 0.629309884375 0.8793093109375001 0.6005753453125 0.935344240625 0.5919547703125 0.9827575953125001 0.5942530374999999 1 0.62068875 1
1 0.396552240625 0.366379740625 0.413793390625 0.366379740625 0.45114850625 0.3922423453125 0.46551683906249997 0.3922423453125 0.4712645984375 0.37931104375 0.4626440234375 0.314654534375 0.42816172343750003 0.2715509046875 0.3908044828125 0.2715509046875 0.3620699421875 0.297413509375 0.347701609375 0.3362074140625 0.35057442499999997 0.3836207671875 0.396552240625 0.366379740625
1 0.1839085625 0.0948266640625 0.1522990796875 0.12931084531249998 0.1522990796875 0.1508615953125 0.1695402296875 0.1681026203125 0.1896541953125 0.1681026203125 0.20402252812500002 0.1465518703125 0.2011497125 0.11206981875 0.1839085625 0.0948266640625
1 0.1954019546875 0.25000015468750003 0.1580468390625 0.25000015468750003 0.13505793125 0.26724118125 0.1206895984375 0.293103784375 0.1120690234375 0.3318955609375 0.1120690234375 0.3577581640625 0.12356241406249999 0.38793049062499996 0.1609196546875 0.3922423453125 0.1867813796875 0.3577581640625 0.229884253125 0.3318955609375 0.23275919531249997 0.3103448109375 0.221263678125 0.275862759375 0.1954019546875 0.25000015468750003
1 0.1896541953125 0.5086198015625001 0.1896541953125 0.4956906296875 0.16379247187499998 0.4655183015625 0.14942626406249998 0.4698280265625 0.13505793125 0.504310078125 0.13218298906249998 0.5431039828124999 0.137930746875 0.5646547328125 0.1695402296875 0.55172343125 0.1896541953125 0.5086198015625001
1 0.2902304015625 0.6681030171875 0.26149373593749997 0.6681030171875 0.2356320109375 0.7025871984375 0.24137977031250002 0.7500005515625 0.287355459375 0.7413789734375 0.3074715515625 0.7155163703125 0.3074715515625 0.6939656203125 0.2902304015625 0.6681030171875
1 1 0.9674334359375001 0.97701206875 0.94827554375 0.9568959765624999 0.94396581875 0.9454025859374999 0.9525852671875 0.9425297703125001 0.9784478703125 0.95330546875 1 1 1 1 0.9674334359375001
1 0.672412759375 0.314654534375 0.646551034375 0.3189663875 0.63505764375 0.3318955609375 0.63505764375 0.3620700171875 0.646551034375 0.370689465625 0.6954016671875001 0.370689465625 0.6982766093749999 0.3620700171875 0.69252885 0.3318955609375 0.672412759375 0.314654534375
1 0.55747039375 0 0.571838678125 0.012931259375 0.5948275859375001 0.012931259375 0.6034481609375 0.00430968125 0.602627328125 0 0.55747039375 0