1 0.876624415625 0.393519309375 0.8841984421875001 0.4151228640625 0.8961028578124999 0.42284049375 0.9090919484375 0.42284049375 0.919913765625 0.41357975312499995 0.937229090625 0.3811723453125 0.9556270124999999 0.35648049375 0.9632031171875 0.3240730859375 0.9632031171875 0.3040126421875 0.9556270124999999 0.2962970859375 0.943722596875 0.2962970859375 0.9231594812499999 0.319443753125 0.9090919484375 0.3302476046875 0.893939740625 0.33642004999999997 0.882035325 0.3518511609375 0.876624415625 0.3811723453125 0.876624415625 0.393519309375
1 0.25649350625 0.608024196875 0.26082181875 0.6188280500000001 0.2705631171875 0.6265436046875 0.2835501296875 0.6311729374999999 0.3138524671875 0.6342591609375 0.3203459734375 0.6234573828125 0.32251116875 0.6018517531249999 0.32142857187499996 0.5833323453125 0.3138524671875 0.5632719015625 0.3073589609375 0.5555563453125 0.298700259375 0.5555563453125 0.292206753125 0.5648150125 0.27380883125 0.5740736796875 0.2640696109375 0.5925930859374999 0.25649350625 0.59876553125 0.25649350625 0.608024196875
1 0.28896103906250004 0.9552470124999999 0.2900436359375 0.97530953125 0.2965371421875 0.981481975 0.314935065625 0.9799388640625001 0.34740259687499997 0.9552470124999999 0.353896103125 0.9413590125000001 0.3506503890625 0.9212964937500001 0.3430742859375 0.9135809374999999 0.33441558437499996 0.9104947156250001 0.31926337656250003 0.9120378265625 0.31168935000000003 0.9166671609374999 0.30194805156250004 0.9274689374999999 0.29112623437499996 0.9475314562499999 0.28896103906250004 0.9552470124999999
1 0.5129859734375 0.74074005 0.514068571875 0.7608025671875 0.5551948046875 0.8055548640625 0.5660166234374999 0.810184196875 0.635282078125 0.7469145671875 0.66017350625 0.7345676046875 0.6742431171875001 0.7237658265625 0.67748883125 0.7175933828125001 0.676406234375 0.6944446421875 0.661256103125 0.655864790625 0.6525974031249999 0.6219142718749999 0.6439387015625 0.61265353125 0.6309516890625 0.608024196875 0.6028145453125 0.608024196875 0.593073246875 0.61265353125 0.569264415625 0.635802271875 0.5476187015625 0.6635803453125 0.5346316890625 0.685185975 0.5248924671874999 0.7114188640625 0.521644675 0.7145071609375 0.5129859734375 0.74074005
1 0.42315948125 0.47685145625 0.42315948125 0.4861101234375 0.4274898703125 0.493827753125 0.44264000000000003 0.49537086406249997 0.46428571406249997 0.4861101234375 0.47943792187499995 0.4691359015625 0.4826836359375 0.45987723437500005 0.4826836359375 0.447530271875 0.47294441562499995 0.439814715625 0.45562701250000004 0.439814715625 0.44264000000000003 0.4459871609375 0.4274898703125 0.4645065671875 0.42315948125 0.47685145625
1 0.55736 0.4691359015625 0.562770909375 0.5077157531250001 0.575757921875 0.510801975 0.61147116875 0.493827753125 0.6677496109375001 0.45215960468749994 0.6818192203125 0.43209916093749995 0.6861475328125 0.4182090859375 0.68831065 0.387344790625 0.682899740625 0.3703705671875 0.6753257140625 0.3611119015625 0.6623387015625 0.353394271875 0.6309516890625 0.35030805 0.6049776625 0.35956879062499997 0.5800862343750001 0.3811723453125 0.564936103125 0.4089504203125 0.55844051875 0.43827160468750004 0.55736 0.4691359015625
1 0.8517309093750001 0.49845708593750004 0.8603896109375 0.515431309375 0.8668831171875 0.5200627156250001 0.87554181875 0.5200627156250001 0.887446234375 0.5123450859374999 0.911255065625 0.5092588640625 0.919913765625 0.5030864203125 0.924242078125 0.49228464218749995 0.924242078125 0.47685145625 0.9209963640625001 0.4660496796875 0.9090919484375 0.4459871609375 0.89935065 0.43827160468750004 0.8809527265625 0.43672849375 0.8658005187500001 0.44444405 0.857143896875 0.4567910125 0.8506483109375 0.4783945671875 0.8517309093750001 0.49845708593750004
1 0.80303065 0.325618271875 0.8149350656250001 0.31327130937500003 0.8203459734375 0.3009264203125 0.8214285718750001 0.2870363453125 0.81168935 0.2577151609375 0.77922181875 0.2438271609375 0.7597412984374999 0.2469133828125 0.7521651953124999 0.25617205 0.7521651953124999 0.271605234375 0.757576103125 0.28395012343750003 0.7781392203124999 0.3070988640625 0.7878784421875 0.3240730859375 0.79328935 0.3271613828125 0.80303065 0.325618271875
1 0.5086576625 0.27932079062500004 0.521644675 0.27006212343749997 0.5238098703125 0.26080345625 0.5054119484374999 0.23919782656250002 0.450216103125 0.2067904203125 0.4404768828125 0.20833353125 0.4296529875 0.20216108593749998 0.38960935 0.19444345624999998 0.35822441562499996 0.1959886421875 0.3506503890625 0.20370419687500002 0.353896103125 0.211419753125 0.36580051875 0.2160490859375 0.376624415625 0.23302538281250001 0.3809527265625 0.25154271562499997 0.3961028578125 0.28395012343750003 0.39502233750000004 0.294753975 0.3798701296875 0.31635753125 0.3798701296875 0.3209868640625 0.3852810390625 0.325618271875 0.39935065000000003 0.3209868640625 0.4123376625 0.3302476046875 0.430735584375 0.331790715625 0.4696966234375 0.322529975 0.4880945453125 0.311728196875 0.5086576625 0.27932079062500004
1 0.49242493437499996 0.305555753125 0.49242493437499996 0.31327130937500003 0.4989184421875 0.319443753125 0.5303033765625 0.3148144203125 0.5595231171874999 0.294753975 0.5606057140625 0.2824070125 0.5551948046875 0.27469145625 0.5443729875 0.2685190125 0.520562078125 0.2685190125 0.509740259375 0.2762345671875 0.4989184421875 0.29012256718749996 0.49242493437499996 0.305555753125
1 0.1190469578125 0 0.123375584375 0.0246908640625 0.1385277921875 0.0447533828125 0.14718649374999998 0.047839604687499995 0.15584519531250002 0.0447533828125 0.1623366234375 0.026233975 0.15909090937499998 0.0077166421875 0.151875425 0 0.1190469578125 0
1 0.556277403125 0.1589498265625 0.5541122078125 0.1728399015625 0.556277403125 0.177469234375 0.5681818187500001 0.177469234375 0.6017319484375 0.1697536796875 0.6071428578125 0.16203605000000001 0.6071428578125 0.151234271875 0.5941558437500001 0.14197560468749998 0.5725101296874999 0.14351871562500002 0.556277403125 0.1589498265625
1 0.61688415625 0.2237646421875 0.61688415625 0.23148227187499998 0.622295065625 0.237654715625 0.6580083109375 0.23456849375000002 0.670995325 0.22839605000000002 0.6753257140625 0.217592196875 0.6720779218749999 0.20987664218750002 0.6666670124999999 0.2067904203125 0.6439387015625 0.2067904203125 0.6212124671875 0.217592196875 0.61688415625 0.2237646421875
1 0.5297305921875 0 0.5173163640625 0.04629649375 0.516233765625 0.06172760468750001 0.5194815578124999 0.07253145625 0.5357142859375 0.0941350125 0.5422077921875 0.09722123437499999 0.55086649375 0.0956781234375 0.575757921875 0.07253145625 0.61147116875 0.04629649375 0.6212124671875 0.0324064203125 0.622295065625 0.021604642187500002 0.6147189609375 0.0077166421875 0.612689146875 0 0.5297305921875 0
1 0.7900436359375 0.106481975 0.7889610390625 0.11882686406250001 0.7954545453125 0.12499930937499999 0.817100259375 0.12191308593750001 0.8409090906250001 0.106481975 0.8452374031250001 0.0956781234375 0.8409090906250001 0.0848763453125 0.8333329875000001 0.0787039015625 0.8192633765625 0.0787039015625 0.7954545453125 0.0956781234375 0.7900436359375 0.106481975
1 1 0.091050271875 0.9891771421875 0.106481975 0.9870140265625 0.11882686406250001 0.9902597406250001 0.12499930937499999 0.9989184421875 0.1311738265625 1 0.1311738265625 1 0.091050271875
1 0.9978358437500001 0.04629649375 0.9989184421875 0.04012405 0.9945880515625 0.0185184203125 0.9848488312500001 0.0108028640625 0.959957403125 0.016975309375 0.9523812984375001 0.021604642187500002 0.9458877921875001 0.0324064203125 0.9469703890625001 0.047839604687499995 0.959957403125 0.05401205 0.9913423375000001 0.05401205 0.9978358437500001 0.04629649375
4 0.1983008671875 0 0.19480415625 0.009259753125 0.1937236359375 0.029320196875 0.19588675312499998 0.0370378265625 0.18831065 0.0447533828125 0.185064934375 0.06635901250000001 0.18614753281250002 0.0740745671875 0.2034628578125 0.0817901234375 0.24458909062499998 0.091048790625 0.25216519531250003 0.08950567968749999 0.25649350625 0.0787039015625 0.26082181875 0.043210271875 0.26948051875 0.00617353125 0.26948051875 0 0.1983008671875 0
4 1 0.261937925 0.9707792203125001 0.24845649375 0.9480509093749999 0.2438271609375 0.9264072734375001 0.22993916093750003 0.88852883125 0.2268508640625 0.8744592203125 0.211419753125 0.8593070125000001 0.20370419687500002 0.8549787015625 0.1959886421875 0.8528135062500001 0.1959886421875 0.8495677921875 0.20524730937500002 0.8409090906250001 0.20524730937500002 0.8127698703125 0.1929003453125 0.7900436359375 0.19444345624999998 0.7835501296875 0.18055545625 0.757576103125 0.171296790625 0.751082596875 0.1651243453125 0.738095584375 0.163581234375 0.7012976625 0.14197560468749998 0.6807366234375001 0.13734627187499998 0.6753257140625 0.1327169375 0.6655844156249999 0.1327169375 0.6569257140625 0.14351871562500002 0.66017350625 0.16203605000000001 0.6688301296875 0.1759261234375 0.6677496109375001 0.1836416796875 0.6720779218749999 0.19135723437500002 0.6742431171875001 0.20524730937500002 0.6861475328125 0.219135309375 0.6872301296875001 0.23302538281250001 0.69696935 0.2469133828125 0.695886753125 0.25617205 0.6991345453125 0.2685190125 0.72077818125 0.3179006421875 0.72619116875 0.34104938281249997 0.7705631171875 0.4459871609375 0.7781392203124999 0.4722221234375 0.798700259375 0.51851753125 0.810606753125 0.5540132343749999 0.8192633765625 0.5648150125 0.8192633765625 0.5725305671875 0.8344155843750001 0.5740736796875 0.88311584375 0.5401231609375 0.8982680515625001 0.5324076046874999 0.9047615578125001 0.5324076046874999 0.9090919484375 0.52469205 0.9264072734375001 0.510801975 0.9404768828125001 0.50462953125 0.9448051953125001 0.49845708593750004 0.9989184421875 0.4614203453125 1 0.4609063046875 1 0.261937925
4 0.3560612984375 0.641974715625 0.4025984421875 0.615739753125 0.4025984421875 0.608024196875 0.3928571421875 0.5972224203125001 0.33982649375 0.5632719015625 0.32142857187499996 0.5462956046875 0.298700259375 0.533950715625 0.2781392203125 0.5169744203125 0.268397921875 0.5169744203125 0.26515220781250004 0.5216058265625 0.25432831093749997 0.5586425671875 0.25216519531250003 0.591049975 0.261904415625 0.604937975 0.267315325 0.594136196875 0.274891428125 0.5895068640625001 0.27922181875 0.594136196875 0.274891428125 0.5972224203125001 0.274891428125 0.6033948640625 0.281384934375 0.6033948640625 0.2835501296875 0.59876553125 0.29545454531250004 0.6033948640625 0.29545454531250004 0.609567309375 0.29112623437499996 0.6172849375 0.27597402656250003 0.6172849375 0.27380883125 0.6203711609375 0.2770566234375 0.62500049375 0.28787844218749997 0.6296298265625 0.31926337656250003 0.63271605 0.32683948125 0.63888849375 0.3560612984375 0.641974715625
1 0.8474025968750001 0.27469145625 0.8474025968750001 0.2916656796875 0.8538961031250001 0.297840196875 0.8712114281250001 0.2932108640625 0.88311584375 0.2762345671875 0.88311584375 0.2577151609375 0.8733766234375 0.25462893750000004 0.8528135062500001 0.2638896796875 0.8474025968750001 0.27469145625
1 0.953463896875 0.36882745625 0.9588748046875001 0.3765430125 0.972944415625 0.37962923437499996 0.9848488312500001 0.3719136796875 0.9902597406250001 0.3626550125 0.9902597406250001 0.34876493750000004 0.9772727265625001 0.3333338265625 0.9632031171875 0.33487693749999997 0.953463896875 0.35956879062499997 0.953463896875 0.36882745625
1 0.281384934375 0.24845649375 0.29328935 0.2638896796875 0.30411324687499997 0.2623465671875 0.314935065625 0.25617205 0.3300872734375 0.24074093749999997 0.3365807796875 0.22839605000000002 0.33549818125 0.217592196875 0.3246742859375 0.20216108593749998 0.3084415578125 0.19135723437500002 0.30627636406250003 0.18672790156250002 0.298700259375 0.18981412343749998 0.2900436359375 0.1990748640625 0.2803023375 0.22993916093750003 0.281384934375 0.24845649375
1 0.27380883125 0.157406715625 0.2835501296875 0.14814805 0.2846327265625 0.13734627187499998 0.27597402656250003 0.12499930937499999 0.26082181875 0.12191308593750001 0.25649350625 0.12808553125 0.25649350625 0.1466049375 0.261904415625 0.1558636046875 0.27380883125 0.157406715625
1 0.2056592203125 0.033225679687499995 0.20033558437500001 0.0337504203125 0.1991116890625 0.0396449375 0.20033558437500001 0.044259753125 0.2015698703125 0.0495216796875 0.2040259734375 0.0565279015625 0.2113963640625 0.0565279015625 0.21467532500000003 0.0489969375 0.21999896093750002 0.043735012499999996 0.21630857187500002 0.0361418265625 0.2113963640625 0.034922271875 0.2056592203125 0.033225679687499995
1 0.3744592203125 0.06790212343749999 0.376624415625 0.0740745671875 0.3841984421875 0.0817901234375 0.40043324687500004 0.0817901234375 0.4166659734375 0.0740745671875 0.425324675 0.063270715625 0.430735584375 0.047839604687499995 0.43181818125 0.035494715625 0.4285703890625 0.021604642187500002 0.41883116875 0.015432196875000002 0.40692675312500004 0.015432196875000002 0.3906919484375 0.021604642187500002 0.376624415625 0.0385809375 0.3744592203125 0.06790212343749999
1 0.4285703890625 0.1728399015625 0.42640727343749996 0.1759261234375 0.42640727343749996 0.18672790156250002 0.430735584375 0.1990748640625 0.44155948125 0.20833353125 0.45129870156249996 0.20524730937500002 0.4632031171875 0.19135723437500002 0.4632031171875 0.1820985671875 0.45887480468749997 0.177469234375 0.43939428593749996 0.1728399015625 0.4285703890625 0.1728399015625
1 0.5357142859375 0.1296286421875 0.532468571875 0.1466049375 0.53787948125 0.14814805 0.5443729875 0.1450618265625 0.5616883109375 0.1296286421875 0.5725101296874999 0.12654242031250001 0.5735927265625 0.12036997499999999 0.5660166234374999 0.11265442031249999 0.55086649375 0.111111309375 0.5357142859375 0.1296286421875
1 0.7640696109375 0.05401205 0.7629870125 0.0648138265625 0.7716457140624999 0.0740745671875 0.7824675328125 0.0740745671875 0.7900436359375 0.06790212343749999 0.79220883125 0.057098271874999995 0.7878784421875 0.047839604687499995 0.77380883125 0.04629649375 0.7640696109375 0.05401205
1 0.9339833765625001 0.2067904203125 0.9339833765625001 0.19444345624999998 0.9264072734375001 0.18672790156250002 0.90800935 0.1836416796875 0.87554181875 0.19444345624999998 0.8658005187500001 0.20061797499999998 0.8636353250000001 0.2067904203125 0.870130909375 0.21450597500000002 0.90151584375 0.2268508640625 0.9090919484375 0.2268508640625 0.919913765625 0.2129628640625 0.9339833765625001 0.2067904203125
1 0.797619740625 0.44135782656250006 0.7965371421875 0.45061649375 0.80952415625 0.4645065671875 0.8257568828125 0.4645065671875 0.8365807796875 0.45061649375 0.8365807796875 0.425926715625 0.8333329875000001 0.42129530937500004 0.823593765625 0.42129530937500004 0.8127698703125 0.425926715625 0.797619740625 0.44135782656250006
1 0.623375584375 0.850309234375 0.622295065625 0.8611110125 0.6255407796875 0.8688265671875 0.636362596875 0.8734559015625001 0.68831065 0.8611110125 0.695886753125 0.8549385671874999 0.6980519484375 0.8379622718749999 0.694806234375 0.8287036046875 0.6872301296875001 0.8194449374999999 0.67748883125 0.8148156046875 0.6580083109375 0.8132724937500001 0.6374451953125 0.8271604937499999 0.623375584375 0.850309234375