1 0.5388342234375 0.5485436890625001 0.55339769375 0.546117475 0.5606804609375 0.538834709375 0.5606804609375 0.521845025 0.5218445390625 0.5242712375 0.5218445390625 0.5412629859375 0.5388342234375 0.5485436890625001
1 0.4077671109375 0.42718349531250005 0.4320395625 0.42475728124999995 0.43932026718749995 0.41747657812499994 0.43689405312499996 0.40291310625000004 0.4223305828125 0.3980586171875 0.4004864078125 0.4004848296875 0.39805813125 0.419902790625 0.4077671109375 0.42718349531250005
1 0.283980703125 0.7233012140625 0.2524275484375 0.6966025484375 0.228155096875 0.6868935671874999 0.216019903125 0.68931978125 0.22087439375 0.7257274265625 0.23543786406249997 0.7451453890625 0.259708253125 0.7524281546875 0.2864069171875 0.7378646843750001 0.283980703125 0.7233012140625
1 0.249999271875 0.5800968453124999 0.2742717234375 0.582525121875 0.2864069171875 0.5752423546875 0.2864069171875 0.5631071609375 0.2815524265625 0.5582526703124999 0.249999271875 0.5582526703124999 0.2475730578125 0.5752423546875 0.249999271875 0.5800968453124999
1 0.268093240625 1 0.2645627421875 0.980583009375 0.2524275484375 0.9781547328125001 0.22087439375 0.9878637140625001 0.22087439375 1 0.268093240625 1
1 0.3446608015625 0.7160184468749999 0.3640766984375 0.7184467234375 0.37621395625 0.7160184468749999 0.3786401703125 0.6990287625 0.3446608015625 0.6941742718749999 0.337378034375 0.7063115296875 0.3446608015625 0.7160184468749999
1 0.53155351875 0.519416746875 0.5436887140625 0.5145622578125 0.563106675 0.4781546109375 0.567961165625 0.451455946875 0.5388342234375 0.44660145625 0.524272815625 0.4660194171875 0.5218445390625 0.49757257343749994 0.53155351875 0.519416746875
1 0.5412625 0.83252415 0.5606804609375 0.8349524265625 0.5728156546875 0.8300979375 0.5752418687499999 0.815534465625 0.5703873781250001 0.810679975 0.53155351875 0.810679975 0.5291252421875 0.8203889562500001 0.5412625 0.83252415
1 0.20631092187500003 0.7912620140625 0.23058337343750002 0.7888358015625 0.23786407812500002 0.77669854375 0.23543786406249997 0.7669895624999999 0.2014564328125 0.7669895624999999 0.1966019421875 0.7742723296875 0.1990281546875 0.786407525 0.20631092187500003 0.7912620140625
1 0.854369903125 0.7014570390625 0.8373781546875 0.66504939375 0.81553398125 0.6529121359375 0.8033987859374999 0.6529121359375 0.7864070390625 0.672330096875 0.7864070390625 0.6990287625 0.79368980625 0.7160184468749999 0.81553398125 0.73301019375 0.844660921875 0.7305819171875 0.854369903125 0.7160184468749999 0.854369903125 0.7014570390625
1 0.97087354375 0.7305819171875 0.9781563109375 0.7184467234375 0.9781563109375 0.6699038828125 0.9684473296875 0.6456314328125 0.94902936875 0.6456314328125 0.9393203890624999 0.66504939375 0.92718519375 0.6771845875 0.92718519375 0.6966025484375 0.9199024265625001 0.71116601875 0.9247569171875 0.7233012140625 0.9538838593750001 0.7354364078125 0.97087354375 0.7305819171875
1 0.35194150468749996 0.199028640625 0.3009703890625 0.13834854375 0.2621365296875 0.08009672343749999 0.249999271875 0.0752422328125 0.228155096875 0.1140781546875 0.22330060624999998 0.14320303437499998 0.228155096875 0.177184465625 0.24271856718749998 0.2063114078125 0.259708253125 0.22572730624999998 0.29611589843749997 0.24757354375 0.33495182031250004 0.2499997578125 0.366504975 0.242719053125 0.371359465625 0.2281555828125 0.35194150468749996 0.199028640625
1 0.46497983437499996 0 0.458738228125 0.0072814328125 0.458738228125 0.043689078125 0.48301067968750006 0.11650436875 0.536408009375 0.1966024265625 0.558252184375 0.2063114078125 0.5800963593749999 0.20388313125000002 0.6043688109375001 0.1893196609375 0.6359219656249999 0.1529120140625 0.6359219656249999 0.1140781546875 0.6262129859375001 0.099514684375 0.58495085 0.065533253125 0.5728156546875 0.0072814328125 0.5667483109375 0 0.46497983437499996 0
1 0.5922336171875 0.703883253125 0.5922336171875 0.6529121359375 0.5776701453124999 0.6310679609375 0.5558259703124999 0.6189327671875 0.53155351875 0.6189327671875 0.5072810671875 0.6383486656249999 0.5048548546875 0.6577666265625 0.5097093453125 0.6796108015625 0.47087342187500003 0.7160184468749999 0.4660189328125 0.7402908984375001 0.47087342187500003 0.749999878125 0.49029138281250007 0.7694178390624999 0.5072810671875 0.77669854375 0.5461169906250001 0.7718440531249999 0.5776701453124999 0.7354364078125 0.5922336171875 0.703883253125
1 0.342232525 0.2985446609375 0.3009703890625 0.2499997578125 0.28883519375 0.2451452671875 0.2767 0.24757354375 0.2572820390625 0.26941771875 0.2475730578125 0.2961163828125 0.249999271875 0.325243325 0.2645627421875 0.354368203125 0.283980703125 0.3762144421875 0.3009703890625 0.3834951453125 0.3300973296875 0.3834951453125 0.359224271875 0.368931675 0.3786401703125 0.339806796875 0.37621395625 0.3155343453125 0.3567959953125 0.3009708734375 0.342232525 0.2985446609375
1 0.6650489078125 0.254854246875 0.6868930828125 0.2135921109375 0.6868930828125 0.199028640625 0.6796123781250001 0.1844651703125 0.6553399265625 0.172329975 0.633495753125 0.172329975 0.5558259703124999 0.2184466015625 0.5388342234375 0.2597087375 0.5412625 0.2936901703125 0.558252184375 0.3058253640625 0.631067475 0.3009708734375 0.6480592234375 0.2936901703125 0.6577661406249999 0.28398118906250003 0.6650489078125 0.254854246875
1 0.7645628640625 0.5582526703124999 0.735435921875 0.53398021875 0.7184462375 0.48786359218750003 0.7087372578125 0.4805828890625 0.6893213593749999 0.4805828890625 0.6723296109375 0.48786359218750003 0.65291165 0.5145622578125 0.645630946875 0.5412629859375 0.65291165 0.61165 0.6747578890625 0.6432031546875 0.6941737859375 0.6529121359375 0.711165534375 0.6529121359375 0.7427186890625 0.6383486656249999 0.7718456312499999 0.6092237859375 0.7815525484375 0.584951334375 0.7645628640625 0.5582526703124999
1 1 0.0540309859375 0.987863228125 0.058252548437499996 0.97087354375 0.0752422328125 0.8956320390625001 0.1189326453125 0.8762140781250001 0.14320303437499998 0.8713595875 0.16504927187500001 0.8762140781250001 0.1699037625 0.9538838593750001 0.16262099531250002 1 0.16262099531250002 1 0.0540309859375
1 0 0 0 0.131441415625 0.0266989078125 0.1334961171875 0.0388341015625 0.1286416265625 0.0533975734375 0.1140781546875 0.0873790046875 0.055824271875 0.0873790046875 0.00485521875 0.09093946093750001 0 0 0
1 0.21359162656250003 0.1893196609375 0.22087439375 0.1529120140625 0.2184461171875 0.11650436875 0.2038826453125 0.082525 0.194175728125 0.08009672343749999 0.1820384703125 0.0849512140625 0.1213583734375 0.1577665046875 0.075241746875 0.230581796875 0.072815534375 0.252428034375 0.0800962375 0.2597087375 0.12378665 0.2621349515625 0.150485315625 0.254854246875 0.1966019421875 0.2184466015625 0.21359162656250003 0.1893196609375
1 0.4441747578125 0.79854271875 0.46116444218749997 0.7839813109375 0.46116444218749997 0.759708859375 0.43932026718749995 0.7354364078125 0.41747609218750004 0.7233012140625 0.3786401703125 0.7233012140625 0.3179621359375 0.7378646843750001 0.27912621406250004 0.75485436875 0.27184550937499996 0.7742723296875 0.2742717234375 0.8082516984374999 0.28883519375 0.8422331312500001 0.3179621359375 0.8762145625000001 0.3300973296875 0.881066990625 0.35436978125 0.8786407765625001 0.3859229375 0.8300979375 0.4441747578125 0.79854271875
1 0.58495085 0.9514560671875 0.59708810625 0.9174766984374999 0.59708810625 0.8907759703125 0.58495085 0.8616510921874999 0.558252184375 0.8665055828125 0.524272815625 0.9053394421875 0.5000003640624999 0.9514560671875 0.5000003640624999 0.9757285187500001 0.5048548546875 0.980583009375 0.53155351875 0.9830092234375 0.567961165625 0.968445753125 0.58495085 0.9514560671875
1 0.44660097031249996 0.5606788828125 0.44660097031249996 0.546117475 0.43446577656249996 0.5242712375 0.4004864078125 0.5024270625 0.38106844687499997 0.5024270625 0.371359465625 0.5145622578125 0.359224271875 0.5631071609375 0.32281456249999996 0.628641746875 0.32281456249999996 0.6529121359375 0.33252354375 0.6601949031250001 0.3956319171875 0.66504939375 0.410193325 0.6577666265625 0.41747609218750004 0.6456314328125 0.41990230625 0.6043692968750001 0.44660097031249996 0.5606788828125
1 0.287731203125 0 0.2864069171875 0.00485521875 0.2864069171875 0.0242711171875 0.293689684375 0.0315538828125 0.3252428390625 0.0242711171875 0.35436763125000004 0 0.287731203125 0
1 1 0.361522465625 0.9174762140625001 0.3810689328125 0.8810685671874999 0.4004848296875 0.8689313109375 0.41262208749999996 0.8737858015625 0.441746965625 0.8932037625 0.4660194171875 0.9150479375 0.51213604375 0.9320396843750001 0.5266995140625 0.9635928390625 0.5315540046875 0.9757280343750001 0.5266995140625 0.987863228125 0.5097077671875 0.9951459953124999 0.48300910156250004 1 0.4790118296875 1 0.361522465625
1 0.1844661921875 1 0.1747577671875 0.9830092234375 0.15533980625 0.9830092234375 0.145630825 0.992718203125 0.142632546875 1 0.1844661921875 1
1 0.4781561890625 0.9417470874999999 0.46116444218749997 0.9101939328125 0.41990230625 0.8834952671874999 0.393203640625 0.8859214812499999 0.3786401703125 0.9101939328125 0.3834946609375 0.9417470874999999 0.44174854375 0.980583009375 0.4538837375 0.980583009375 0.47330169843750003 0.9708740296875 0.4781561890625 0.9417470874999999
1 0.5946598296875 1 0.5946598296875 0.980583009375 0.5873791265625 0.9611650484375 0.5752418687499999 0.9660195390625 0.5606804609375 0.992718203125 0.5618935781250001 1 0.5946598296875 1
1 0.65252845625 1 0.645630946875 0.9563105578125001 0.6504854375 0.9417470874999999 0.6577661406249999 0.936892596875 0.6650489078125 0.9077677187500001 0.6650489078125 0.8713600734375 0.6577661406249999 0.859222815625 0.6383502421875 0.859222815625 0.6286412625 0.868931796875 0.6286412625 0.9053394421875 0.61435253125 1 0.65252845625 1
1 0.9077672328125 0.9708740296875 0.9393203890624999 0.881066990625 0.94902936875 0.8713600734375 0.944174878125 0.8665055828125 0.9296114078125 0.868931796875 0.922330703125 0.8786407765625001 0.9053389562499999 0.881066990625 0.8810685671874999 0.9417470874999999 0.8810685671874999 0.9635912624999999 0.8907775484375 0.9830092234375 0.8980582531250001 0.9830092234375 0.9077672328125 0.9708740296875
1 1 0.7731930921875 0.987863228125 0.7718440531249999 0.9417466015624999 0.7451453890625 0.9077672328125 0.73301019375 0.8932037625 0.73301019375 0.9029127421875 0.7378646843750001 0.910193446875 0.7621350734375001 0.922330703125 0.77669854375 0.9635928390625 0.7961165046875001 1 0.7891816671874999 1 0.7731930921875
1 0.8932037625 0.810679975 0.9004844656250001 0.803397209375 0.9004844656250001 0.77669854375 0.8907775484375 0.7451453890625 0.8762140781250001 0.7524281546875 0.8640768203125001 0.7888358015625 0.8640768203125001 0.803397209375 0.8737858015625 0.8131061890625 0.8932037625 0.810679975
1 0.787348290625 1 0.8047810671875 0.9924025484375001 0.8274752421875 0.937548665625 0.8218202671875 0.89310728125 0.7718712375 1 0.787348290625 1
1 0.8605819171875 0.96497560625 0.8691025484375 0.9583489078125 0.8681555828124999 0.9470141984374999 0.8615288828125 0.941334465625 0.853010315625 0.941334465625 0.8482775484375 0.951746965625 0.853010315625 0.964028640625 0.8605819171875 0.96497560625
1 0.854890771875 1 0.8558491500000001 0.997135315625 0.8482775484375 0.9895637140625 0.8369407765625001 0.9876697812499999 0.83126310625 0.99995145625 0.83126310625 1 0.854890771875 1
1 0.8993456312499999 0.8751458734374999 0.9069172328124999 0.86475813125 0.9069172328124999 0.8581314328125 0.898398665625 0.85434563125 0.8870639562499999 0.86475813125 0.888008859375 0.87041310625 0.891771965625 0.8760928390625 0.8993456312499999 0.8751458734374999
1 1 0.8467398109375001 0.9902915046875 0.8495138343749999 0.980582525 0.8737862859375 0.9611645624999999 0.8980587375000001 0.9635928390625 0.9223291265625001 0.99271771875 0.9223291265625001 1 0.9162610750000001 1 0.8467398109375001
1 0.7402904125 0.8786407765625001 0.7378641984375001 0.8519421109374999 0.716020025 0.8203889562500001 0.6941737859375 0.815534465625 0.68446686875 0.8203889562500001 0.6941737859375 0.9101939328125 0.7135917468749999 0.9344663828125 0.7257290046875 0.936892596875 0.7402904125 0.8786407765625001
1 0.32281456249999996 0.9004849515625001 0.30582487812500003 0.8834952671874999 0.303398665625 0.8737862859375 0.2815524265625 0.8640773062499999 0.2645627421875 0.8762145625000001 0.25485376249999997 0.9077677187500001 0.259708253125 0.9514560671875 0.2694172328125 0.9757285187500001 0.27912621406250004 0.980583009375 0.3179621359375 0.9708740296875 0.3446608015625 0.9538843453125001 0.3567959953125 0.936892596875 0.3567959953125 0.9271836171875 0.34708701406250003 0.915048421875 0.32281456249999996 0.9004849515625001
1 0.1810688109375 0.93543604375 0.195873665625 0.929368446875 0.21359162656250003 0.915048421875 0.2087371359375 0.9004849515625001 0.18689296093750002 0.8980587375000001 0.16747499999999998 0.9101939328125 0.160194296875 0.9199029124999999 0.1650487859375 0.9490298546875 0.1747577671875 0.9417470874999999 0.1810688109375 0.93543604375
1 0.15533980625 0.946601578125 0.1359218453125 0.9223291265625001 0.1179604375 0.9271836171875 0.11237767031250001 0.9317967234375001 0.1033990296875 0.9390774265624999 0.101942475 0.9417470874999999 0.0970879859375 0.9660195390625 0.1140776703125 0.980583009375 0.128641140625 0.980583009375 0.150485315625 0.968445753125 0.15533980625 0.946601578125
1 0.101942475 0.946601578125 0.1213583734375 0.9053394421875 0.12378665 0.8713600734375 0.1189321609375 0.8640773062499999 0.0800962375 0.8640773062499999 0.055825849999999996 0.881066990625 0.0218444171875 0.92961189375 0.0218444171875 0.9757285187500001 0.041262378125 0.9830092234375 0.0606803390625 0.9781547328125001 0.101942475 0.946601578125
1 0.5097093453125 0.8276696609374999 0.5121355578125 0.8131061890625 0.480582403125 0.7936902906250001 0.4660189328125 0.7936902906250001 0.4660189328125 0.8082516984374999 0.480582403125 0.837378640625 0.49271759687500005 0.837378640625 0.5097093453125 0.8276696609374999
1 0.711165534375 0.7912620140625 0.70631104375 0.77669854375 0.6553399265625 0.73301019375 0.64077645625 0.7354364078125 0.623786771875 0.75485436875 0.623786771875 0.7669895624999999 0.631067475 0.7791268203125 0.6723296109375 0.815534465625 0.6868930828125 0.815534465625 0.6990282765625 0.8082516984374999 0.711165534375 0.7912620140625
1 0.7985442968750001 0.7936902906250001 0.783980825 0.7742723296875 0.74999939375 0.7475736656249999 0.7305834953125 0.7402908984375001 0.716020025 0.7572805828125 0.72815521875 0.815534465625 0.7402904125 0.8349524265625 0.7645628640625 0.837378640625 0.79611601875 0.8131061890625 0.7985442968750001 0.7936902906250001
1 0.922330703125 0.6456314328125 0.9053389562499999 0.6359224515624999 0.8689313109375 0.6237872578125 0.8519416265625 0.6262134703125 0.8592223296875 0.6432031546875 0.8980582531250001 0.66747560625 0.9150479375 0.6699038828125 0.922330703125 0.66504939375 0.922330703125 0.6456314328125
1 0.72815521875 0.6747563109375 0.745144903125 0.6747563109375 0.7572821609375 0.66747560625 0.76213665 0.6456314328125 0.74999939375 0.6383486656249999 0.711165534375 0.6577666265625 0.7087372578125 0.66504939375 0.72815521875 0.6747563109375
1 0.6650489078125 0.7257274265625 0.6917475734375 0.7208729375 0.7087372578125 0.6990287625 0.70631104375 0.6699038828125 0.6966020625 0.6626211171875 0.6771841015625 0.66747560625 0.6383502421875 0.6941742718749999 0.64077645625 0.71116601875 0.6650489078125 0.7257274265625
1 0.6043688109375001 0.7669895624999999 0.631067475 0.7208729375 0.6286412625 0.7087377421875 0.61893228125 0.6990287625 0.6043688109375001 0.7014570390625 0.5606804609375 0.759708859375 0.5606804609375 0.7718440531249999 0.567961165625 0.7791268203125 0.5922336171875 0.7791268203125 0.6043688109375001 0.7669895624999999
1 0.3252428390625 0.71116601875 0.31067936875 0.6966025484375 0.29611589843749997 0.68931978125 0.2742717234375 0.68931978125 0.2742717234375 0.7014570390625 0.293689684375 0.7233012140625 0.31067936875 0.728155703125 0.327669053125 0.7257274265625 0.3252428390625 0.71116601875
1 0.21116541249999998 0.7378646843750001 0.1917474515625 0.7135922328125 0.172329490625 0.6747563109375 0.15776601875000001 0.6699038828125 0.13349563125 0.6868935671874999 0.1310673546875 0.71116601875 0.1432046109375 0.7402908984375001 0.162620509375 0.76456335 0.160194296875 0.7694178390624999 0.1747577671875 0.7718440531249999 0.20631092187500003 0.749999878125 0.21116541249999998 0.7378646843750001
1 0.0970879859375 0.7087377421875 0.1043686890625 0.6747563109375 0.0800962375 0.572816140625 0.06553482968749999 0.5655333734375 0.041262378125 0.582525121875 0.024272693749999998 0.6237872578125 0.0218444171875 0.6626211171875 0.06796104375 0.7378646843750001 0.0800962375 0.7402908984375001 0.0970879859375 0.7087377421875
1 0 0.6941745140625 0.0169899265625 0.6771845875 0.0169899265625 0.6601949031250001 0.00242645625 0.6529121359375 0 0.65372110625 0 0.6941745140625
1 0.160194296875 0.6529121359375 0.1650487859375 0.6334941749999999 0.145630825 0.5631071609375 0.1359218453125 0.5582526703124999 0.12378665 0.5631071609375 0.101942475 0.584951334375 0.0970879859375 0.6092237859375 0.10922317968749999 0.6262134703125 0.1359218453125 0.6456314328125 0.160194296875 0.6529121359375
1 0.32038835 0.6480576453125 0.3252428390625 0.6334941749999999 0.32281456249999996 0.6043692968750001 0.298544175 0.584951334375 0.27912621406250004 0.584951334375 0.249999271875 0.61165 0.24271856718749998 0.6432031546875 0.249999271875 0.6626211171875 0.27184550937499996 0.6771845875 0.27184550937499996 0.6868935671874999 0.2815524265625 0.6747563109375 0.29611589843749997 0.672330096875 0.32038835 0.6480576453125
1 0.47087342187500003 0.6529121359375 0.4757279125 0.6383486656249999 0.4563099515625 0.6189327671875 0.43932026718749995 0.616504490625 0.424756796875 0.6237872578125 0.4223305828125 0.6407769421875 0.44174854375 0.6868935671874999 0.4538837375 0.6917480578124999 0.480582403125 0.6771845875 0.480582403125 0.66747560625 0.47087342187500003 0.6529121359375
1 0.8082532765625 0.56796165 0.8058249999999999 0.550969903125 0.779126334375 0.5364084953125 0.7694173546874999 0.5364084953125 0.76213665 0.5436891984375001 0.7645628640625 0.5631071609375 0.7864070390625 0.5800968453124999 0.7985442968750001 0.57767063125 0.8082532765625 0.56796165
1 0.8932037625 0.5970865296875 0.9077672328125 0.57767063125 0.9077672328125 0.5631071609375 0.8907775484375 0.550969903125 0.8689313109375 0.550969903125 0.8592223296875 0.5655333734375 0.8616506062499999 0.584951334375 0.8762140781250001 0.5970865296875 0.8932037625 0.5970865296875
1 0.7597083734375001 0.5412629859375 0.783980825 0.521845025 0.8470871359375 0.5000008499999999 0.8519416265625 0.48786359218750003 0.8276691749999999 0.47330012187500003 0.810679490625 0.47330012187500003 0.74999939375 0.49271808281249996 0.7402904125 0.5024270625 0.7402904125 0.5315540046875 0.74999939375 0.5412629859375 0.7597083734375001 0.5412629859375
1 0.6504854375 0.51213604375 0.66262063125 0.5000008499999999 0.6699033984375 0.485437378125 0.667475121875 0.47087390781250005 0.6432047328125 0.47087390781250005 0.631067475 0.48786359218750003 0.6359219656249999 0.5097077671875 0.6504854375 0.51213604375
1 0.49514587343749994 0.5364084953125 0.519418325 0.5048553390625 0.5218445390625 0.47330012187500003 0.5169900484375 0.46844563125 0.5024265781249999 0.46844563125 0.480582403125 0.5000008499999999 0.47087342187500003 0.521845025 0.47330169843750003 0.5364084953125 0.49514587343749994 0.5364084953125
1 0.4757279125 0.5703878640625 0.47087342187500003 0.529125728125 0.46359271875 0.519416746875 0.449029246875 0.519416746875 0.44174854375 0.5242712375 0.449029246875 0.5703878640625 0.46359271875 0.5800968453124999 0.4757279125 0.5703878640625
1 0.49029138281250007 0.6092237859375 0.5048548546875 0.594660315625 0.5048548546875 0.5800968453124999 0.49757208750000004 0.5703878640625 0.48786310625 0.56796165 0.4563099515625 0.582525121875 0.4563099515625 0.5970865296875 0.4660189328125 0.606795509375 0.49029138281250007 0.6092237859375
1 0.34708701406250003 0.584951334375 0.34708701406250003 0.5582526703124999 0.3179621359375 0.529125728125 0.2912614078125 0.529125728125 0.283980703125 0.55582439375 0.293689684375 0.57767063125 0.3131076453125 0.59951480625 0.33252354375 0.59951480625 0.34708701406250003 0.584951334375
1 0.2475730578125 0.6140782765624999 0.25485376249999997 0.6043692968750001 0.2524275484375 0.584951334375 0.22330060624999998 0.57767063125 0.21359162656250003 0.582525121875 0.21359162656250003 0.59951480625 0.22087439375 0.61165 0.23058337343750002 0.6189327671875 0.2475730578125 0.6140782765624999
1 0.101942475 0.4781546109375 0.0436885921875 0.4538842234375 0.0169899265625 0.451455946875 2.421875e-7 0.4587387140625 2.421875e-7 0.4805828890625 0.0121354375 0.51213604375 0.029127184374999997 0.516990534375 0.06553482968749999 0.5436891984375001 0.1262128640625 0.5485436890625001 0.14077633437499998 0.538834709375 0.138350121875 0.5145622578125 0.101942475 0.4781546109375
1 0.0703893203125 0.385921359375 0.06553482968749999 0.3762144421875 0.04611686875 0.3713599515625 0.019418203125 0.373786165625 0.0169899265625 0.3834951453125 0.0388341015625 0.40291310625000004 0.041262378125 0.43689247499999995 0.055825849999999996 0.43932075312499996 0.0703893203125 0.41504830156250005 0.0703893203125 0.385921359375
1 0.1359218453125 0.47330012187500003 0.160194296875 0.4781546109375 0.18689296093750002 0.463593203125 0.18689296093750002 0.4490297328125 0.1820384703125 0.4441752421875 0.128641140625 0.44660145625 0.1213583734375 0.4538842234375 0.1213583734375 0.463593203125 0.1359218453125 0.47330012187500003
1 0.249999271875 0.3470875 0.24514478125 0.320388834375 0.2475730578125 0.252428034375 0.240290290625 0.2451452671875 0.2014564328125 0.2499997578125 0.194175728125 0.276698421875 0.18932123750000002 0.3276695390625 0.194175728125 0.4611649265625 0.21116541249999998 0.47330012187500003 0.23786407812500002 0.47330012187500003 0.2475730578125 0.4660194171875 0.2475730578125 0.42475728124999995 0.2524275484375 0.41504830156250005 0.2475730578125 0.4101938109375 0.24514478125 0.3762144421875 0.249999271875 0.3470875
1 0.0825245140625 0.3762144421875 0.0995141984375 0.368931675 0.1140776703125 0.354368203125 0.1140776703125 0.3470875 0.101942475 0.339806796875 0.0703893203125 0.339806796875 0.04611686875 0.3446592234375 0.0339796109375 0.354368203125 0.050971359375000004 0.373786165625 0.0825245140625 0.3762144421875
1 0.293689684375 0.463593203125 0.3009703890625 0.451455946875 0.2742717234375 0.41747657812499994 0.2572820390625 0.41262208749999996 0.249999271875 0.42233106718749996 0.249999271875 0.4611649265625 0.259708253125 0.47330012187500003 0.2742717234375 0.47330012187500003 0.293689684375 0.463593203125
1 0.3179621359375 0.4441752421875 0.3300973296875 0.4344662625 0.33495182031250004 0.40291310625000004 0.3252428390625 0.385921359375 0.293689684375 0.385921359375 0.2767 0.40291310625000004 0.2742717234375 0.419902790625 0.293689684375 0.441746965625 0.3179621359375 0.4441752421875
1 0.2815524265625 0.507281553125 0.315533859375 0.485437378125 0.32281456249999996 0.47330012187500003 0.32281456249999996 0.4611649265625 0.3179621359375 0.4563104375 0.3009703890625 0.4563104375 0.2742717234375 0.47330012187500003 0.26699101875000003 0.485437378125 0.26699101875000003 0.5000008499999999 0.2815524265625 0.507281553125
1 0.359224271875 0.48786359218750003 0.39077742656250003 0.48786359218750003 0.39805813125 0.4805828890625 0.4004864078125 0.4441752421875 0.3616504859375 0.441746965625 0.35194150468749996 0.44660145625 0.35194150468749996 0.47330012187500003 0.359224271875 0.48786359218750003
1 0.37621395625 0.41747657812499994 0.38834915 0.4004848296875 0.38834915 0.3883496359375 0.359224271875 0.3762144421875 0.35194150468749996 0.3834951453125 0.35194150468749996 0.40533932031250003 0.3640766984375 0.41747657812499994 0.37621395625 0.41747657812499994
1 0.46359271875 0.516990534375 0.47087342187500003 0.49757257343749994 0.4660189328125 0.4490297328125 0.4538837375 0.43689247499999995 0.43689405312499996 0.441746965625 0.4320395625 0.4563104375 0.4320395625 0.49757257343749994 0.44660097031249996 0.519416746875 0.46359271875 0.516990534375
1 0.53155351875 0.4538842234375 0.5436887140625 0.4344662625 0.5436887140625 0.41747657812499994 0.536408009375 0.4101938109375 0.49271759687500005 0.42718349531250005 0.49029138281250007 0.4538842234375 0.49757208750000004 0.463593203125 0.5121355578125 0.463593203125 0.53155351875 0.4538842234375
1 0.6796123781250001 0.42718349531250005 0.6699033984375 0.41504830156250005 0.6504854375 0.4101938109375 0.6165040046875 0.41262208749999996 0.6092233015625 0.419902790625 0.6092233015625 0.441746965625 0.61893228125 0.4563104375 0.6359219656249999 0.4660194171875 0.6601944171875 0.47087390781250005 0.6771841015625 0.4587387140625 0.6796123781250001 0.42718349531250005
1 0.8592223296875 0.36650546093749997 0.8762140781250001 0.36650546093749997 0.8932037625 0.3446592234375 0.8956320390625001 0.3276695390625 0.8810685671874999 0.3228150484375 0.8616506062499999 0.3276695390625 0.8422326453125001 0.342233009375 0.8422326453125001 0.351941990625 0.8592223296875 0.36650546093749997
1 1 0.2888356796875 0.9854370140625001 0.2888356796875 0.9538838593750001 0.33009781562499996 0.9514555828125 0.354368203125 0.9635928390625 0.36165097031250004 1 0.359733946875 1 0.2888356796875
1 0.922330703125 0.264563228125 0.9611645624999999 0.254854246875 0.980582525 0.220872815625 0.980582525 0.2063114078125 0.97087354375 0.199028640625 0.9563100734375001 0.199028640625 0.922330703125 0.2135921109375 0.9053389562499999 0.23301007343750002 0.9053389562499999 0.252428034375 0.922330703125 0.264563228125
1 0.5606804609375 0.3446592234375 0.5703873781250001 0.320388834375 0.5655349515625 0.3058253640625 0.524272815625 0.286407403125 0.5121355578125 0.2985446609375 0.514563834375 0.3179605578125 0.5339797328125 0.3470875 0.5509714812500001 0.3495137140625 0.5606804609375 0.3446592234375
1 0.3956319171875 0.325243325 0.4320395625 0.320388834375 0.43446577656249996 0.29126189375 0.42718507343749995 0.2815529125 0.38834915 0.28398118906250003 0.3859229375 0.3131060671875 0.3956319171875 0.325243325
1 0.3786401703125 0.2888356796875 0.39077742656250003 0.276698421875 0.4004864078125 0.254854246875 0.39805813125 0.2281555828125 0.3859229375 0.22572730624999998 0.35436978125 0.2451452671875 0.327669053125 0.252428034375 0.3252428390625 0.2621349515625 0.33252354375 0.276698421875 0.359224271875 0.29126189375 0.3786401703125 0.2888356796875
1 0.2330095875 0.242719053125 0.24271856718749998 0.23301007343750002 0.24271856718749998 0.2135921109375 0.2257288828125 0.19174793750000002 0.216019903125 0.19174793750000002 0.1990281546875 0.2160203890625 0.1990281546875 0.230581796875 0.20631092187500003 0.2451452671875 0.2330095875 0.242719053125
1 0.1747577671875 0.3325240296875 0.1917474515625 0.3106798546875 0.1917474515625 0.276698421875 0.1796122578125 0.264563228125 0.1480591015625 0.2718439328125 0.1310673546875 0.2961163828125 0.13349563125 0.325243325 0.1529135921875 0.33737851874999997 0.1747577671875 0.3325240296875
1 0.0388341015625 0.3470875 0.06553482968749999 0.3033970875 0.072815534375 0.276698421875 0.0703893203125 0.254854246875 0.0606803390625 0.254854246875 0.041262378125 0.27427220937499996 0.00242645625 0.33495230625 0.00242645625 0.354368203125 0.019418203125 0.35679648125 0.0388341015625 0.3470875
1 0.81796019375 0.18203895625 0.8276691749999999 0.19174793750000002 0.8616506062499999 0.19417415 0.8810685671874999 0.1796106796875 0.866505096875 0.1674754859375 0.8252429609374999 0.17475825312499998 0.81796019375 0.18203895625
1 0.79368980625 0.1966024265625 0.8058249999999999 0.1844651703125 0.8131077671875 0.16262099531250002 0.8082532765625 0.12621335 0.788835315625 0.12621335 0.7597083734375001 0.1529120140625 0.7548538828125 0.177184465625 0.7694173546874999 0.199028640625 0.79368980625 0.1966024265625
1 0.8592223296875 0.09466019375 0.8737858015625 0.07281601875 0.8737858015625 0.0461173546875 0.8689313109375 0.0412628640625 0.8470871359375 0.0412628640625 0.822814684375 0.060678762500000004 0.7985442968750001 0.1067953890625 0.800970509375 0.12135885937499999 0.81796019375 0.12135885937499999 0.8592223296875 0.09466019375
1 0.9684473296875 0 0.9684473296875 0.055824271875 1 0.0537215953125 1 0.0008097203125 0.9998265125 0 0.9684473296875 0
1 0.548543203125 0.23301007343750002 0.5509714812500001 0.2111658984375 0.5291252421875 0.199028640625 0.514563834375 0.199028640625 0.5097093453125 0.2063114078125 0.5121355578125 0.23301007343750002 0.53155351875 0.254854246875 0.5388342234375 0.254854246875 0.548543203125 0.23301007343750002
1 0.4441747578125 0.19417415 0.458738228125 0.1844651703125 0.4563099515625 0.1699037625 0.44660097031249996 0.16019478125 0.42961128593750003 0.1699037625 0.42961128593750003 0.186893446875 0.4441747578125 0.19417415
1 0.480582403125 0.148057525 0.4781561890625 0.1140781546875 0.4514554609375 0.0970864078125 0.4223305828125 0.0970864078125 0.4077671109375 0.12135885937499999 0.410193325 0.1334961171875 0.4320395625 0.14320303437499998 0.4563099515625 0.16504927187500001 0.468447209375 0.16504927187500001 0.480582403125 0.148057525
1 0.42718507343749995 0.09466019375 0.43689405312499996 0.0752422328125 0.4320395625 0.0485435671875 0.410193325 0.02669939375 0.3786401703125 0.033980096875 0.371359465625 0.0509718453125 0.3786401703125 0.077670509375 0.39805813125 0.099514684375 0.42718507343749995 0.09466019375
1 0.3616504859375 0.10194089843750001 0.33495182031250004 0.043689078125 0.32038835 0.02912560625 0.30582487812500003 0.02912560625 0.3009703890625 0.0364083734375 0.3009703890625 0.055824271875 0.349515290625 0.1286416265625 0.3956319171875 0.220872815625 0.41747609218750004 0.24757354375 0.4320395625 0.24757354375 0.43932026718749995 0.2281555828125 0.4320395625 0.2063114078125 0.41504781562500004 0.186893446875 0.41747609218750004 0.1796106796875 0.3616504859375 0.10194089843750001
1 0.6131950125000001 0 0.6043688109375001 0.0242711171875 0.6043688109375001 0.0509718453125 0.6092233015625 0.055824271875 0.6213584953125 0.055824271875 0.6796123781250001 0.0169904125 0.67890411875 0 0.6131950125000001 0
1 0.748063140625 0 0.6620635921875 0.0720629859375 0.660485315625 0.0775962375 0.694392475 0.0764078890625 0.7531064328125 0.028325121874999998 0.7603574515625 0 0.748063140625 0
1 0.7144912625 0.1512862859375 0.7136887140625 0.1402672328125 0.6888592234375001 0.08861735468750001 0.6754614078125 0.08861735468750001 0.6683746359375 0.09415060625 0.67388313125 0.11463519375 0.680194175 0.1335435671875 0.6904375 0.14655351875 0.7026696609374999 0.1658745140625 0.7144912625 0.1512862859375
1 0.748373665625 0.0957288828125 0.7558730578125 0.1000490296875 0.7735930828125 0.08468507343750001 0.7893696609374999 0.061431796875 0.7869908984375 0.046455703125 0.77201480625 0.045679975 0.7601932031249999 0.059077790625 0.7507524265625001 0.077986165625 0.748373665625 0.0957288828125
1 0.5048548546875 0.3276695390625 0.48543689375000004 0.3131060671875 0.4660189328125 0.3106798546875 0.449029246875 0.3155343453125 0.43446577656249996 0.33737851874999997 0.42961128593750003 0.3810689328125 0.44174854375 0.41262208749999996 0.458738228125 0.419902790625 0.49757208750000004 0.419902790625 0.5218445390625 0.41262208749999996 0.5339797328125 0.3980586171875 0.53155351875 0.37864065468749997 0.5218445390625 0.351941990625 0.5048548546875 0.3276695390625
4 1 0.775391459375 0.8870639562499999 0.7353641984375 0.7713720093750001 1 0.929821815625 1 1 0.8327403296875 1 0.775391459375
4 0 0.8779090140625 0.0718438109375 0.7977422328125 0 0.76596686875 0 0.8779090140625
4 0.718044675 0 0.6600479375 0.072281675 0.7188588593749999 0.18601868906250002 0.8616259265625 0 0.718044675 0
4 0 0.34729176875 0.1463343453125 0.1154377421875 0.044394175 0.12718507343750002 0 0.1698865671875 0 0.34729176875
1 0.128641140625 0.837378640625 0.145630825 0.8179606796875 0.145630825 0.7694178390624999 0.1310673546875 0.749999878125 0.0995141984375 0.7572805828125 0.0825245140625 0.7742723296875 0.0800962375 0.803397209375 0.0873790046875 0.8300979375 0.0970879859375 0.8398048546875 0.11650388281249999 0.8422331312500001 0.128641140625 0.837378640625
1 0.2475730578125 0.8422331312500001 0.25485376249999997 0.837378640625 0.26699101875000003 0.8058254859374999 0.2621365296875 0.7888358015625 0.23786407812500002 0.7912620140625 0.2184461171875 0.810679975 0.23058337343750002 0.837378640625 0.2475730578125 0.8422331312500001
1 0.6480592234375 0.803397209375 0.6359219656249999 0.7912620140625 0.5995143203125 0.7839813109375 0.5752418687499999 0.7888358015625 0.5752418687499999 0.803397209375 0.5922336171875 0.8131061890625 0.614077790625 0.8398048546875 0.631067475 0.837378640625 0.6480592234375 0.8519421109374999 0.6577661406249999 0.8495138343749999 0.6480592234375 0.803397209375
1 0 0.6456314328125 0.0169899265625 0.6456314328125 0.0218444171875 0.6407769421875 0.024272693749999998 0.6237872578125 0.0388341015625 0.5970865296875 0.0388341015625 0.5655333734375 0.031553398437500005 0.55582439375 0 0.5707717796875 0 0.6456314328125
1 0.6092233015625 0.6092237859375 0.633495753125 0.5970865296875 0.6432047328125 0.572816140625 0.6165040046875 0.53398021875 0.59708810625 0.529125728125 0.5873791265625 0.53398021875 0.5655349515625 0.5606788828125 0.563106675 0.5970865296875 0.567961165625 0.6019410187500001 0.6092233015625 0.6092237859375
1 0.1747577671875 0.5873796109375 0.216019903125 0.5703878640625 0.2524275484375 0.5412629859375 0.25485376249999997 0.529125728125 0.23058337343750002 0.519416746875 0.1820384703125 0.5145622578125 0.162620509375 0.5436891984375001 0.160194296875 0.582525121875 0.1747577671875 0.5873796109375
1 0.6480592234375 0.37864065468749997 0.6553399265625 0.354368203125 0.6165040046875 0.325243325 0.5825246359375 0.3179605578125 0.558252184375 0.35679648125 0.558252184375 0.373786165625 0.5800963593749999 0.407767596875 0.6067970875 0.41262208749999996 0.631067475 0.3980586171875 0.6480592234375 0.37864065468749997
1 0.0922334953125 0.3155343453125 0.1189321609375 0.3131060671875 0.13349563125 0.2936901703125 0.13349563125 0.276698421875 0.12378665 0.2669894421875 0.077670025 0.2669894421875 0.0703893203125 0.27427220937499996 0.0703893203125 0.2985446609375 0.0922334953125 0.3155343453125
1 0.9077679609375 0 0.9029127421875 0.00485521875 0.9053389562499999 0.0242711171875 0.9208741500000001 0.03082560625 0.9344658984375 0.0271842234375 0.9538838593750001 0.0024269421875 0.953074878125 0 0.9077679609375 0
1 0.089805946875 0 0.08980521875 7.28125e-7 0.0922334953125 0.082525 0.0995141984375 0.089805703125 0.145630825 0.0970864078125 0.1820384703125 0.082525 0.2038826453125 0.0485435671875 0.2087371359375 0.02669939375 0.2038826453125 0.0194166265625 0.1650482140625 0 0.089805946875 0
5 0.293689684375 0.7233012140625 0.293689684375 0.7402908984375001 0.3082531546875 0.7378646843750001 0.303398665625 0.7233012140625 0.293689684375 0.7233012140625
5 0.4757279125 0.62135898125 0.49029138281250007 0.62135898125 0.49029138281250007 0.6092237859375 0.47330169843750003 0.6092237859375 0.4757279125 0.62135898125
5 0.667475121875 0.7354364078125 0.6723296109375 0.7427191750000001 0.6868930828125 0.7378646843750001 0.68446686875 0.7257274265625 0.6699033984375 0.7257274265625 0.667475121875 0.7354364078125
5 0.480582403125 0.837378640625 0.480582403125 0.8495138343749999 0.49514587343749994 0.8519421109374999 0.49757208750000004 0.837378640625 0.480582403125 0.837378640625
5 0.9199024265625001 0.0412628640625 0.9247569171875 0.0485435671875 0.9368941749999999 0.043689078125 0.9368941749999999 0.0315538828125 0.922330703125 0.0315538828125 0.9199024265625001 0.0412628640625
5 0.7548538828125 0.854368325 0.76213665 0.8495138343749999 0.7645628640625 0.8398048546875 0.7597083734375001 0.8349524265625 0.745144903125 0.8349524265625 0.7475731796875 0.8519421109374999 0.7548538828125 0.854368325
5 0.94902936875 0.242719053125 0.9514555828125 0.25728252500000004 0.966019053125 0.252428034375 0.9635928390625 0.24029077656250003 0.94902936875 0.242719053125
5 0.59708810625 0.61165 0.5995143203125 0.6237872578125 0.614077790625 0.6237872578125 0.6116495140625 0.606795509375 0.59708810625 0.61165
5 0.8592223296875 0.3834951453125 0.8713595875 0.3834951453125 0.8762140781250001 0.3762144421875 0.8737858015625 0.36650546093749997 0.8567961171875 0.368931675 0.8592223296875 0.3834951453125
5 0.8762140781250001 0.6092237859375 0.8907775484375 0.6140782765624999 0.8932037625 0.59951480625 0.878640290625 0.594660315625 0.8762140781250001 0.6092237859375
5 0.2257288828125 0.6237872578125 0.228155096875 0.6383486656249999 0.240290290625 0.6359224515624999 0.23786407812500002 0.62135898125 0.2257288828125 0.6237872578125
5 0.6092233015625 0.8519421109374999 0.61893228125 0.854368325 0.6262129859375001 0.8495138343749999 0.6213584953125 0.8349524265625 0.6067970875 0.8398048546875 0.6092233015625 0.8519421109374999
5 0.22330060624999998 7.28125e-7 0.22087439375 0.009709709375 0.2330095875 0.012135921875 0.23543786406249997 7.28125e-7 0.22330060624999998 7.28125e-7
1 0.013761165624999998 0.176990534375 0.0069178390625 0.22448944218750003 0.053350121875 0.23978118906249998 0.013761165624999998 0.176990534375
2 0.8058249999999999 0.2499997578125 0.766991140625 0.20873762187499997 0.7572821609375 0.186893446875 0.733009709375 0.18203895625 0.6990282765625 0.20388313125000002 0.68446686875 0.2281555828125 0.701456553125 0.3470875 0.6941737859375 0.42475728124999995 0.7087372578125 0.4538842234375 0.7402904125 0.4781546109375 0.7718456312499999 0.4805828890625 0.7912615296875 0.46844563125 0.8203884703125001 0.47087390781250005 0.844660921875 0.4538842234375 0.8567961171875 0.42475728124999995 0.8495154125 0.385921359375 0.8373781546875 0.36650546093749997 0.8276691749999999 0.286407403125 0.8058249999999999 0.2499997578125
1 0.150485315625 0.4101938109375 0.160194296875 0.39320412656250003 0.160194296875 0.373786165625 0.150485315625 0.36650546093749997 0.11650388281249999 0.36650546093749997 0.0922334953125 0.385921359375 0.0922334953125 0.41262208749999996 0.11650388281249999 0.43932075312499996 0.138350121875 0.441746965625 0.1480591015625 0.4320379859375 0.150485315625 0.4101938109375
1 0.216019903125 0.5048553390625 0.23543786406249997 0.5024270625 0.23786407812500002 0.49029186874999997 0.2330095875 0.4805828890625 0.21359162656250003 0.48300910156250004 0.21116541249999998 0.49514635937499996 0.216019903125 0.5048553390625
1 0.4781561890625 0.230581796875 0.5072810671875 0.2063114078125 0.5121355578125 0.1966024265625 0.5121355578125 0.1699037625 0.49757208750000004 0.15534029062500002 0.4757279125 0.15534029062500002 0.468447209375 0.16019478125 0.449029246875 0.20873762187499997 0.4538837375 0.2281555828125 0.4781561890625 0.230581796875
1 0.1917474515625 0.6310679609375 0.18689296093750002 0.6529121359375 0.216019903125 0.6553404125 0.2184461171875 0.6359224515624999 0.21359162656250003 0.6310679609375 0.1917474515625 0.6310679609375
1 0.15776601875000001 0.83252415 0.1747577671875 0.83252415 0.1796122578125 0.8276696609374999 0.1796122578125 0.810679975 0.162620509375 0.8082516984374999 0.15533980625 0.8131061890625 0.15776601875000001 0.83252415
1 0.94902936875 0.6189327671875 0.9684473296875 0.6092237859375 0.966019053125 0.594660315625 0.95873835 0.589805825 0.94902936875 0.589805825 0.9368941749999999 0.59951480625 0.9393203890624999 0.61165 0.94902936875 0.6189327671875
1 1 0.6934463546875 0.99271771875 0.6941742718749999 0.987863228125 0.7087377421875 0.9902915046875 0.7208729375 1 0.7208729375 1 0.6934463546875
1 0.5266990296875 0.5970865296875 0.5412625 0.5970865296875 0.548543203125 0.5873796109375 0.548543203125 0.5752423546875 0.524272815625 0.572816140625 0.5218445390625 0.5922320390625 0.5266990296875 0.5970865296875
1 0.735435921875 0.9902919906250001 0.745144903125 0.9854375 0.7475731796875 0.9757285187500001 0.7427186890625 0.9635912624999999 0.723300728125 0.9611650484375 0.716020025 0.9660195390625 0.7208745140625 0.9878637140625001 0.735435921875 0.9902919906250001
1 0.410193325 0.4004848296875 0.41990230625 0.3956303390625 0.4223305828125 0.3810689328125 0.41504781562500004 0.373786165625 0.3956319171875 0.3810689328125 0.4004864078125 0.3980586171875 0.410193325 0.4004848296875
1 0.8519416265625 0.8640773062499999 0.8713595875 0.8567966015625 0.8737858015625 0.8422331312500001 0.8689313109375 0.837378640625 0.8592223296875 0.837378640625 0.8495154125 0.847087621875 0.8519416265625 0.8640773062499999
1 0.623786771875 0.650485921875 0.623786771875 0.6699038828125 0.65291165 0.6699038828125 0.65291165 0.650485921875 0.623786771875 0.650485921875
1 0.47330169843750003 0.8907759703125 0.4781561890625 0.8956304609375 0.5000003640624999 0.893204246875 0.49757208750000004 0.8713600734375 0.47330169843750003 0.8762145625000001 0.47330169843750003 0.8907759703125
1 0.832523665625 0.546117475 0.8567961171875 0.5412629859375 0.8567961171875 0.521845025 0.8519416265625 0.516990534375 0.832523665625 0.516990534375 0.8276691749999999 0.521845025 0.8252429609374999 0.53398021875 0.832523665625 0.546117475
1 0.3009703890625 0.5242712375 0.31067936875 0.529125728125 0.3252428390625 0.5266995140625 0.3252428390625 0.5048553390625 0.30582487812500003 0.5024270625 0.3009703890625 0.507281553125 0.3009703890625 0.5242712375
1 0.031553398437500005 0.7451453890625 0.031553398437500005 0.7305819171875 0.024272693749999998 0.7233012140625 0.0072809468749999995 0.7233012140625 0.0072809468749999995 0.7451453890625 0.031553398437500005 0.7451453890625
1 0.5728156546875 0.4344662625 0.5776701453124999 0.43932075312499996 0.5946598296875 0.43689247499999995 0.59708810625 0.41504830156250005 0.5728156546875 0.41504830156250005 0.5728156546875 0.4344662625
1 0.25485376249999997 0.41262208749999996 0.2694172328125 0.41262208749999996 0.28883519375 0.39077585 0.2864069171875 0.37864065468749997 0.27184550937499996 0.3762144421875 0.249999271875 0.3956303390625 0.249999271875 0.407767596875 0.25485376249999997 0.41262208749999996
1 0.3300973296875 0.5242712375 0.3640766984375 0.5266995140625 0.3689311890625 0.521845025 0.3689311890625 0.5048553390625 0.33980631093749997 0.5024270625 0.3300973296875 0.507281553125 0.3300973296875 0.5242712375
1 0.854369903125 0.51213604375 0.8616506062499999 0.516990534375 0.8932037625 0.516990534375 0.9004844656250001 0.5024270625 0.8932037625 0.49271808281249996 0.854369903125 0.49514635937499996 0.854369903125 0.51213604375
1 0.4514554609375 0.7087377421875 0.44174854375 0.6868935671874999 0.41747609218750004 0.6747563109375 0.39805813125 0.6747563109375 0.3956319171875 0.7063115296875 0.402912621875 0.7135922328125 0.424756796875 0.7233012140625 0.449029246875 0.7257274265625 0.4514554609375 0.7087377421875
1 0.16990327656249998 0.5097077671875 0.1917474515625 0.5048553390625 0.1966019421875 0.49757257343749994 0.194175728125 0.47330012187500003 0.1796122578125 0.46844563125 0.15533980625 0.48786359218750003 0.150485315625 0.5048553390625 0.16990327656249998 0.5097077671875
1 0.15776601875000001 0.43932075312499996 0.1796122578125 0.44660145625 0.1917474515625 0.4441752421875 0.1966019421875 0.42233106718749996 0.1917474515625 0.41747657812499994 0.1650487859375 0.41747657812499994 0.15776601875000001 0.42475728124999995 0.15776601875000001 0.43932075312499996
1 0.6616509703125 0.411165534375 0.6796123781250001 0.41747657812499994 0.6893213593749999 0.41262208749999996 0.6917475734375 0.3956303390625 0.6601944171875 0.39077585 0.6504854375 0.3956303390625 0.6480592234375 0.40533932031250003 0.6616509703125 0.411165534375
1 0.7305834953125 0.7233012140625 0.7597083734375001 0.7233012140625 0.7694173546874999 0.7160184468749999 0.7694173546874999 0.703883253125 0.7645628640625 0.6990287625 0.7257290046875 0.7014570390625 0.723300728125 0.71116601875 0.7305834953125 0.7233012140625