1 0.941666 0.699404 0.948958 0.691964 0.948958 0.67262 0.941666 0.64137 0.9239580000000001 0.61756 0.907292 0.58631 0.896876 0.57738 0.884374 0.57738 0.872916 0.5848220000000001 0.865626 0.605654 0.865626 0.61756 0.870834 0.645834 0.882292 0.660714 0.896876 0.666666 0.910416 0.677084 0.930208 0.699404 0.941666 0.699404
1 0.323958 0.441964 0.33125 0.42262000000000005 0.332292 0.404762 0.330208 0.383928 0.323958 0.373512 0.294792 0.376488 0.282292 0.380952 0.272916 0.38839199999999996 0.26875 0.39881 0.26875 0.407738 0.276042 0.41369 0.285416 0.431548 0.303124 0.440476 0.309374 0.449404 0.317708 0.449404 0.323958 0.441964
1 0.35937600000000003 0.096726 0.3625 0.07738 0.35625 0.063988 0.325 0.040178000000000005 0.307292 0.03869 0.301042 0.044642 0.3 0.063988 0.302084 0.071428 0.3125 0.090774 0.321876 0.10119 0.32916599999999996 0.105654 0.34375 0.107142 0.352084 0.10416600000000001 0.35937600000000003 0.096726
1 0.602084 0.39881 0.629166 0.39881 0.6416660000000001 0.394346 0.65 0.385416 0.658334 0.352678 0.6729160000000001 0.315476 0.6739580000000001 0.293154 0.6708339999999999 0.287202 0.657292 0.27678600000000003 0.633334 0.26488 0.566666 0.20387 0.55625 0.20833400000000002 0.5166660000000001 0.251488 0.5156240000000001 0.270834 0.523958 0.29613 0.527084 0.29910800000000004 0.536458 0.324404 0.5489580000000001 0.345238 0.569792 0.372024 0.592708 0.394346 0.602084 0.39881
1 0.483334 0.5327379999999999 0.46875 0.51637 0.44791600000000004 0.50744 0.433334 0.5089279999999999 0.42916600000000005 0.51637 0.42916600000000005 0.525298 0.433334 0.537202 0.44791600000000004 0.55506 0.46041600000000005 0.5610120000000001 0.47708399999999995 0.5610120000000001 0.486458 0.5535720000000001 0.486458 0.541666 0.483334 0.5327379999999999
1 0.6718759999999999 0.636904 0.679166 0.627976 0.684374 0.611608 0.682292 0.581846 0.678126 0.568452 0.664584 0.549108 0.6104160000000001 0.5089279999999999 0.5760419999999999 0.49256 0.563542 0.495536 0.558334 0.5327379999999999 0.559374 0.5625 0.565626 0.590774 0.5802080000000001 0.61756 0.604166 0.638392 0.629166 0.6473220000000001 0.659376 0.644346 0.6718759999999999 0.636904
1 0.908334 0.535714 0.911458 0.525298 0.911458 0.510416 0.907292 0.5 0.898958 0.494048 0.876042 0.49107200000000006 0.864584 0.48362999999999995 0.85625 0.48362999999999995 0.85 0.488096 0.841666 0.504464 0.840624 0.52381 0.846876 0.544642 0.855208 0.556548 0.869792 0.5639879999999999 0.8875 0.5625 0.896876 0.55506 0.908334 0.535714
1 0.753126 0.747024 0.771876 0.75 0.803126 0.736608 0.8125 0.708334 0.811458 0.69494 0.80625 0.683036 0.7947919999999999 0.67113 0.785416 0.669642 0.780208 0.67262 0.770834 0.6889879999999999 0.751042 0.71131 0.745834 0.723214 0.745834 0.738096 0.753126 0.747024
1 0.3875 0.675596 0.3875 0.68006 0.402084 0.700892 0.40312400000000004 0.71131 0.388542 0.74256 0.384376 0.760416 0.373958 0.776786 0.3625 0.78125 0.35937600000000003 0.78869 0.366666 0.79613 0.396874 0.79762 0.435416 0.7901779999999999 0.44583399999999995 0.784226 0.455208 0.785714 0.508334 0.754464 0.526042 0.73363 0.523958 0.724702 0.511458 0.715774 0.49166600000000005 0.684524 0.473958 0.674108 0.436458 0.6651779999999999 0.41875 0.666666 0.40625 0.675596 0.392708 0.67113 0.3875 0.675596
1 0.560416 0.700892 0.532292 0.681548 0.502084 0.677084 0.495834 0.683036 0.495834 0.690476 0.502084 0.705358 0.5125 0.71875 0.522916 0.72619 0.5458339999999999 0.72619 0.55625 0.7202379999999999 0.561458 0.712798 0.560416 0.700892
1 0.1541663546875 1 0.175 0.977678 0.178124 0.959822 0.171876 0.9419639999999999 0.16354200000000002 0.9389879999999999 0.15520799999999998 0.9419639999999999 0.140624 0.9613099999999999 0.135416 0.991072 0.13958399999999999 0.9955360000000001 0.13958399999999999 1 0.1541663546875 1
1 0.557292 0.8139879999999999 0.555208 0.818452 0.557292 0.831846 0.572916 0.846726 0.59375 0.8482139999999999 0.60625 0.8392860000000001 0.60625 0.82887 0.601042 0.821428 0.56875 0.8139879999999999 0.557292 0.8139879999999999
1 0.655208 0.7589279999999999 0.620834 0.755952 0.615626 0.761904 0.615626 0.769346 0.619792 0.775298 0.6416660000000001 0.785714 0.663542 0.785714 0.66875 0.7827379999999999 0.6718759999999999 0.775298 0.667708 0.76488 0.655208 0.7589279999999999
1 0.601666 1 0.6104160000000001 0.989584 0.613542 0.977678 0.620834 0.9642860000000001 0.619792 0.95387 0.6104160000000001 0.940476 0.5760419999999999 0.915178 0.552084 0.892858 0.54375 0.89137 0.5375 0.894346 0.521876 0.915178 0.51875 0.925596 0.519792 0.940476 0.533334 0.991072 0.540278 1 0.601666 1
1 0.808334 0.8675599999999999 0.7875 0.864584 0.78125 0.8705360000000001 0.782292 0.8824400000000001 0.7875 0.892858 0.810416 0.909226 0.823958 0.909226 0.83125 0.903274 0.835416 0.892858 0.83125 0.8824400000000001 0.808334 0.8675599999999999
1 1 0.8652084500000001 0.995834 0.85863 0.9833339999999999 0.85863 0.975 0.864584 0.971876 0.8705360000000001 0.973958 0.8824400000000001 0.9843759999999999 0.897322 0.995834 0.931548 1 0.93551561875 1 0.8652084500000001
1 0.969792 0.974702 0.979166 0.9672620000000001 0.9833339999999999 0.946428 0.9822919999999999 0.940476 0.976042 0.9330360000000001 0.945834 0.9330360000000001 0.933334 0.9389879999999999 0.932292 0.95387 0.938542 0.9642860000000001 0.945834 0.96875 0.969792 0.974702
4 0.209374 0.9761900000000001 0.21666599999999997 0.9955360000000001 0.225 0.9985120000000001 0.276042 0.9985120000000001 0.28125 0.994048 0.28125 0.979166 0.272916 0.943452 0.26875 0.909226 0.26458400000000004 0.8988099999999999 0.25729199999999997 0.897322 0.217708 0.90625 0.201042 0.9136900000000001 0.2 0.92113 0.203124 0.9419639999999999 0.210416 0.949404 0.20833400000000002 0.956846 0.209374 0.9761900000000001
4 1 0.5455348578125 0.995834 0.54613 0.9833339999999999 0.5401779999999999 0.93125 0.504464 0.927084 0.498512 0.913542 0.49256 0.896876 0.47916600000000004 0.8927080000000001 0.471726 0.886458 0.471726 0.871874 0.464286 0.825 0.431548 0.810416 0.433036 0.810416 0.440476 0.802084 0.45089199999999996 0.790624 0.48512000000000005 0.770834 0.5297620000000001 0.7635419999999999 0.55506 0.720834 0.65625 0.715624 0.6785720000000001 0.694792 0.72619 0.691666 0.738096 0.692708 0.747024 0.683334 0.760416 0.682292 0.77381 0.6708339999999999 0.787202 0.66875 0.800596 0.664584 0.8080360000000001 0.665624 0.815476 0.657292 0.82887 0.654166 0.846726 0.6625 0.857142 0.6718759999999999 0.857142 0.677084 0.852678 0.696874 0.8482139999999999 0.7322919999999999 0.82738 0.744792 0.825892 0.751042 0.8199400000000001 0.776042 0.8110120000000001 0.782292 0.79762 0.804166 0.799108 0.83125 0.787202 0.839584 0.787202 0.842708 0.79613 0.844792 0.79613 0.848958 0.78869 0.863542 0.78125 0.877084 0.76637 0.913542 0.763392 0.934374 0.75 0.95625 0.745536 0.991666 0.729166 1 0.7286898078124999 1 0.5455348578125
4 0.302084 0.38988 0.30625 0.397322 0.30625 0.403274 0.294792 0.407738 0.292708 0.403274 0.286458 0.403274 0.286458 0.409226 0.290626 0.412202 0.286458 0.41666600000000004 0.27916599999999997 0.412202 0.27395800000000003 0.401786 0.26458400000000004 0.41517799999999994 0.26666599999999996 0.44642799999999994 0.277084 0.48214199999999996 0.280208 0.48660800000000004 0.289584 0.48660800000000004 0.309374 0.470238 0.33125 0.45833399999999996 0.348958 0.441964 0.4 0.409226 0.40937599999999996 0.39881 0.40937599999999996 0.39137 0.364584 0.366072 0.33645800000000003 0.369048 0.32916599999999996 0.375 0.298958 0.377976 0.28854199999999997 0.38244 0.285416 0.386904 0.2875 0.38988 0.302084 0.38988
1 0.8375 0.70387 0.8375 0.7202379999999999 0.842708 0.730654 0.8625 0.739584 0.871874 0.736608 0.871874 0.71875 0.8604160000000001 0.70238 0.84375 0.697916 0.8375 0.70387
1 0.958334 0.619048 0.944792 0.622024 0.939584 0.629464 0.939584 0.638392 0.948958 0.662202 0.9625 0.66369 0.975 0.64881 0.975 0.635416 0.969792 0.6264879999999999 0.958334 0.619048
1 0.344792 0.775298 0.34583400000000003 0.76488 0.339584 0.752976 0.325 0.738096 0.31458400000000003 0.732142 0.304166 0.730654 0.292708 0.745536 0.291666 0.763392 0.301042 0.793154 0.309374 0.802084 0.316666 0.8050599999999999 0.31875 0.800596 0.334374 0.7901779999999999 0.344792 0.775298
1 0.294792 0.8422620000000001 0.285416 0.833334 0.27395800000000003 0.834822 0.26875 0.84375 0.26875 0.861608 0.272916 0.8675599999999999 0.2875 0.864584 0.29583400000000004 0.852678 0.294792 0.8422620000000001
1 0.21588599999999997 0.9373659999999999 0.214698 0.94244 0.21352000000000002 0.94689 0.214698 0.952574 0.21982200000000002 0.9530799999999999 0.225344 0.9514440000000001 0.230072 0.950268 0.233624 0.9429460000000001 0.2285 0.9378719999999999 0.225344 0.93061 0.21825 0.93061 0.21588599999999997 0.9373659999999999
1 0.436458 0.9389879999999999 0.43125 0.924108 0.422916 0.9136900000000001 0.407292 0.90625 0.39166599999999996 0.90625 0.384376 0.9136900000000001 0.38229199999999997 0.919642 0.384376 0.947916 0.397916 0.9642860000000001 0.41354199999999997 0.9702379999999999 0.425 0.9702379999999999 0.43437400000000004 0.9642860000000001 0.4375 0.950892 0.436458 0.9389879999999999
1 0.436458 0.793154 0.432292 0.8050599999999999 0.432292 0.815476 0.43437400000000004 0.818452 0.44479199999999997 0.818452 0.463542 0.8139879999999999 0.467708 0.809524 0.467708 0.800596 0.45625 0.787202 0.44687599999999994 0.784226 0.436458 0.793154
1 0.539584 0.8422620000000001 0.534376 0.84375 0.5375 0.86012 0.552084 0.877976 0.566666 0.8764879999999999 0.573958 0.869048 0.572916 0.863096 0.5625 0.86012 0.5458339999999999 0.8452379999999999 0.539584 0.8422620000000001
1 0.75625 0.92262 0.757292 0.9330360000000001 0.7666660000000001 0.940476 0.780208 0.9389879999999999 0.784376 0.9300599999999999 0.782292 0.919642 0.775 0.9136900000000001 0.7645839999999999 0.9136900000000001 0.75625 0.92262
1 0.864584 0.79762 0.895834 0.8080360000000001 0.913542 0.8050599999999999 0.9208339999999999 0.79762 0.9208339999999999 0.785714 0.907292 0.7797620000000001 0.896876 0.76637 0.8895839999999999 0.76637 0.8593759999999999 0.778274 0.853124 0.785714 0.855208 0.791666 0.864584 0.79762
1 0.801042 0.537202 0.788542 0.550596 0.789584 0.559524 0.804166 0.574404 0.814584 0.57887 0.823958 0.57887 0.8270839999999999 0.574404 0.8270839999999999 0.550596 0.816666 0.537202 0.801042 0.537202
1 0.691666 0.160714 0.684374 0.154762 0.634374 0.14285799999999998 0.623958 0.147322 0.620834 0.154762 0.621874 0.165178 0.635416 0.1875 0.655208 0.200892 0.6739580000000001 0.199404 0.683334 0.19494 0.690626 0.186012 0.69375 0.177084 0.691666 0.160714