3 0.930328 0.27932043125 0.9241798031249999 0.26080214062499996 0.9190577046874999 0.2546286765625 0.9149596062500001 0.2546286765625 0.9067613109374999 0.2700612859375 0.9067613109374999 0.29012346718750004 0.9149596062500001 0.3132713296875 0.9211057046875 0.3209886875 0.9262299015625001 0.3209886875 0.9323780984375001 0.3086417578125 0.930328 0.27932043125
1 0.8452877375 0.2932091484375 0.8483597375 0.2993826125 0.8575820328124999 0.29629693281249997 0.8586060328125 0.280864321875 0.8504098359375 0.27777864218750004 0.8463117375 0.2824082140625 0.8452877375 0.2932091484375
1 0.730532590625 0.2824082140625 0.7366807875 0.26543171249999997 0.7366807875 0.24228385000000002 0.728484590625 0.2237655609375 0.72233639375 0.22067987968749997 0.7131140984375001 0.22222166875 0.702867803125 0.23302470468749997 0.6885255078125 0.237654278125 0.6834013109375 0.24536953125 0.6864754093750001 0.27623475000000003 0.6956977046875 0.291667359375 0.7131140984375001 0.2978387203125 0.7233603937499999 0.291667359375 0.730532590625 0.2824082140625
1 0.60963134375 0.31049484843749997 0.6050212453125 0.2973759734375 0.6002055078125 0.29027701562499997 0.5952869515625 0.27932043125 0.5778684593750001 0.280864321875 0.55532786875 0.29475304062499996 0.5522537703125 0.3040121859375 0.5512297703125 0.3456783375 0.5573779671875 0.3580252671875 0.5696722624999999 0.36419662812500003 0.5881147546875 0.36419662812500003 0.5963109515625 0.3580252671875 0.603483146875 0.3490732171875 0.61065534375 0.3348774046875 0.61065534375 0.3163570109375 0.60963134375 0.31049484843749997
1 0.5297131796875 0.3117274375 0.5307371796875 0.29475304062499996 0.52561508125 0.27314906875 0.5194668859375 0.2669756046875 0.50204839375 0.2669756046875 0.4907780984375 0.27469085781249997 0.4825819015625 0.28857957500000003 0.48155790156249995 0.3055560765625 0.487704 0.348766121875 0.492828196875 0.356481375 0.50204839375 0.3580252671875 0.5153687875 0.35339569375 0.523564984375 0.34104876562499997 0.5297131796875 0.3117274375
1 0.36987685312499996 0.1975299140625 0.3493842625 0.177469834375 0.33299186875000003 0.169752478125 0.3165973765625 0.1712963703125 0.310451278125 0.1790116234375 0.310451278125 0.1867289796875 0.3504103609375 0.3117274375 0.354508459375 0.31944479531250003 0.36270465625 0.3209886875 0.3770490484375 0.3009265046875 0.38524524531250004 0.27314906875 0.38627134375 0.2515429953125 0.3780730484375 0.214506415625 0.36987685312499996 0.1975299140625
1 0.2202868203125 0.34104876562499997 0.22336091875 0.30709786562499997 0.21721272187500001 0.27932043125 0.210040525 0.2669756046875 0.1977462296875 0.27623475000000003 0.19467213125 0.29012346718750004 0.187499934375 0.30246829375 0.187499934375 0.31018565 0.172131540625 0.3209886875 0.14036865625 0.3734557734375 0.13832065625 0.38580270156249996 0.1424187546875 0.395061846875 0.157787146875 0.4012353125 0.1762296390625 0.3996914203125 0.1977462296875 0.3842588109375 0.21209062343750001 0.3626548390625 0.2202868203125 0.34104876562499997
1 0.210040525 0.25617256718750003 0.2192628203125 0.23302470468749997 0.2202868203125 0.214506415625 0.21721272187500001 0.2021594859375 0.1997942296875 0.195988125 0.186475934375 0.19907380624999998 0.1803277375 0.20524727031249998 0.1772536390625 0.2160503078125 0.1793037375 0.25308688749999997 0.186475934375 0.2592582484375 0.2038944265625 0.2592582484375 0.210040525 0.25617256718750003
1 0.9754091796875001 0.361110946875 0.9897535734374999 0.3580252671875 0.992827671875 0.35339569375 0.992827671875 0.3456783375 0.9846314749999999 0.3364191921875 0.9784832781249999 0.3364191921875 0.9702870812500001 0.348766121875 0.9754091796875001 0.361110946875
1 0.883196721875 0.4614197546875 0.8852468203124999 0.4537045015625 0.8852468203124999 0.44290146406249997 0.8801226234374999 0.43518621093750004 0.8719264265625 0.436728 0.8688523281249999 0.44135757187499997 0.8719264265625 0.4614197546875 0.877048525 0.4660493265625 0.883196721875 0.4614197546875
1 0.9262299015625001 0.41049445625000003 0.9313520000000001 0.3966057390625 0.930328 0.382717021875 0.9252059015625 0.3780874484375 0.91700760625 0.3842588109375 0.9139335078125 0.3966057390625 0.91598360625 0.40740667343750003 0.9200817046875001 0.41049445625000003 0.9262299015625001 0.41049445625000003
1 0.6434422296875 0.4799380453125 0.6506144265625 0.4660493265625 0.6506144265625 0.44598714531250006 0.645492328125 0.42746885468749996 0.64036813125 0.4197536015625 0.6372940328125 0.4197536015625 0.6086073437499999 0.4382718921875 0.602459146875 0.4537045015625 0.603483146875 0.47222279218749996 0.6229517375 0.48765329843750005 0.6342220328125 0.486111509375 0.6434422296875 0.4799380453125
1 0.5676221640625 0.41049445625000003 0.5604499671875 0.4012353125 0.5532777703125 0.3966057390625 0.5440575734374999 0.3966057390625 0.5368853765625 0.40277710000000005 0.5307371796875 0.4135801375 0.521516984375 0.44444535625 0.522540984375 0.4583340734375 0.5297131796875 0.47222279218749996 0.5368853765625 0.478394153125 0.5584019671875 0.48765329843750005 0.5665981640625 0.48456761718749997 0.5747943609374999 0.4598758625 0.5747943609374999 0.44135757187499997 0.5676221640625 0.41049445625000003
1 0.3596305578125 0.4135801375 0.3657787546875 0.3935179546875 0.365675934375 0.3765435578125 0.355532459375 0.3703700921875 0.3473362625 0.3734557734375 0.3422141640625 0.382717021875 0.3432381640625 0.40740667343750003 0.3483602625 0.41512402968749995 0.354508459375 0.418209709375 0.3596305578125 0.4135801375
1 0.24180340937499997 0.5493837359375 0.24692550781249997 0.5339511265625 0.24692550781249997 0.5108032640625 0.24077940937500003 0.4938267625 0.2346312125 0.48919718906250004 0.22336091875 0.48765329843750005 0.2131146234375 0.4922849734375 0.20696642656250003 0.5015441187499999 0.1997942296875 0.5185185171875 0.1926220328125 0.5462959515625 0.1926220328125 0.5663581343749999 0.1967222296875 0.577161171875 0.1997942296875 0.5802468515625 0.2141386234375 0.5787029593749999 0.2305331140625 0.5648142421875 0.24180340937499997 0.5493837359375
1 0.13839200000000002 0.48635760625 0.159211934375 0.4773929375 0.165164984375 0.46246934843750004 0.12947816406249998 0.4475310375 0.12649639375 0.4729169125 0.13839200000000002 0.48635760625
1 0.1106348859375 0.4415594984375 0.10865822968750001 0.4490286546875 0.147316328125 0.45052416875 0.14633219687500001 0.42961431718750004 0.1314548203125 0.42066437187499994 0.116587934375 0.42961431718750004 0.1106348859375 0.4415594984375
1 0.0379099015625 0.424383175 0.043032 0.4120362453125 0.042008000000000004 0.398147528125 0.031761704687499996 0.38734659374999997 0.0235655078125 0.38734659374999997 0.018443409375 0.3966057390625 0.018443409375 0.41512402968749995 0.026639606249999996 0.4259249625 0.0379099015625 0.424383175
1 0.12295016406249999 0.555555096875 0.1270482625 0.54783984375 0.1260242625 0.535492915625 0.11782806562499999 0.5262337703125 0.10963186875 0.5277776625 0.1065577703125 0.535492915625 0.1075817703125 0.5524694171875 0.11372996718749999 0.5586428812500001 0.12295016406249999 0.555555096875
2 0.062110295312499994 0.7507711921875 0.060051803125000004 0.8188896421875 0.08883291875 0.8560334953125001 0.1361173765625 0.8529478140625001 0.191619015625 0.821975321875 0.22040013125 0.7755407734374999 0.22862780312500003 0.7229012078125 0.2142309515625 0.6795523390625 0.191619015625 0.6516823546875 0.1546102296875 0.6410496921875 0.0970584921875 0.67644983125 0.062110295312499994 0.7507711921875
2 0.3630287296875 1 0.337580984375 0.9644130296875 0.280020853125 0.9520219296875 0.238903475 0.9984712015625 0.2388083125 1 0.3630287296875 1
1 0.8641614125 1 0.8637302296874999 0.987653440625 0.8719264265625 0.9475311812499999 0.8719264265625 0.9336424624999999 0.8657782296875001 0.9197537453125 0.8586060328125 0.91358028125 0.8504098359375 0.91358028125 0.838115540625 0.9336424624999999 0.8350414421875 0.9537046453125001 0.83196734375 0.95987600625 0.8329913437500001 0.9675933625 0.8268452453125 0.9768525078125 0.8268452453125 0.9969125859375 0.82912255625 1 0.8641614125 1
1 0.630123934375 0.884258953125 0.6239757375 0.887344634375 0.616803540625 0.8981476718750001 0.602459146875 0.9012354546875001 0.5973370484375 0.9166659609375 0.5983610484375 0.9367281437500001 0.601435146875 0.9506168609375001 0.6086073437499999 0.962963790625 0.6239757375 0.9783942968750001 0.6362700328125 0.9830238687499999 0.6475403281250001 0.9830238687499999 0.6557386234375 0.9753086156249999 0.6577866234374999 0.9660494703125 0.6567626234375 0.9351842515625 0.6629108203125 0.92592510625 0.66700891875 0.9120363890625001 0.661884721875 0.8935180984375 0.630123934375 0.884258953125
1 0.6639348203125001 0.71913613125 0.6495904265625 0.703703521875 0.6475403281250001 0.6898148046875 0.6413942296874999 0.6836413390625 0.631147934375 0.6867291234375 0.6239757375 0.6975300578125 0.6239757375 0.703703521875 0.6147534421875 0.714506559375 0.60963134375 0.726851384375 0.6086073437499999 0.757716603125 0.61065534375 0.7716053203125 0.616803540625 0.7824083578125001 0.630123934375 0.7901236109374999 0.645492328125 0.78703793125 0.6577866234374999 0.773147109375 0.66803291875 0.74228399375 0.6639348203125001 0.71913613125
1 0.6762291140625 0.589505996875 0.6649588203125 0.5910498890625 0.6557386234375 0.600309034375 0.63934413125 0.6033947140625 0.6352460328125 0.612653859375 0.6352460328125 0.634259934375 0.6434422296875 0.66203736875 0.660860721875 0.6820995515625 0.6700830156250001 0.6867291234375 0.687499409375 0.68518523125 0.69364760625 0.6697526218750001 0.69467160625 0.646604759375 0.7049179015625 0.6188273234375 0.7038939015625 0.6080242874999999 0.699795803125 0.601850821875 0.6854514093749999 0.5987651421875 0.6762291140625 0.589505996875
4 0.7651451296875 0 0.8054398687500001 0.012546834375 0.85663986875 0.2708942296875 0.8586271390625001 0 0.7651451296875 0
1 0.13291719531249999 0 0.132172459375 0.0246918375 0.134220459375 0.0308631984375 0.1526629515625 0.0447540203125 0.171107540625 0.043210128125000004 0.18852393437499998 0.0339509828125 0.19569613125000002 0.0231479453125 0.1997942296875 0.010803120312500001 0.20170779374999998 0 0.13291719531249999 0
1 0.4549171140625 0.0879619609375 0.45696721250000005 0.0817906 0.45696721250000005 0.06172841875 0.45286911406249997 0.040124446875000004 0.440572721875 0.0370366640625 0.4200822296875 0.0570988453125 0.3995896390625 0.06172841875 0.3995896390625 0.07407324374999999 0.4057378359375 0.0956793171875 0.40676183593750004 0.111111928125 0.40983593437500004 0.1172832890625 0.4211062296875 0.1219128609375 0.4549171140625 0.0879619609375
1 1 0.061421440625000004 0.9918036718750001 0.0725314546875 0.9907796718749999 0.112653715625 0.9948777703125 0.1250006453125 1 0.1313129203125 1 0.061421440625000004
4 0.9694162625 0.8208647296875 0.931660459375 0.8295517515625 0.9297341640625 0.9529474234374999 0.9873362625000001 0.9191984484375 0.9694162625 0.8208647296875
1 0.9242887171874999 1 0.922131803125 0.9691351515625 0.9098354093750001 0.921295534375 0.9026632125 0.9120363890625001 0.8975411140625 0.9120363890625001 0.8934430156250001 0.9151241734375001 0.892419015625 0.97067904375 0.8996488421875 1 0.9242887171874999 1
1 0.72552410625 1 0.729508590625 0.9922830140625001 0.72233639375 0.9429016078125001 0.72131239375 0.9104946 0.7141401968750001 0.9027772437499999 0.702867803125 0.9043211359375001 0.69364760625 0.9104946 0.6854514093749999 0.9243833171875 0.6854514093749999 0.9351842515625 0.6956977046875 0.956790325 0.694671615625 1 0.72552410625 1
1 0.4979502953125 0.9336424624999999 0.4969262953125 0.9166659609375 0.485656 0.9027772437499999 0.477459803125 0.9027772437499999 0.47336170468749994 0.9120363890625001 0.4754097046875 0.9336424624999999 0.4825819015625 0.9398138234375001 0.49487619687500006 0.9382720359375 0.4979502953125 0.9336424624999999
1 0.4211062296875 0.907406815625 0.41188603281249997 0.8858028453125 0.4057378359375 0.8811732734375 0.3985656390625 0.8811732734375 0.3903694421875 0.8935180984375 0.3903694421875 0.92592510625 0.3985656390625 0.9398138234375001 0.41598413125 0.9398138234375001 0.4211062296875 0.9274689984375 0.4211062296875 0.907406815625
1 0.24795160625 0.9320985703125 0.24692550781249997 0.9243833171875 0.23155711406249999 0.9012354546875001 0.22540891875 0.8966058828125 0.216188721875 0.8981476718750001 0.2131146234375 0.9043211359375001 0.2110666234375 0.9228394265625001 0.21209062343750001 0.9398138234375001 0.21721272187500001 0.9475311812499999 0.2305331140625 0.9459872890625001 0.24795160625 0.9320985703125
1 0.1362705578125 0.9197537453125 0.1516389515625 0.9089507078124999 0.1526629515625 0.8950619906249999 0.1506149515625 0.8811732734375 0.132172459375 0.8780854890625 0.11270386875 0.8811732734375 0.1065577703125 0.8858028453125 0.1075817703125 0.9089507078124999 0.11885206562499999 0.9336424624999999 0.1239762625 0.9351842515625 0.1280743609375 0.9320985703125 0.1362705578125 0.9197537453125
1 0.0461060984375 0.929012890625 0.047130098437500004 0.9151241734375001 0.03996 0.8996915624999999 0.03996 0.8811732734375 0.033811803125 0.87962938125 0.0225415078125 0.8858028453125 0.0122952125 0.8981476718750001 0.0071731140624999995 0.921295534375 0.0071731140624999995 0.9367281437500001 0.011271212499999999 0.9444433968749999 0.028687606249999997 0.9444433968749999 0.0461060984375 0.929012890625
1 0.3145493765625 0.714506559375 0.312499278125 0.7083330937500001 0.2756142953125 0.7021596296875 0.269468196875 0.7052474140625 0.269468196875 0.716048346875 0.2807384921875 0.757716603125 0.2879106890625 0.7623461765624999 0.2981548859375 0.7561727109375 0.312499278125 0.7253095953125 0.3145493765625 0.714506559375
1 0.3913934421875 0.59413556875 0.38524524531250004 0.577161171875 0.36987685312499996 0.5663581343749999 0.353484459375 0.5648142421875 0.3514343609375 0.5694438140625 0.3524583609375 0.5787029593749999 0.36372865625 0.59722125 0.3719269515625 0.6188273234375 0.3842212453125 0.6188273234375 0.38934334375 0.6111120703124999 0.3913934421875 0.59413556875
1 0.425204328125 0.7083330937500001 0.4282784265625 0.6990739484375 0.4282784265625 0.6867291234375 0.4200822296875 0.6682108328125 0.410859934375 0.6651230499999999 0.4057378359375 0.6697526218750001 0.394467540625 0.7067892015624999 0.394467540625 0.714506559375 0.3975416390625 0.71913613125 0.40368773750000003 0.7222218125000001 0.41495803281250004 0.7206800234374999 0.425204328125 0.7083330937500001
1 0.48155790156249995 0.6080242874999999 0.479507803125 0.5864203156250001 0.47233560625 0.5709877062500001 0.46208931093750005 0.563272453125 0.449795015625 0.563272453125 0.4415988203125 0.5694438140625 0.4334026234375 0.58179074375 0.4293024265625 0.601850821875 0.431352525 0.6188273234375 0.4354506234375 0.6280864687500001 0.44877101562500005 0.6481486515625 0.45389311406250005 0.65123433125 0.4682375078125 0.65123433125 0.47336170468749994 0.6481486515625 0.477459803125 0.635801721875 0.477459803125 0.6188273234375 0.48155790156249995 0.6080242874999999
1 0.5163927875 0.7052474140625 0.5112706890625 0.6898148046875 0.5010243937500001 0.677469978125 0.485656 0.6790117671875 0.480531803125 0.6836413390625 0.4764337046875 0.6959882687500001 0.4764337046875 0.7222218125000001 0.48667999999999995 0.7438278859375 0.50204839375 0.7592583921875 0.509220590625 0.760802284375 0.5133186890625 0.7561727109375 0.5184428859375 0.734568740625 0.5163927875 0.7052474140625
1 0.5379093765625 0.6188273234375 0.5368853765625 0.6033947140625 0.531763278125 0.59413556875 0.521516984375 0.592591678125 0.5153687875 0.601850821875 0.5163927875 0.620371215625 0.522540984375 0.6296303609375 0.531763278125 0.6296303609375 0.5379093765625 0.6188273234375
1 0.7798251796875 0.78857971875 0.7887495078125 0.8064964375000001 0.8393032125 0.6332860625000001 0.804611015625 0.5795380078125 0.8026238687499999 0.6317905484375 0.7956866890625001 0.68703621875 0.7798251796875 0.78857971875
1 0.9098354093750001 0.6574077968750001 0.88934491875 0.6450608671875 0.8801226234374999 0.635801721875 0.8709024265625 0.634259934375 0.867828328125 0.6450608671875 0.866804328125 0.67438219375 0.876024525 0.734568740625 0.8883188203125 0.734568740625 0.908811409375 0.723765703125 0.9129095078124999 0.716048346875 0.91598360625 0.700617840625 0.9149596062500001 0.6805556593750001 0.9098354093750001 0.6574077968750001
1 0.642075896875 1 0.63934413125 0.987653440625 0.630123934375 0.9845677609375001 0.6239757375 0.9953707984375001 0.6227804671875 1 0.642075896875 1
3 0.953892590625 0.86882634375 0.9610647875 0.8595671984375001 0.9672129843749999 0.8364193359375 0.9590167875000001 0.8194449374999999 0.9518445906249999 0.8148153656250001 0.9426222953125001 0.8209867265625 0.9344260984374999 0.8425928015625 0.9344260984374999 0.8626549828125001 0.9375001968750001 0.8703702359375001 0.953892590625 0.86882634375
3 0.8663426890625001 0.1264667109375 0.875747540625 0.157283553125 0.88182439375 0.16478425937500002 0.901188065625 0.10813352031250001 0.8989763937499999 0.0881323359375 0.8680024921875 0.031481596875000004 0.86412891875 0.043149129687499996 0.867448525 0.078965740625 0.8635749515625 0.0939650515625 0.8663426890625001 0.1264667109375
3 0.86412891875 0.056465723437500004 0.8574897046875 0.04231408125 0.8591495078125 0.0972989328125 0.8663426890625001 0.081466678125 0.86412891875 0.056465723437500004
3 0.859087978125 0 0.8597034750000001 0.01064746875 0.8591495078125 0.029815707812499998 0.86302308125 0.044815018750000005 0.8668945578124999 0.0331474859375 0.8713220984375001 0.01398135 0.87028935625 0 0.859087978125 0
1 0.69467160625 0.0941354265625 0.7182382953124999 0.089505853125 0.7202862953125 0.0833323890625 0.716188196875 0.055554953124999994 0.7120900984375 0.05092538125 0.7059419015625 0.0524692734375 0.6844253109375 0.06790188281250001 0.6823773109375 0.0725314546875 0.6834013109375 0.0833323890625 0.69467160625 0.0941354265625
1 0.6905735078124999 0.066357990625 0.706968 0.055554953124999994 0.7049179015625 0.0339509828125 0.699795803125 0.0231479453125 0.6905735078124999 0.0231479453125 0.6782792125 0.035494874999999995 0.6762291140625 0.05092538125 0.6803272125000001 0.06018452656249999 0.6905735078124999 0.066357990625
1 0.534835278125 0.0864201734375 0.5307371796875 0.07407324374999999 0.521516984375 0.0586427375 0.509220590625 0.0493835921875 0.49897639375 0.055554953124999994 0.5040984921875 0.0756171359375 0.5040984921875 0.0833323890625 0.5000003937499999 0.0910497453125 0.485656 0.0941354265625 0.47028760625 0.0833323890625 0.4661895078125 0.0910497453125 0.47028760625 0.11419760781249999 0.48360590156249994 0.134259790625 0.5000003937499999 0.1450607234375 0.508196590625 0.1435189359375 0.523564984375 0.1327158984375 0.5338112781250001 0.11419760781249999 0.5358613765625 0.100308890625 0.534835278125 0.0864201734375
1 0.325819671875 0 0.325819671875 0.00462965625 0.32786977031250003 0.010803120312500001 0.339140065625 0.0262336265625 0.3452861640625 0.029321410937499997 0.3575825578125 0.0478397 0.3668027546875 0.054013165625000005 0.38012314687500004 0.0524692734375 0.3924174421875 0.02777751875 0.3924174421875 0.0185183734375 0.38831934375 0.010803120312500001 0.37961003125000004 0 0.325819671875 0
1 0.2899586890625 0.1095680359375 0.2909826890625 0.0756171359375 0.2889346890625 0.06790188281250001 0.28278649218749996 0.06327231093749999 0.2592219015625 0.0725314546875 0.25102360625000003 0.0864201734375 0.25102360625000003 0.10493846250000001 0.2592219015625 0.12654243437499998 0.265368 0.13117200625 0.27664039375 0.12654243437499998 0.2899586890625 0.1095680359375
1 0.11885206562499999 0.0725314546875 0.11680406562500001 0.066357990625 0.1065577703125 0.06327231093749999 0.103483671875 0.066357990625 0.102459671875 0.078702815625 0.10450767187500001 0.0864201734375 0.1147539671875 0.0864201734375 0.11782806562499999 0.0817906 0.11885206562499999 0.0725314546875
1 0.048156196875 0.192900340625 0.0584024921875 0.191358553125 0.06147449218749999 0.1851850875 0.0594264921875 0.1682106890625 0.047130098437500004 0.1666667984375 0.043032 0.1759259421875 0.043032 0.1867289796875 0.048156196875 0.192900340625
1 0.99897586875 0.1759259421875 0.9897535734374999 0.1589515453125 0.9764352781250001 0.1481485078125 0.9651628859375 0.1496924 0.9641388859375001 0.1604933328125 0.9692630812499999 0.1728402625 0.9702870812500001 0.192900340625 0.9754091796875001 0.2021594859375 0.9907796718749999 0.203703378125 0.9979518687500001 0.195988125 0.99999986875 0.1898146609375 0.99897586875 0.1759259421875
1 0.877048525 0.249999103125 0.8811466234375 0.237654278125 0.8811466234375 0.22222166875 0.8729504265625 0.2067911625 0.8657782296875001 0.211420734375 0.867828328125 0.24691342343749997 0.8719264265625 0.25617256718750003 0.877048525 0.249999103125
1 0.8647542296875 0.2932091484375 0.8739744265624999 0.28857957500000003 0.8750005249999999 0.27932043125 0.8729504265625 0.268519496875 0.8642422296875001 0.2569445140625 0.8627041312499999 0.2824082140625 0.8647542296875 0.2932091484375