1 0.7569070828125 0.342540759375 0.784529759375 0.32872840000000003 0.7955800546875 0.312153978125 0.7955800546875 0.2872933640625 0.784529759375 0.2845313015625 0.7707174 0.2955795546875 0.7486188515625 0.2955795546875 0.7513809140625 0.3011057234375 0.71823206875 0.32872840000000003 0.71547000625 0.339778696875 0.7569070828125 0.342540759375
1 0.6408840828125 0.4198887453125 0.6795570546875 0.4254149140625 0.6878452875 0.4171266828125 0.6850832234374999 0.3453048640625 0.616021428125 0.3453048640625 0.593922878125 0.4060763875 0.5966849421875 0.4198887453125 0.6049731734375 0.4254149140625 0.6132593640625 0.4198887453125 0.6353599562500001 0.4254149140625 0.6408840828125 0.4198887453125
1 0.5580119703124999 0.627072090625 0.5883987515625 0.6187838593749999 0.6049731734375 0.596685309375 0.6049731734375 0.5856350140625 0.585634646875 0.5883970781250001 0.54143550625 0.61049766875 0.5386734421875 0.624310028125 0.5580119703124999 0.627072090625
1 0.591160815625 0.5331496828125 0.6104973015625 0.5331496828125 0.6408840828125 0.5138111546874999 0.6408840828125 0.5027629 0.5745863921875001 0.508287028125 0.5745863921875001 0.5165752593749999 0.591160815625 0.5331496828125
1 0.7955800546875 0.4696140546875 0.8618777453125 0.4640878875 0.870165978125 0.45856375937499994 0.870165978125 0.4392272734375 0.7928179921875 0.43646316875 0.7679553375 0.4447514 0.7624312093750001 0.4530396328125 0.7790056328125 0.46684995 0.7955800546875 0.4696140546875
1 0.8453033234375 0.5441979359375 0.870165978125 0.538673809375 0.8812162734375001 0.5276235140625001 0.8812162734375001 0.5165752593749999 0.8287289 0.5193373234374999 0.812154478125 0.5331496828125 0.812154478125 0.5414358734375 0.8453033234375 0.5441979359375
1 0.7292823640625 0.6408844499999999 0.732044428125 0.646408578125 0.7569070828125 0.646408578125 0.759669146875 0.63535828125 0.732044428125 0.63259621875 0.7292823640625 0.6408844499999999
1 0.7513809140625 1 0.7513809140625 0.9889493671875 0.7430947234375 0.9806631765624999 0.7265203015624999 0.983425240625 0.7237561968749999 0.9944755359374999 0.7270712015624999 1 0.7513809140625 1
1 0.4806639828125 0.19060685156249998 0.5138128281250001 0.179558596875 0.51933695625 0.1657462375 0.5110487234375001 0.1270712234375 0.49723840625 0.1160229703125 0.475137815625 0.12154709687500001 0.4309386734375 0.16022006875 0.4337007375 0.1712703640625 0.4806639828125 0.19060685156249998
1 0.46132545625 0.2375680546875 0.483426046875 0.23204392812500002 0.483426046875 0.21546950625 0.4696136875 0.201657146875 0.447513096875 0.20718331562499998 0.447513096875 0.21823156875 0.46132545625 0.2375680546875
1 0.8319890750000001 0.7354703265625 0.819640425 0.7169340828124999 0.7984809359375 0.69400466875 0.784364403125 0.673729121875 0.7764354640625 0.6904689 0.7790607515625 0.713398315625 0.7905254578124999 0.7248895609375 0.799364878125 0.7354703265625 0.8143367734375 0.7469329921875 0.8249440781249999 0.756629815625 0.8372661875 0.753094046875 0.8319890750000001 0.7354703265625
1 0.8928442953125 0.844807621875 0.8928442953125 0.8368786828125 0.889308528125 0.8227621484375 0.8751940359375 0.82894974375 0.867265096875 0.8359947406250001 0.8734261515625 0.8474594468750001 0.8928442953125 0.844807621875
1 0.9548345546875 0.5775958375 0.9574863812500001 0.5775958375 0.9610221484375 0.566133171875 0.9460216734375001 0.566133171875 0.937210834375 0.5679010546875001 0.9380661968749999 0.5793637203124999 0.9486735 0.5820175890625 0.9548345546875 0.5775958375
1 0.907209884375 0.49911689531250003 0.9257461265625 0.49911689531250003 0.9363268921874999 0.4876521875 0.9222103593750001 0.4779553640625 0.9054420000000001 0.4823485359375 0.907209884375 0.49911689531250003
1 0.9198892453124999 0.397790196875 0.8895024640625 0.4033143234375 0.8895024640625 0.3950281328125 0.8812162734375001 0.39226606875000003 0.8812162734375001 0.4309390421875 0.8895024640625 0.46132582343750006 0.9143651187499999 0.46684995 0.9337016046875 0.45580169687499994 0.9447519 0.4419893375 0.9392257328125 0.4088404921875 0.9198892453124999 0.397790196875
1 1 0.227209734375 0.99447516875 0.2292818640625 0.99447516875 0.24585628750000002 0.9999992953125 0.2513804140625 1 0.2513804140625 1 0.227209734375
1 0 0.29312400625 0.0055257703125 0.3011057234375 0.0276243203125 0.317680146875 0.0414366796875 0.320442209375 0.0718234609375 0.312153978125 0.0994481796875 0.27624306875000004 0.11049643437500001 0.24033216093749998 0.10497230625000001 0.1878447875 0.08287375625 0.15745800625 0.060773165625 0.1408835828125 0.0497228703125 0.143645646875 0.02486225625 0.204419209375 0 0.22395337343750002 0 0.29312400625
1 0.4585633921875 0.29834161875 0.466851625 0.2790051328125 0.46408751875 0.2375680546875 0.44198897031250006 0.20718331562499998 0.40331395625 0.1878447875 0.350828625 0.19337095625 0.27348063749999996 0.19060685156249998 0.2596682796875 0.19613301875 0.23756972968749998 0.21823156875 0.22651943437500002 0.24585628750000002 0.2320435609375 0.320442209375 0.2624303421875 0.3618792875 0.2817688703125 0.370165478125 0.3646409828125 0.3729275421875 0.4281766109375 0.33425456875 0.4585633921875 0.29834161875
1 0.9607738921875001 0 0.9613263234374999 0.011050265625 0.9834248734375001 0.0276246875 0.99447516875 0.0276246875 0.9963165437500001 0 0.9607738921875001 0
1 0.11878466562500001 0.5359117453125 0.1436473203125 0.5359117453125 0.168507934375 0.5193373234374999 0.17403410156250002 0.5000008375 0.1574576375 0.48895054218749995 0.12707085625 0.486188478125 0.10221024375000001 0.4972367328125 0.10221024375000001 0.511049090625 0.11878466562500001 0.5359117453125
1 0.21546913750000002 0.5276235140625001 0.23756972968749998 0.5276235140625001 0.27071857499999996 0.5027629 0.27071857499999996 0.48895054218749995 0.2016567796875 0.48895054218749995 0.190608525 0.4972367328125 0.190608525 0.5138111546874999 0.21546913750000002 0.5276235140625001
1 0.51933695625 0.5055249640625 0.477899878125 0.48895054218749995 0.4502772015625 0.49171260468750005 0.43922690624999994 0.511049090625 0.43922690624999994 0.5331496828125 0.4502772015625 0.5552482328125 0.46408751875 0.569060590625 0.5110487234375001 0.5883970781250001 0.535911378125 0.5856350140625 0.5552478640625 0.57458471875 0.5718222875000001 0.5580102953125 0.58011051875 0.5276235140625001 0.5718222875000001 0.508287028125 0.51933695625 0.5055249640625
1 0.58011051875 0.679557421875 0.5469616734375 0.6546968093750001 0.5055245968750001 0.6546968093750001 0.48618811093750003 0.66850916875 0.483426046875 0.6961318453125 0.4889501734375 0.707182140625 0.5441996109375 0.7541433453125 0.58011051875 0.77347983125 0.6104973015625 0.77347983125 0.6298337875 0.7596695140625 0.643646146875 0.737568921875 0.6353599562500001 0.69336978125 0.58011051875 0.679557421875
4 0.3736743390625 0.5260495656249999 0.548231446875 0.63248598125 0.6993916515625 0.4728456484375 0.356656925 0.48773384531249997 0.3736743390625 0.5260495656249999
4 0.7120710140625001 0.4641164671875 0.8841988125 0.46588435156249997 0.8593647375 0.3603032984375 0.7120710140625001 0.4641164671875
4 1 0.7325869140625 0.7756903390625001 0.65002804375 0.7521329890625 1 1 1 1 0.7325869140625
4 0.1588921296875 0 0 0.23273237343750003 0 0.355666571875 0.1449722125 0.42640909374999997 0.3616584453125 0.43671222343749994 0.536021615625 0.1501925328125 0.3140686625 0 0.1588921296875 0
1 0.18784442031249998 0.09944650625 0.198894715625 0.0745858921875 0.198894715625 0.046961173437499996 0.18784442031249998 0.030386751562499998 0.149171446875 0.0276246875 0.12707085625 0.038674982812499994 0.0994481796875 0.063535596875 0.088397884375 0.0828720828125 0.0856358203125 0.10497267343750001 0.11049643437500001 0.13812151875 0.13259702499999998 0.1408835828125 0.149171446875 0.13535945625 0.18784442031249998 0.09944650625
1 0.3162985296875 0 0.2955791875 0.013812328125 0.2679565109375 0.013812328125 0.234805625 0.06906176562500001 0.234805625 0.09944650625 0.2900550609375 0.13535945625 0.3204418421875 0.13535945625 0.367403046875 0.10497267343750001 0.3895036375 0.0828720828125 0.40331395625 0.060773532812499996 0.40331395625 0.033148815625 0.38121540625 0.0082882015625 0.35635233125 0 0.3162985296875 0
5 0.7839499921875 0.729225571875 0.7741715109375 0.7443097453124999 0.7883697015625 0.7514078203125 0.799034165625 0.73986145625 0.7839499921875 0.729225571875
5 0.6543922671875 0.6981773640625 0.6517404421874999 0.6946130171875 0.646408209375 0.6875129 0.634890425 0.691961190625 0.6401940781250001 0.700829190625 0.6446403265625 0.7035075546875 0.6543922671875 0.6981773640625
4 1 0.33638106875 0.8654135140625 0.3600277046875 1 0.6903525296875 1 0.33638106875
1 0.65745850625 0.1657462375 0.6408840828125 0.1546959421875 0.6270717234375 0.151933878125 0.6132593640625 0.16022006875 0.6325958515625 0.201657146875 0.651934378125 0.2127074421875 0.7071817734375 0.204419209375 0.7209941328125 0.19060685156249998 0.7071817734375 0.179558596875 0.65745850625 0.1657462375
1 0.198894715625 0.38950196406250004 0.146409384375 0.35359105468749996 0.08287375625 0.3370166328125 0.0580111015625 0.342540759375 0.052486975000000005 0.35635311875000003 0.055249039062500005 0.4088404921875 0.0497228703125 0.4337011046875 0.055249039062500005 0.450275528125 0.088397884375 0.4751381828125 0.1436473203125 0.4751381828125 0.18508235625 0.4475134640625 0.2099450109375 0.41436461874999997 0.2099450109375 0.4033143234375 0.198894715625 0.38950196406250004
1 0 0.32022981562499997 0.008287834375 0.317680146875 0.0110498984375 0.3038677875 0 0.29597466875 0 0.32022981562499997
1 0.16022174375 0.33425456875 0.171269996875 0.317680146875 0.17403410156250002 0.281767196875 0.168507934375 0.2707189421875 0.11878466562500001 0.27624306875000004 0.1215467296875 0.312153978125 0.1436473203125 0.33149250625 0.16022174375 0.33425456875
1 0.2182312015625 0.32872840000000003 0.2182312015625 0.3093919140625 0.2016567796875 0.3011057234375 0.18784442031249998 0.3038677875 0.1823202921875 0.317680146875 0.18508235625 0.33425456875 0.2099450109375 0.339778696875 0.2182312015625 0.32872840000000003
1 0.3784533421875 0.4088404921875 0.367403046875 0.38950196406250004 0.342542434375 0.38950196406250004 0.328730075 0.40055225937500005 0.3259659703125 0.41436461874999997 0.345304496875 0.4309390421875 0.37292717343750004 0.43646316875 0.3784533421875 0.4088404921875
1 0.367403046875 0.3839778375 0.40331395625 0.3839778375 0.40884012500000005 0.3756896046875 0.4060780609375 0.3646413515625 0.38397747031249996 0.3591151828125 0.37016511093750004 0.3646413515625 0.367403046875 0.3839778375
1 0.6325958515625 0.2790051328125 0.6685088015625 0.27348100625 0.6850832234374999 0.2513804140625 0.6850832234374999 0.2375680546875 0.6408840828125 0.23204392812500002 0.6187855328125 0.2513804140625 0.6187855328125 0.2707189421875 0.6325958515625 0.2790051328125