4 1 0.3458361953125 0.5900867703125 0.1382877421875 0.5515438046875001 0.585818040625 1 0.4246821515625 1 0.3458361953125
4 0.5873278046875 0.3527714796875 0.5625579421875 0.36102210625 0.557046528125 0.3692683921875 0.6286210453125001 0.47857291718750006 0.7139578046875 0.3857696453125 0.65890015 0.340397709375 0.5873278046875 0.3527714796875
4 0.7684767015625 0.355112990625 0.8051861499999999 0.3628514796875 0.7742097015625 0.35425798125 0.8132175625 0.361130609375 0.857967115625 0.346517321875 0.8935338734375 0.3533964609375 0.9153383906249999 0.3662867078125 0.9268109078125001 0.3662867078125 0.8281398734375 0.246802359375 0.8017450453125001 0.2562595484375 0.782241115625 0.26485521562500003 0.7719178046875 0.2872069921875 0.7696193906250001 0.322449015625 0.7684767015625 0.355112990625
0 0.140805528125 0.7233574171875 0.1472706328125 0.7373522328125001 0.1537357359375 0.7411194828125 0.1623558734375 0.7438103765624999 0.178160184375 0.744886734375 0.1932475984375 0.7416576625 0.2090519078125 0.7265886593750001 0.21336197656250003 0.7174374515624999 0.21336197656250003 0.7120556640625 0.21120694218749997 0.707750234375 0.18965442500000002 0.6964484828125 0.178879253125 0.69268123125 0.170259115625 0.6942957671875 0.147987528125 0.703982984375 0.140805528125 0.714208378125 0.140805528125 0.7233574171875
0 0.178879253125 0.9547894421875001 0.18031521875 0.96394065 0.18534435625 0.9725515093749999 0.1932475984375 0.9773951171874999 0.20545873593750003 0.9795478328125 0.22342025312499997 0.9795478328125 0.2291662875 0.9784714749999999 0.23922456250000002 0.9720133296875 0.2464087359375 0.96394065 0.2535929078125 0.949945834375 0.2535929078125 0.9467167625 0.2478447015625 0.9402586171875 0.22342025312499997 0.9262638015625001 0.21551701093750003 0.9257256234375 0.20833283906250002 0.927340159375 0.19252852812500001 0.9343386515625 0.183189321875 0.941334975 0.18031521875 0.9467167625 0.178879253125 0.9547894421875001
5 0.0114947703125 0.046287396875 0.0079015984375 0.050592826562500005 0.0079015984375 0.0538218984375 0.0114947703125 0.05758915 0.0193958390625 0.05758915 0.0244249765625 0.0538218984375 0.0237059078125 0.048978290625 0.0193958390625 0.045208870312499996 0.0114947703125 0.046287396875
5 0.1623558734375 0.09311111250000001 0.1602008390625 0.096340184375 0.1587648734375 0.10495104375 0.1623558734375 0.10871829531249999 0.17097601093749998 0.10602740156249998 0.178160184375 0.10602740156249998 0.183189321875 0.10333650781249999 0.184627459375 0.0968783640625 0.18031521875 0.092572934375 0.1673850109375 0.09203475625 0.1623558734375 0.09311111250000001
5 0.412357253125 0.031216223437500003 0.4051730796875 0.0360598328125 0.40588997656250003 0.0430561546875 0.40804501093749995 0.045208870312499996 0.4145122875 0.046287396875 0.42097739062499995 0.044670690624999995 0.42672342499999993 0.037136189062500005 0.42672342499999993 0.033368939062500005 0.424568390625 0.0296016875 0.41882235625 0.029063509375 0.412357253125 0.031216223437500003
5 0.96040496875 0 0.9705459421875 0.0086105484375 0.9777301156249999 0.0113014421875 0.9806042187499999 0.006457834375000001 0.981681140625 0 0.96040496875 0
4 1 0.727328953125 0.736644321875 0.5801498046875 0.6770115624999999 0.9252308453125 1 0.8279873703125 1 0.727328953125
2 0.8831597953125 1 0.8829020796875 0.998924434375 0.8742819421875 0.9843914406250001 0.8548844593749999 0.9693224375 0.8347700796874999 0.9596330500000001 0.8117815984375 0.9537130843750001 0.793822253125 0.952636728125 0.7715506671875 0.9531749062499999 0.759339528125 0.9558658 0.753591321875 0.9542512640625 0.7284478046875 0.955327621875 0.6997132875000001 0.9472549406249999 0.6903740796875 0.9429495109375001 0.6846258734374999 0.9424113328124999 0.6767248046875001 0.9391822609375 0.6587632875 0.9370295453124999 0.6472690453125 0.9370295453124999 0.6300287703125 0.9391822609375 0.6034492874999999 0.9472549406249999 0.5926719421875 0.9531749062499999 0.569683459375 0.9709369734375001 0.5624992875 0.9795478328125 0.55387915 0.998924434375 0.553674059375 1 0.8831597953125 1
2 1 0.5587149921875 0.9928153562500001 0.5592042375 0.98419521875 0.5581278796875 0.9784491843750001 0.5608187734375 0.9626427015625 0.562433309375 0.9403732874999999 0.5710441671875001 0.9231330109375 0.5855749921875 0.9173848046874999 0.5925734859375 0.9137938046875 0.60118434375 0.9116387703125 0.6135624546875 0.9123556671875 0.6313245203125 0.9145107015624999 0.6393972015625 0.9238499078125001 0.6550043828125001 0.9303150109375 0.6620028765625 0.9439664593750001 0.6716900921875 0.9619258046875 0.6797627734375 0.9870693218750001 0.6851445593750001 1 0.6846347140625 1 0.5587149921875
2 0.6451140109375 0.467169171875 0.6436780453125001 0.4757800296875 0.64655215 0.48923666718750003 0.65086221875 0.496232990625 0.657327321875 0.5010765984375001 0.6594823562500001 0.50484385 0.66810249375 0.5102256359374999 0.69827515 0.519912853125 0.7104884593749999 0.5220677375 0.7370679421874999 0.521529559375 0.749281253125 0.5188364953125 0.759339528125 0.5134547078125 0.7686787359375 0.505382028125 0.7837639765625 0.4978475265625 0.789512184375 0.496232990625 0.792384115625 0.49246573906249996 0.79669635625 0.49085120312499997 0.7995682875 0.485467246875 0.807471528125 0.4806236390625 0.8261499421874999 0.476318209375 0.8347700796874999 0.47900910156250004 0.84339021875 0.4779327453125 0.849855321875 0.4752418515625 0.8584776328125001 0.4752418515625 0.8663787015625 0.47362731562500004 0.8778729421874999 0.4687837078125 0.890086253125 0.46609281406249997 0.9181038734375001 0.4542528828125 0.933908184375 0.4440253171875 0.942528321875 0.4284181359375 0.9439664593750001 0.4224981703125 0.943247390625 0.40527428125 0.934627253125 0.390205278125 0.9245689765625 0.37997771406249997 0.9166657359375 0.3778249984375 0.9094837359374999 0.3713668546875 0.898706390625 0.3659850671875 0.8893671843750001 0.3579123875 0.8750010109374999 0.3530687796875 0.8599135984374999 0.351992421875 0.8491384249999999 0.3530687796875 0.842673321875 0.35575967343750003 0.8326150453125001 0.3562978515625 0.8175298046874999 0.363832353125 0.8067524593750001 0.3713668546875 0.788793115625 0.379439534375 0.7780179421875 0.3875143859375 0.7650855625 0.39289617187500003 0.749281253125 0.3972016015625 0.7435352187500001 0.40043067343749994 0.7119244250000001 0.4025833890625 0.6997132875000001 0.40527428125 0.6867809078125 0.41011789062500004 0.6695406328125 0.41980727656249994 0.65086221875 0.43649081562500003 0.644397115625 0.456405596875 0.6451140109375 0.467169171875
2 0 0.8691242515625 0.0021555625 0.8740583000000001 0.0079015984375 0.88051644375 0.0107757015625 0.8815928015625 0.030173184375000002 0.8821309796874999 0.042384321875 0.8799782640625 0.051006632812499994 0.8729819421875 0.0553167015625 0.866523796875 0.0660918734375 0.837459978125 0.0883612875 0.791172271875 0.093390425 0.7755650890625 0.1020105625 0.7599579078125 0.1034487015625 0.7508066999999999 0.1027296328125 0.7438103765624999 0.09985552812500001 0.736814053125 0.090516321875 0.72443594375 0.073995115625 0.6937575890625001 0.0639368390625 0.682453665625 0.058188632812499995 0.6716900921875 0.046694390625 0.6566210890625 0.042384321875 0.6463935249999999 0.035919218749999995 0.6367063078124999 0.0265800109375 0.6280954484375 0.0107757015625 0.6243281984375 0 0.6261510921875 0 0.8691242515625
2 0.2471256328125 0.640473559375 0.26005801093750003 0.646931703125 0.270114115625 0.6474698812499999 0.276581390625 0.6463935249999999 0.28663749374999997 0.6426262734375 0.2923857015625 0.6367063078124999 0.29885080468749997 0.6334772359375 0.3067518734375 0.63455359375 0.31537418437500003 0.6329390578125 0.3218392875 0.6259427343749999 0.3218392875 0.6141006328125 0.318246115625 0.603337059375 0.31537418437500003 0.57481141875 0.31034504531249996 0.5586660578125 0.30747094218750004 0.5387512765625 0.3031608734375 0.52475863125 0.2966957703125 0.4886984890625 0.29310259843750003 0.4768563875 0.2916666328125 0.46394009843750006 0.2859205984375 0.4440253171875 0.270114115625 0.4192690984375 0.2593389421875 0.4085033546875 0.2435346328125 0.3875143859375 0.22342025312499997 0.367599603125 0.2040227703125 0.3423030359375 0.1910925625 0.3310012828125 0.17097601093749998 0.3073192515625 0.1602008390625 0.29763203437499997 0.15660983906249998 0.29171206875 0.147987528125 0.2841775671875 0.140086459375 0.281484503125 0.13218321875 0.28040814687500004 0.12428215000000001 0.2820226828125 0.09410949375 0.292250246875 0.08405121875 0.2987083921875 0.081896184375 0.303552 0.08046021875 0.315930109375 0.081896184375 0.32723403281249996 0.0790220796875 0.3492993578125 0.0768670453125 0.44348713906250004 0.073995115625 0.47362731562500004 0.07471201093749999 0.49677116874999994 0.07974115000000001 0.505382028125 0.09267135625 0.5134547078125 0.0991386328125 0.5269113453125 0.1027296328125 0.5296022390624999 0.1063228046875 0.5301404171875 0.1099138046875 0.5339076687500001 0.11709797656250001 0.537136740625 0.11997207968750001 0.537136740625 0.122127115625 0.5419803484375 0.13218321875 0.5457476 0.13362135625 0.548976671875 0.139367390625 0.55220574375 0.14224149375 0.5565133437500001 0.1587648734375 0.568353275 0.16163897656249998 0.5731968828125 0.1688209765625 0.5791168484375 0.174569184375 0.5812695625 0.1975576671875 0.5963407359375 0.1997127015625 0.6022607015625 0.2140810453125 0.612486096875 0.22342025312499997 0.6210969562499999 0.235631390625 0.628633628125 0.237786425 0.632400878125 0.2435346328125 0.6361681296875 0.2471256328125 0.640473559375
1 0 0.1259654828125 0.0093397359375 0.1280948984375 0.0215508734375 0.127018540625 0.028018150000000002 0.1227131109375 0.03160915 0.1141022515625 0.03735735625 0.080194825 0.03735735625 0.0667381875 0.03520015 0.063509115625 0.0272990796875 0.06028004375 0.0201149078125 0.05920368593749999 0 0.0616342421875 0 0.1259654828125
1 0.37308218437499996 0.19261557812500002 0.3679596328125 0.1969318578125 0.3673209421875 0.20748710468749998 0.3865229078125 0.21323997343749998 0.40188839062500004 0.221392946875 0.41277218437499996 0.22811149999999997 0.4230172875 0.215640078125 0.42557421875 0.2046074140625 0.41341304531249995 0.191658575 0.4044540109375 0.18829929843749998 0.3871615984375 0.1878197109375 0.37308218437499996 0.19261557812500002
1 1 0.9177507953124999 0.9956894593750001 0.9176529421874999 0.9849142875 0.9187293000000001 0.9698268734375001 0.9235729078125001 0.9662358734375 0.9262638015625001 0.9633617703124999 0.9338004734375 0.9647999078125 0.9407967968750001 0.9683909078124999 0.9461785828125 0.9770110453124999 0.9537130843750001 0.9928153562500001 0.96394065 1 0.9672723078125 1 0.9177507953124999
1 1 0.497361446875 0.9784491843750001 0.498923884375 0.9626427015625 0.502691134375 0.9568966671875 0.5069965640625 0.947557459375 0.5107638156250001 0.93534415 0.5209913796875 0.9317531499999999 0.5258349875 0.9310340796875 0.5355222046875 0.9324722187500001 0.5414421703125 0.93965421875 0.54682395625 0.94612149375 0.5479003140625001 0.9741369421874999 0.546285778125 0.9942534937499999 0.542518528125 1 0.539887546875 1 0.497361446875
1 1 0.21424739375000001 0.993534425 0.2104405765625 0.987788390625 0.2093642203125 0.9705459421875 0.2099023984375 0.9540225625 0.214207828125 0.9468383906250001 0.21743907031249998 0.9410923562500001 0.22497357187499997 0.9410923562500001 0.23304625156249997 0.947557459375 0.2470388984375 0.9547416328124999 0.2524228546875 0.9698268734375001 0.2583428203125 0.9748560109375 0.263186428125 0.97988515 0.26533914375 0.9892243562499999 0.272335465625 0.9942534937499999 0.28579210312500003 0.9999995281249999 0.2927884265625 1 0.29278854375 1 0.21424739375000001
1 0.93019571875 0 0.9224139421875 0.0026905828125 0.9173848046874999 0.0059196562500000004 0.9130747359375 0.0134563265625 0.9137938046875 0.022605365625000002 0.9324722187500001 0.038212546874999996 0.93965421875 0.047363754687499995 0.94612149375 0.0522073625 0.9576157359374999 0.0522073625 0.9734200453125 0.045208870312499996 0.9784491843750001 0.038750725 0.97988515 0.0279871515625 0.9748560109375 0.014532684374999999 0.9669549421875001 0.0059196562500000004 0.9576157359374999 0.00053786875 0.9552822781250001 0 0.93019571875 0
1 0.846127459375 0.3345688875 0.840201115625 0.3340155171875 0.8305751499999999 0.3401177703125 0.8431686328125 0.3495532578125 0.8520538046875 0.3456666515625 0.8535353906250001 0.3395644 0.846127459375 0.3345688875
1 0.20330370156250002 0.56028059375 0.22054615000000002 0.5629714875 0.2291662875 0.562433309375 0.23347635625000002 0.56028059375 0.2413795984375 0.5419803484375 0.23922456250000002 0.5355222046875 0.23850549375000002 0.525296809375 0.23275945937500003 0.5188364953125 0.22988535625 0.5118401718750001 0.22413715 0.50592020625 0.21839111562500002 0.4956948109375 0.21048787343750003 0.48708395312499997 0.1997127015625 0.47900910156250004 0.1932475984375 0.4757800296875 0.179598321875 0.4725509578125 0.1487065984375 0.4725509578125 0.122127115625 0.48008545937499997 0.1070397015625 0.488160309375 0.09410949375 0.50484385 0.090516321875 0.5123783515625 0.0969835984375 0.5263731671875 0.1070397015625 0.534445846875 0.12787315 0.54305670625 0.13218321875 0.546285778125 0.140086459375 0.5479003140625001 0.147987528125 0.552743921875 0.1551717015625 0.55220574375 0.17672421875 0.5592042375 0.18965442500000002 0.5608187734375 0.20330370156250002 0.56028059375
1 0.2507188046875 0.3880525640625 0.2564648390625 0.3988161375 0.266523115625 0.41065606875 0.275862321875 0.4171142125 0.288792528125 0.42142181250000005 0.29813173593750003 0.42303634843750004 0.3060349765625 0.42303634843750004 0.31968425312500004 0.42518906406249996 0.3498569078125 0.424650884375 0.371407253125 0.42142181250000005 0.385056528125 0.41657603437499996 0.3908047359375 0.4133469625 0.3972698390625 0.40688881875 0.40229897656249997 0.3977397796875 0.4030180453125 0.389128921875 0.40014394218750005 0.3686759609375 0.3943957359375 0.3525306 0.40014394218750005 0.3428412140625 0.412357253125 0.32884856875 0.41953925312499996 0.3127010375 0.42241335625 0.29978474843749997 0.420258321875 0.277717253125 0.415948253125 0.26964457343750003 0.411638184375 0.2664155 0.40373494218749995 0.26264824999999997 0.3922407015625 0.2610337140625 0.372845390625 0.260495534375 0.3599130109375 0.26264824999999997 0.33045942500000003 0.2717972875 0.29813173593750003 0.27825543124999996 0.276581390625 0.2847157453125 0.271552253125 0.28794481875 0.2593389421875 0.292250246875 0.2521547703125 0.29763203437499997 0.24568966718750002 0.300322928125 0.2435346328125 0.304090178125 0.237069528125 0.30839560781249997 0.23060442499999997 0.3207758875 0.2291662875 0.326695853125 0.23060442499999997 0.34660846562500003 0.237069528125 0.36114145937500003 0.2492806671875 0.38159225 0.2507188046875 0.3880525640625
1 0.28232742499999997 0.26480096406250003 0.28663749374999997 0.2755645375 0.2902306671875 0.277717253125 0.29956987343749997 0.277179075 0.30244180468750004 0.2755645375 0.3053159078125 0.271259109375 0.3010058390625 0.2621100703125 0.2916666328125 0.2588809984375 0.284482459375 0.260495534375 0.28232742499999997 0.2621100703125 0.28232742499999997 0.26480096406250003
1 0.36135115 0.1813767578125 0.3397986328125 0.18729889375 0.33476949375 0.1926806796875 0.3362076328125 0.1980624671875 0.34267273593750003 0.2034442546875 0.3491378390625 0.20505879062500001 0.381465528125 0.2217445 0.4008630109375 0.228740821875 0.42313242500000003 0.239504396875 0.43247163281249995 0.2416571109375 0.4410917703125 0.240580753125 0.4454018390625 0.23196989375000002 0.44827594218750005 0.1862225359375 0.44683997656249996 0.17653315 0.44971190781250003 0.15608235937499998 0.44683997656249996 0.15016239375 0.44252773593750006 0.1480096796875 0.4346266671875 0.149624215625 0.411638184375 0.15931143125 0.40732811562500004 0.1598496109375 0.4030180453125 0.1630786828125 0.3965507703125 0.1636168609375 0.3886497015625 0.16846046875 0.37428135625 0.1722277203125 0.367816253125 0.17814768593750002 0.36135115 0.1813767578125
1 0.1364932875 0.15016239375 0.135776390625 0.1668459328125 0.139367390625 0.17545679218750002 0.1465515625 0.1786858640625 0.1544548046875 0.17814768593750002 0.170259115625 0.1695368265625 0.178879253125 0.167922290625 0.183189321875 0.165231396875 0.186063425 0.16092596718750002 0.1932475984375 0.1350912203125 0.20043177031249998 0.120560396875 0.1997127015625 0.1114091890625 0.1932475984375 0.1054892234375 0.18534435625 0.10333650781249999 0.1688209765625 0.1038746875 0.1551717015625 0.11033283125 0.147987528125 0.11087100937500001 0.13865049375 0.1194840390625 0.13865049375 0.142625721875 0.1364932875 0.15016239375
1 0.457669721875 0 0.44971190781250003 0.00430511875 0.4389367359375 0.012379970312499999 0.4331907015625 0.02045265 0.4331907015625 0.0296016875 0.4353457359375 0.036598010937499995 0.44683997656249996 0.0522073625 0.468390321875 0.0683527234375 0.4834777359375 0.07319633125 0.49425290781250003 0.07319633125 0.51005721875 0.0678145453125 0.5143672875 0.06028004375 0.5143672875 0.0500546484375 0.51005721875 0.0403652609375 0.5050280796875 0.034983475 0.503592115625 0.026910793750000002 0.504311184375 0.022605365625000002 0.5143672875 0.0086105484375 0.5143672875 0.00053786875 0.5140800421875 0 0.457669721875 0
1 0.280891459375 0.7529594140625 0.28304649375 0.7631869796874999 0.288792528125 0.7755650890625 0.2974148390625 0.7836377703124999 0.3053159078125 0.7868668421875 0.31968425312500004 0.7900959140625 0.33117849375 0.78901955625 0.3520119421875 0.7841759484375 0.3936788390625 0.7561884859375 0.3994248734375 0.754035771875 0.41882235625 0.7411194828125 0.44252773593750006 0.727665015625 0.4568960796875 0.7152847359375001 0.46982845937500006 0.6916048734375 0.47557449375000005 0.6716900921875 0.47557449375000005 0.6517753109375 0.47341945937499996 0.6437026312499999 0.464799321875 0.628633628125 0.45761514999999997 0.6210969562499999 0.4360626328125 0.61194791875 0.41738421875 0.61194791875 0.3972698390625 0.6167915265625 0.3886497015625 0.6210969562499999 0.3735622875 0.6340154140625 0.3663802875 0.6372444859375 0.35272883906249997 0.6399353796875 0.32255835624999996 0.637782665625 0.3117810109375 0.638859021875 0.28663749374999997 0.646931703125 0.275143253125 0.65285166875 0.2658040453125 0.669537378125 0.2658040453125 0.6851445593750001 0.27226914999999996 0.7002157328124999 0.28160835624999997 0.7136701999999999 0.280891459375 0.7529594140625
1 0.35272883906249997 0.9650170078125001 0.3800295625 0.97039879375 0.40014394218750005 0.9720133296875 0.420258321875 0.9709369734375001 0.43390759843750004 0.9671697218749999 0.44037270156249997 0.96394065 0.4454018390625 0.9590948718750001 0.4504309765625 0.9488694765625001 0.44971190781250003 0.9381059031250001 0.44396587343749994 0.9251874453125 0.44683997656249996 0.9187293000000001 0.45977018437500006 0.90312211875 0.46120615000000004 0.886436409375 0.45833421875 0.8740583000000001 0.45115004531249997 0.8627565468749999 0.4396558046875 0.8525289812500001 0.4360626328125 0.8466090156250001 0.42097739062499995 0.8315400125 0.4015799078125 0.8159306609374999 0.38290149375000004 0.8089343375 0.36566121875 0.8089343375 0.3412345984375 0.818083375 0.318246115625 0.834769084375 0.29813173593750003 0.8546816968750001 0.2909475625 0.8724437625 0.2902306671875 0.8880509453125001 0.2952576328125 0.9058130125 0.3060349765625 0.9262638015625001 0.31752921875 0.941334975 0.3362076328125 0.9580185140624999 0.35272883906249997 0.9650170078125001
1 0.69468415 0.7502685203125 0.69540321875 0.7631869796874999 0.69827515 0.7680305875 0.705459321875 0.7707214812500001 0.7191085984375001 0.7696451234375 0.7284478046875 0.76533969375 0.7327578734375 0.76157244375 0.7377870109375 0.7518830578125 0.7377870109375 0.738428590625 0.7320409765625 0.7292795515625 0.7212636328124999 0.7233574171875 0.714079459375 0.7212047015625 0.705459321875 0.722281059375 0.701149253125 0.7287413734375 0.69468415 0.7502685203125
1 0.6468758390625 0.39783092343750004 0.6424289078125 0.39783092343750004 0.636500390625 0.4078197796875 0.6520548734375 0.41448408125 0.655022390625 0.40560196406250004 0.6468758390625 0.39783092343750004