4 1 0.6183821359375 0.5113783796875 0.442744440625 0.5478266203125 0.8661208640625 1 0.6370840156249999 1 0.6183821359375
4 0.584266640625 0.544201384375 0.5165820437499999 0.6476065828124999 0.5217939234375 0.6554078046875 0.5452175984375 0.6632131328125 0.612900140625 0.674919071875 0.6649655328125 0.6319959265625 0.584266640625 0.544201384375
4 0.7197755328125 0.72523900625 0.7295377937499999 0.7463844234375 0.747981728125 0.7545161703125001 0.7729420546875 0.763462940625 0.8662505328125001 0.6504273406250001 0.855401521875 0.6504273406250001 0.8347820328125 0.66262188125 0.80114825 0.66912974375 0.7588307390625 0.6553051562500001 0.7219428703124999 0.6618068593750001 0.7512358156250001 0.653677165625 0.7165214453125001 0.6609979953125 0.7176020328125 0.6918990468749999 0.7197755328125 0.72523900625
0 0.1229628375 0.31262826875 0.1229628375 0.32128351875 0.12975451093749998 0.330957034375 0.15081568437499998 0.3401214171875 0.1589673375 0.3416488140625 0.16915690156250002 0.3380848875 0.1895380875 0.3273931078125 0.191576 0.3233200484375 0.191576 0.318228725 0.1875001734375 0.309571421875 0.17255479375 0.29531571562500003 0.1582873484375 0.2922609203125 0.1433419671875 0.2932791859375 0.135190315625 0.295824846875 0.1290765765625 0.2993887734375 0.1229628375 0.31262826875
0 0.17255479375 0.0723013609375 0.16508107656249998 0.0768835515625 0.1603252609375 0.0850296703125 0.1589673375 0.0936869734375 0.1603252609375 0.10132395937500001 0.1630431625 0.10641528281249998 0.1718748046875 0.1130340046875 0.186820184375 0.119654778125 0.19361391249999998 0.12118217499999999 0.2010876296875 0.1206730421875 0.2241846625 0.1074335484375 0.2296204671875 0.10132395937500001 0.2296204671875 0.098269165625 0.2228267390625 0.0850296703125 0.2160330109375 0.07739268437499999 0.2065213796875 0.0712830953125 0.2010876296875 0.07026483125 0.18410228281250002 0.07026483125 0.17255479375 0.0723013609375
5 0 0.9523408906249999 0.0006798374999999999 0.9531558125 0.0081515 0.9541761296875 0.0122273265625 0.9506101499999999 0.012907315624999999 0.9460279593750001 0.0081515 0.9424640328124999 0.0006798374999999999 0.9424640328124999 0 0.9431770890625 0 0.9523408906249999
5 0.1582873484375 0.896640065625 0.1514936203125 0.896640065625 0.1433419671875 0.894094403125 0.1399461296875 0.8976583296875 0.1413040546875 0.9058044484375 0.1433419671875 0.9088592421874999 0.1480977828125 0.9098775078125 0.1603252609375 0.909368375 0.164403140625 0.905295315625 0.1630431625 0.8991857265625001 0.1582873484375 0.896640065625
5 0.3879079671875 0.9546852625 0.381794228125 0.9531558125 0.37567843437500004 0.9541761296875 0.37364052187499996 0.956212659375 0.3729625875 0.96283138125 0.379756315625 0.967413571875 0.3858700546875 0.9694501015625001 0.39130380468750003 0.9689409687499999 0.3933417171875 0.9653770421875001 0.3933417171875 0.9618131156249999 0.3879079671875 0.9546852625
5 0.9175080718749999 1 0.9184782171875 0.9989818328125001 0.91712029375 0.9908357156250001 0.9144023906250001 0.9862535234375001 0.9076086625 0.9887991859374999 0.8974190984374999 0.9974544359375 0.8989278437499999 1 0.9175080718749999 1
4 1 0.2330838203125 0.6300272390625 0.12165024843750001 0.6864190875 0.448106753125 1 0.2727889484375 1 0.2330838203125
2 0.523411971875 0 0.519022609375 0.0061100453125 0.512906815625 0.020874884375 0.5115488906250001 0.0412422328125 0.5135868046875001 0.0519340125 0.52173845625 0.07026483125 0.528532184375 0.0784109484375 0.5502712937500001 0.09521437031249999 0.5604629125 0.1008148265625 0.585597859375 0.1084518125 0.6019011625 0.1104883421875 0.6127707171875 0.1104883421875 0.629756065625 0.1084518125 0.637227728125 0.10539701875 0.6426635328125 0.10488788593750001 0.6514951734375 0.1008148265625 0.6786680328125 0.093177840625 0.7024450546875001 0.09419610625 0.707880859375 0.092668709375 0.7194283484375 0.09521437031249999 0.7404895218750001 0.095723503125 0.757472815625 0.0947052390625 0.7792119234375 0.0891047828125 0.7982331296875 0.079938346875 0.8165764015624999 0.0656826390625 0.8247280546875 0.0519340125 0.8294838703125 0.032077850000000005 0.8281259453125 0.01374703125 0.822228378125 0 0.523411971875 0
2 1 0.3899809609375 0.9952450875000001 0.386965703125 0.9891313484375001 0.38085611406250003 0.9741839125 0.3609978984375 0.9653522718750001 0.35488830937500004 0.9565226843750001 0.3513243828125 0.9490489671875 0.34979698593749997 0.9232340328124999 0.3487787203125 0.8994570109375 0.3538700453125 0.8824737171875 0.36150703125 0.8695641953125 0.3706714140625 0.86345045625 0.37729218750000004 0.8546188156250001 0.39205702656249997 0.8525809015625001 0.39969401250000003 0.8519029671875 0.416497434375 0.8539408796875 0.42820747812500004 0.8573367171875 0.43635359687499997 0.862772521875 0.44297437031250003 0.8790758265624999 0.45672094531249996 0.9001349453125 0.46486706250000004 0.9150823796875001 0.46639446093750003 0.9205161296875 0.46894012187499995 0.9286677828125001 0.4679218578125 0.9361415 0.4684309890625 0.9633143593750001 0.477597425 0.9728259890625001 0.48167048437500004 0.9864134453125001 0.4923622640625 1 0.4992602 1 0.3899809609375
2 0.786685640625 0.660386215625 0.7927993796874999 0.662931878125 0.8029889453125 0.6639501421875 0.817256390625 0.662931878125 0.83084179375 0.6583496859375 0.839673434375 0.6507126999999999 0.8498650546875 0.6456213765625 0.856656728125 0.6395117875 0.8641304453125 0.637475259375 0.8736420765625 0.6277996906250001 0.881793728125 0.613543984375 0.8824737171875 0.59724969375 0.8811137390624999 0.5916492390625 0.8729620875 0.5768843984375 0.8580167062499999 0.56720883125 0.8315217828125 0.55600791875 0.8199722390625 0.55346225625 0.8091026843750001 0.5488800656249999 0.801631021875 0.54735266875 0.793477315625 0.54735266875 0.7873635765625 0.54480700625 0.7792119234375 0.5437887406249999 0.7710602718749999 0.546334403125 0.7533969890625001 0.54226134375 0.745923271875 0.537679153125 0.7432074234375 0.5325857765625 0.7391295437500001 0.531058378125 0.7364136953125 0.5274944515625 0.730977890625 0.5259670546875 0.7167125000000001 0.5188392015625001 0.707880859375 0.511202215625 0.698369228125 0.5061108921875 0.686819684375 0.5035631765625 0.6616847390625 0.5030540453125 0.6501351953125 0.5050926265625 0.621602359375 0.5142570109375 0.61345070625 0.5193483343749999 0.61141279375 0.5229122609375 0.6052990546875 0.5274944515625 0.6012232281250001 0.5341131734375 0.5985053265625 0.5468435359375 0.5998632500000001 0.554989653125 0.599185315625 0.5651723015625 0.6052990546875 0.5840122531249999 0.6229623375 0.59979535625 0.639265640625 0.6089617921875 0.6514951734375 0.613543984375 0.6630426625 0.6160896453125 0.692935478125 0.618126175 0.698369228125 0.62118096875 0.713314609375 0.625254028125 0.7255441406250001 0.6303453515624999 0.73573370625 0.637984390625 0.752717 0.6456213765625 0.7629086203125001 0.6527492296874999 0.7771740109375 0.6598770828125 0.786685640625 0.660386215625
2 0 0.406312696875 0.014945228125000001 0.40274880625 0.0237768703125 0.39460268906249996 0.029890609375 0.38543830625000003 0.033966434375 0.3757627375 0.0448359890625 0.36150703125 0.05027179375 0.3513243828125 0.059783423437500004 0.34063055000000003 0.07540673906249999 0.3116079515625 0.0842383796875 0.29989790625 0.0869562828125 0.2932791859375 0.087636271875 0.2866604640625 0.08627629375 0.2780031609375 0.07812464062499999 0.26323832187499996 0.0733688265625 0.2484734828125 0.05230970625 0.20468399218750002 0.042120140625000003 0.17718879062499998 0.038044315625000005 0.1710792015625 0.029890609375 0.16446048124999998 0.0183431203125 0.1624239515625 0 0.16293307968749998 0 0.406312696875
2 0.11480912968749998 0.4806522203125 0.1052995546875 0.484216146875 0.10326164062500001 0.4887983375 0.1005437390625 0.4887983375 0.09375001093749999 0.4918531328125 0.09035417343749999 0.49541705937499997 0.0869562828125 0.4959261921875 0.0835604453125 0.49847185312500003 0.0774446515625 0.511202215625 0.0652171734375 0.5188392015625001 0.060461359375 0.5269853203125 0.059783423437500004 0.5488800656249999 0.062499271875 0.57739353125 0.064537184375 0.6664978578125 0.0672550875 0.6873722843750001 0.0658971625 0.69806611875 0.0672550875 0.7097761625000001 0.06929300000000001 0.7143583546875 0.0788046296875 0.72046794375 0.1073374671875 0.7301435109375001 0.11480912968749998 0.7316709078125 0.1222828484375 0.7306526437499999 0.12975451093749998 0.7281049281249999 0.1379082171875 0.720977075 0.1413040546875 0.7153766187499999 0.1514936203125 0.7062122359375 0.1705168796875 0.6838083578124999 0.182744359375 0.6731165781249999 0.2010876296875 0.649185303125 0.2201088375 0.6303453515624999 0.2350542171875 0.6104891890624999 0.24524378281249998 0.6003044890625 0.2601912171875 0.5768843984375 0.2656249671875 0.5580444484375 0.26698289062499997 0.5458252703124999 0.2703807828125 0.53462230625 0.276494521875 0.5005083828125 0.2805703484375 0.48727094062500004 0.28328825 0.4684309890625 0.28804406562499996 0.45315701875 0.2907599125 0.42617094843750003 0.2941578046875 0.4159883015625 0.2941578046875 0.4047853359375 0.28804406562499996 0.398166615625 0.279890359375 0.3966392171875 0.27241869531249996 0.3976574828125 0.26630495625 0.39460268906249996 0.2608691515625 0.3890022328125 0.25135957656249996 0.38543830625000003 0.24524378281249998 0.384420040625 0.23573420625 0.3849291734375 0.2235046734375 0.3910387609375 0.2201088375 0.39511182031250003 0.2146730328125 0.398675746875 0.2126351203125 0.40223967343749994 0.2010876296875 0.4093695796875 0.19225598906250002 0.41751569843749997 0.1786685328125 0.4271892140625 0.17663062031250001 0.4327896703125 0.1548915109375 0.44704742968750005 0.14945570625 0.44908395937499995 0.1426640328125 0.45468441562499995 0.1399461296875 0.45926660625000004 0.1243207609375 0.47046751875000004 0.121602859375 0.47454263125 0.116169109375 0.477597425 0.11480912968749998 0.4806522203125
1 0 0.9398690703125 0.0088314890625 0.9409366359375 0.015625217187500002 0.9399183703125 0.0230968796875 0.9368635765625 0.025136848437499998 0.9338087828124999 0.025136848437499998 0.9210784203125 0.01970104375 0.8890010265624999 0.016305206250000003 0.8808549078125001 0.0101894125 0.8767818500000001 0 0.875883340625 0 0.9398690703125
1 0.3922549671875 0.8033805624999999 0.389837 0.7929433484375 0.3801486953125 0.7811450265625 0.3698564125 0.7875009687500001 0.3553260109375 0.7952139140625001 0.3371676296875 0.80065629375 0.337771609375 0.8106418578125 0.3426157609375 0.81472518125 0.3559299890625 0.8192622078125 0.3722825984375 0.8188085046875001 0.380754728125 0.8156305343750001 0.3922549671875 0.8033805624999999
1 0.997283 0.0865570671875 0.997283 0.07892008125 0.9932071734375001 0.0723013609375 0.98573345625 0.06771916875 0.9775818046874999 0.0672100359375 0.971468065625 0.06822830156250001 0.9429352281250001 0.0784109484375 0.9286677828125001 0.0850296703125 0.9137224015625 0.0947052390625 0.9055707500000001 0.1018330921875 0.9021749124999999 0.10692441562499999 0.900814934375 0.11354313593750001 0.9035328375 0.1206730421875 0.9069286734374999 0.1232187046875 0.9211961203125 0.12780089687500001 0.9313856843749999 0.1288191609375 0.9538047828125 0.128310028125 0.9707880765624999 0.122709571875 0.98573345625 0.10947007812500001 0.9932071734375001 0.0977600328125 0.997283 0.0865570671875
1 0.8783958374999999 0.47963395468750003 0.8716041625000001 0.4847252796875 0.870244184375 0.4903257359375 0.8709241734375001 0.49949011875 0.8743200109375 0.5040723093749999 0.8858695546875 0.513747878125 0.8947011953124999 0.5173118046875 0.9001349453125 0.5213848640625 0.9150823796875001 0.524948790625 0.9361415 0.5264761874999999 0.957880609375 0.5218939953125 0.9667122499999999 0.515275275 0.9673922390625 0.51222048125 0.9646743375 0.505601759375 0.950406890625 0.49694445624999994 0.9422552390625001 0.48930747031250005 0.9300277609375 0.48370701406250005 0.9110045 0.4801430875 0.8845116296875 0.478615690625 0.8783958374999999 0.47963395468750003
1 1 0.703666575 0.9789397281250001 0.703666575 0.971468065625 0.7062122359375 0.9660322609374999 0.712321825 0.9646743375 0.7189405453125 0.9687501624999999 0.727595796875 0.9728259890625001 0.7311617765625 0.9850534671875 0.7357439671875 1 0.7362106703125 1 0.703666575
1 0.9388594015624999 0.792259715625 0.9476910437500001 0.7820770671874999 0.9612764453124999 0.7718944203125 0.9687501624999999 0.7693487578125 0.9741839125 0.76578483125 0.9796197171875001 0.7561092625 0.9789397281250001 0.7469448796875 0.976901815625 0.7438900859375 0.9748639015625 0.734725703125 0.9673922390625 0.72657753125 0.957880609375 0.7194496781249999 0.9517668703125001 0.71792228125 0.9436131624999999 0.71792228125 0.9354615109375001 0.7199588109375 0.9300277609375 0.72657753125 0.9252719453125 0.7393078937500001 0.9164403046875 0.745926615625 0.9116844890625 0.7479631453125 0.9069286734374999 0.7525453359375 0.8926632828125 0.7581457921875 0.8858695546875 0.76323916875 0.879755815625 0.7764766109375 0.879755815625 0.7841135968749999 0.8851895656250001 0.79124145 0.8919832937500001 0.794298296875 0.9076086625 0.79837135625 0.923914021875 0.7988804890625001 0.929347771875 0.7978622234375 0.9388594015624999 0.792259715625
1 0.8783958374999999 0.9521375484375 0.8716041625000001 0.9607948515625001 0.8539408796875 0.975559690625 0.8532608906249999 0.984214940625 0.8573367171875 0.9913448468749999 0.8620925328125001 0.9943996421874999 0.8709241734375001 0.9974544359375 0.88654954375 0.9984727 0.8953811843749999 0.9964361703125 0.9042128265624999 0.9913448468749999 0.9116844890625 0.9831966765625 0.9164403046875 0.9704683671875 0.9150823796875001 0.96028571875 0.910326565625 0.9541761296875 0.8953811843749999 0.94755535625 0.8845116296875 0.94755535625 0.8783958374999999 0.9521375484375
1 0.7871540328125 0.6662576625 0.775244978125 0.6751839015625001 0.7843477937500001 0.68095680625 0.7899520546875001 0.6804333031249999 0.7969573796875 0.6757074046875 0.7955563156250001 0.6699345015625 0.7871540328125 0.6662576625
1 0.1596473265625 0.5498983296875 0.17255479375 0.5468435359375 0.1786685328125 0.5437887406249999 0.1888580984375 0.536149703125 0.196331815625 0.5280035843750001 0.201765565625 0.51833006875 0.20720137031250002 0.5127296125 0.20991927187499998 0.5061108921875 0.215353021875 0.49999925 0.2160330109375 0.4903257359375 0.2180709234375 0.484216146875 0.21059720624999997 0.46690359218750005 0.2065213796875 0.46486706250000004 0.198369728125 0.46435793125 0.1820643703125 0.46690359218750005 0.16915690156250002 0.46639446093750003 0.1569294234375 0.4679218578125 0.1365482390625 0.47454263125 0.12975451093749998 0.4740334984375 0.1222828484375 0.478615690625 0.11480912968749998 0.4801430875 0.1107333046875 0.48319788125 0.091032109375 0.49134399999999995 0.0815225328125 0.49898098593749995 0.07540673906249999 0.51222048125 0.0788046296875 0.5193483343749999 0.091032109375 0.5351314375 0.1052995546875 0.5427704765625 0.1304345 0.5498983296875 0.1596473265625 0.5498983296875
1 0.3301623046875 0.7484722765625 0.3423918375 0.7505088062499999 0.3607330546875 0.7499996734375001 0.371602609375 0.7484722765625 0.3790763265625 0.74490835 0.3831521515625 0.7418535562499999 0.387227978125 0.7342165703125 0.389265890625 0.7133400890625 0.3865479890625 0.7011209125 0.379756315625 0.6858448875 0.368206771875 0.6726074453125 0.3627709671875 0.6634410109375 0.368206771875 0.6481670390625001 0.3709246734375 0.6288179546875 0.370244684375 0.6206718375 0.3654888703125 0.6120165859375 0.35937512968749996 0.6059069984375001 0.3539393265625 0.602852203125 0.341031859375 0.598267959375 0.320652728125 0.5952131656249999 0.292119890625 0.5947040328125001 0.2792124234375 0.5967405625 0.27173870624999996 0.5967405625 0.262907065625 0.598267959375 0.25067958749999997 0.602343071875 0.24184794531249998 0.6084526593749999 0.232336315625 0.619653571875 0.22690256562500002 0.6298362203125001 0.22554258749999997 0.6359478609375 0.2139950984375 0.6552948921875 0.20788135937500002 0.66904351875 0.2065213796875 0.6878814171875 0.20788135937500002 0.6934818734375 0.2139950984375 0.705193971875 0.2201088375 0.70926703125 0.22214675 0.7128309578125 0.22826048906250002 0.7153766187499999 0.2350542171875 0.72046794375 0.24660376093749997 0.7245410015625 0.25135957656249996 0.727595796875 0.27173870624999996 0.7337074375 0.30230945625 0.7398170265624999 0.3301623046875 0.7484722765625
1 0.278532434375 0.740326159375 0.2758145328125 0.7362531 0.27309868437499996 0.734725703125 0.26426704375 0.7342165703125 0.2608691515625 0.7362531 0.2567933265625 0.746435746875 0.2567933265625 0.748981409375 0.2588312390625 0.7505088062499999 0.2656249671875 0.7520362031250001 0.274456609375 0.748981409375 0.278532434375 0.740326159375
1 0.40692917343749996 0.7693487578125 0.398777521875 0.7683304921875 0.3899458796875 0.7703670218750001 0.3688867609375 0.7805496703125 0.3505434890625 0.787168390625 0.3199727390625 0.8029535484375 0.313859 0.8044809453124999 0.3077452609375 0.80957226875 0.3063852828125 0.8146635921875 0.3111410984375 0.8197549171875 0.3315222828125 0.825357425 0.33763602187499997 0.8284122203125 0.3437497609375 0.8340126765625 0.3573372171875 0.837576603125 0.36480887968750003 0.84215879375 0.3709246734375 0.8426679265624999 0.37500049999999996 0.8457227203125001 0.3790763265625 0.846231853125 0.400815434375 0.8553962359374999 0.4082870984375 0.8569236328125 0.412364978125 0.854887103125 0.4150808265625 0.8492866484375 0.412364978125 0.8299396171875 0.41372290156249997 0.8207731812500001 0.411005 0.777494875 0.40692917343749996 0.7693487578125
1 0.1358703046875 0.8284122203125 0.1283965875 0.8279030875 0.121602859375 0.83095788125 0.11820702187500001 0.8391040000000001 0.11888495624999999 0.854887103125 0.12092492343750001 0.8620170109374999 0.12092492343750001 0.8839097031250001 0.12975451093749998 0.8920578734375001 0.1365482390625 0.89256700625 0.14945570625 0.8986765953125 0.16508107656249998 0.8991857265625001 0.17255479375 0.8971491968749999 0.1786685328125 0.891548740625 0.179348521875 0.8828914375 0.17255479375 0.8691448640624999 0.16576106562499998 0.84470445625 0.1630431625 0.840631396875 0.1589673375 0.8380857359375 0.15081568437499998 0.8365583375 0.1358703046875 0.8284122203125
1 0.474319846875 1 0.47622232656249996 0.9964361703125 0.47622232656249996 0.9887991859374999 0.46671275 0.975559690625 0.4660327609375 0.97148663125 0.46739068437500003 0.9638496453125001 0.4721465 0.958758321875 0.47622232656249996 0.9495918859374999 0.47622232656249996 0.9399183703125 0.4721465 0.9327905171875001 0.45720112031250004 0.92769919375 0.44701155468750003 0.92769919375 0.432744109375 0.932281384375 0.412364978125 0.94755535625 0.4014954234375 0.9623222484375 0.3994575109375 0.9689409687499999 0.3994575109375 0.9775962203124999 0.4048912609375 0.98523320625 0.4150808265625 0.9928722437499999 0.427310359375 0.999490965625 0.4292631546875 1 0.474319846875 1
1 0.402173359375 0.41802483125 0.42255454375 0.4093695796875 0.429348271875 0.40223967343749994 0.4374999234375 0.3879839671875 0.4395378375 0.38034698125 0.4395378375 0.36150703125 0.4341040875 0.3426670796875 0.42187455468749996 0.3202652546875 0.4082870984375 0.30855315625 0.3858700546875 0.295824846875 0.3675267828125 0.2836056703125 0.3620930328125 0.281569140625 0.32269064062499997 0.25509220312499997 0.3029894453125 0.2505100125 0.292119890625 0.24949174687500003 0.278532434375 0.2525465421875 0.271060771875 0.2556013359375 0.262907065625 0.26323832187499996 0.25747331562500003 0.27494836718750004 0.2554354015625 0.284623934375 0.2561133375 0.3217926515625 0.24728169531250002 0.3345209609375 0.24116795624999998 0.3487787203125 0.24116795624999998 0.363543559375 0.2499995984375 0.3793287171875 0.2608691515625 0.3849291734375 0.2846461734375 0.392566159375 0.29483779375 0.3935844234375 0.3233685765625 0.39154789375 0.3362780984375 0.39409355625 0.343069771875 0.39714835000000004 0.3573372171875 0.4093695796875 0.3654888703125 0.4134426390625 0.38451007656249997 0.41802483125 0.402173359375 0.41802483125
1 0.40557125000000005 0.19042828437499998 0.4164408046875 0.1807527171875 0.42323453281249995 0.1700609375 0.42595037968750005 0.1583508921875 0.42459245624999997 0.1425657359375 0.412364978125 0.12780089687500001 0.4096470765625 0.1216913078125 0.4150808265625 0.10947007812500001 0.415760815625 0.0992874296875 0.411005 0.0896139140625 0.406249184375 0.0850296703125 0.4001354453125 0.081974875 0.387227978125 0.0784109484375 0.368206771875 0.07739268437499999 0.34918556562499997 0.07892008125 0.3233685765625 0.0840114046875 0.3077452609375 0.09063217968750001 0.29008197812500003 0.10641528281249998 0.2792124234375 0.1206730421875 0.2690208046875 0.1400200734375 0.26426704375 0.1568234953125 0.264944978125 0.171588334375 0.27173870624999996 0.18839175625 0.2907599125 0.20722965312500002 0.312499021875 0.2230148109375 0.335598109375 0.23167006093750003 0.3519014125 0.23167006093750003 0.36956469531249997 0.225051340625 0.3879079671875 0.2102844484375 0.402173359375 0.196028740625 0.40557125000000005 0.19042828437499998
1 0.6528530984375001 0.30753489218749996 0.6569289234375 0.313646534375 0.6650805765625 0.3146647984375 0.6718743046875 0.31262826875 0.6820659234375 0.307025759375 0.6874996734375001 0.298370509375 0.6874996734375001 0.28564219999999996 0.682743859375 0.2764757640625 0.6786680328125 0.27291183750000003 0.669836390625 0.268838778125 0.6569289234375 0.2678205125 0.6501351953125 0.27036617500000004 0.6474193484375 0.27494836718750004 0.6467393593749999 0.287169596875 0.6528530984375001 0.30753489218749996
1 0.6015293265625 0.6205856125 0.6092331296875 0.6132339875 0.606426890625 0.6048312499999999 0.5917177609375 0.6111358703125 0.5973240765625001 0.6205856125 0.6015293265625 0.6205856125