1 1 0.32521 0.9777781109375001 0.3319335375 0.9694448890625 0.344538840625 0.9722219437499999 0.39495797499999996 0.9777781109375001 0.4033622015625 0.9972216109375 0.4033622015625 1 0.401260915625 1 0.32521
1 1 0.7836136265625 0.983334278125 0.7773118984375 0.9666657781250001 0.798319353125 0.9611116671875 0.907563925 0.9861113328125001 0.957983059375 1 0.9600836421875 1 0.7836136265625
1 0.096604071875 0 0.0916671671875 0.0336135796875 0.1194438890625 0.0378146546875 0.1361103328125 0.0294125046875 0.157716146875 0 0.096604071875 0
1 0.1416665 0.6092439656249999 0.1083336109375 0.6008397390625 0.0805548328125 0.6260503453124999 0.06944455625 0.668067328125 0.08333394375 0.68487370625 0.1194438890625 0.6806726296875001 0.15277677812499998 0.6596631015625001 0.1555558890625 0.638655646875 0.1416665 0.6092439656249999
1 0.1111106671875 0.17647090781250002 0.130556221875 0.218487890625 0.1555558890625 0.23529426875 0.188888778125 0.2394953453125 0.21666755625 0.222688965625 0.2305548890625 0.19747836093749999 0.23611105625 0.126049696875 0.2222216671875 0.0798316390625 0.20277816718750002 0.054621034375 0.1555558890625 0.050419957812500006 0.1361103328125 0.0672263359375 0.11388977812500001 0.10924331875 0.1111106671875 0.17647090781250002
1 0.6388889437499999 0.11764754687500001 0.649999221875 0.138655 0.68055505625 0.1596645296875 0.7000006109375 0.155461378125 0.6972215 0.11764754687500001 0.677778 0.0840327140625 0.6527783328125001 0.0798316390625 0.6416660000000001 0.09243694062499999 0.6388889437499999 0.11764754687500001
5 0.9995546671875 0.3254617234375 0.9972503890625 0.283612865625 0.9886108890624999 0.28449500781250003 0.9880271109375001 0.3245795796875 0.9995546671875 0.3254617234375
5 0 0.3519764875 0.034000610937499995 0.3597054703125 0.034999610937499995 0.33542059687500003 0 0.330269584375 0 0.3519764875
1 0.6208328828125 1 0.60277694375 0.9873947390625 0.5694440562499999 0.9873947390625 0.5611108609375 1 0.6208328828125 1
1 0.46111011093750004 0.8403363359375 0.447222778125 0.8571427140625 0.4416666109375 0.8991596968750001 0.4527768890625 0.9201671515625 0.4749995 0.924370303125 0.49166594375 0.9033607734375 0.49444505625 0.8613437906250001 0.483332721875 0.8445374125 0.46111011093750004 0.8403363359375
1 0.308333 0.5336142265625 0.336111778125 0.55462168125 0.355555278125 0.5924375875 0.3638885 0.5798322859375 0.3638885 0.5210089250000001 0.34722205625 0.48739409218749996 0.33055561093749997 0.474790865625 0.28611038906249997 0.478991940625 0.261110721875 0.5210089250000001 0.261110721875 0.5462174531249999 0.308333 0.5336142265625
1 0.3027768328125 0.9537819828125 0.33888883281250004 0.94957883125 0.3666676109375 0.9705883609375 0.3861111109375 0.9705883609375 0.3888881671875 0.94957883125 0.38055494375 0.9033607734375 0.352778221875 0.8487384875 0.316666221875 0.8235299578124999 0.2888895 0.81932680625 0.2777771671875 0.8277310343750001 0.26944394374999997 0.8529416390625 0.26944394374999997 0.8907554703124999 0.2777771671875 0.924370303125 0.3027768328125 0.9537819828125
1 0.58333344375 0.2563017234375 0.54722144375 0.2563017234375 0.51388855625 0.29831870625 0.5055553328125 0.36134521875000003 0.5111114999999999 0.3739505203125 0.5250008890625 0.3739505203125 0.5611108328125 0.348739915625 0.577777278125 0.348739915625 0.6222225 0.36554629375 0.6249995562499999 0.3193282359375 0.6111101671875 0.281512328125 0.58333344375 0.2563017234375
1 0.7666663890625001 0.10084116875 0.7638893328125 0.134453925 0.7777787218750001 0.155461378125 0.797222221875 0.155461378125 0.8138886671875 0.138655 0.8138886671875 0.11764754687500001 0.7833328328125 0.0840327140625 0.7666663890625001 0.10084116875
1 0.7388896671875 0.31512508437500003 0.780555778125 0.3403356890625 0.80555544375 0.3739505203125 0.8416674437499999 0.3697473703125 0.852777721875 0.3403356890625 0.852777721875 0.31512508437500003 0.8444445 0.27731125156249997 0.8305551109374999 0.252100646875 0.8083325 0.23529426875 0.77222255625 0.23529426875 0.7472228890625 0.2605048734375 0.73611055625 0.2941176296875 0.7388896671875 0.31512508437500003
1 0.7777787218750001 0.474790865625 0.7777787218750001 0.48739409218749996 0.797222221875 0.529411075 0.82777805625 0.542016378125 0.833334221875 0.5210089250000001 0.8305551109374999 0.4831930171875 0.816665721875 0.4495802609375 0.8027783890625001 0.445379184375 0.7777787218750001 0.474790865625
1 0.6638886109375 0.668067328125 0.6638886109375 0.68907478125 0.6833341671875 0.7142853859375 0.7277773328125 0.7226896140625 0.7333335 0.6764715546875 0.7083338328125001 0.6428567234375 0.68055505625 0.6428567234375 0.6638886109375 0.668067328125
1 0.0244439828125 1 0.0249993328125 0.9957989656249999 0.049999 0.9453777562499999 0.04722194375 0.9201671515625 0.0361116671875 0.9117649999999999 0.0166661109375 0.915966075 0 0.9299721468750001 0 1 0.0244439828125 1
1 0.336111778125 0.3025218578125 0.3111121109375 0.29831870625 0.29166655625 0.31512508437500003 0.28611038906249997 0.344538840625 0.2888895 0.3529409921875 0.336111778125 0.3529409921875 0.34722205625 0.344538840625 0.34722205625 0.31512508437500003 0.336111778125 0.3025218578125