1 0.0634920390625 0.779761190625 0.05555462343749999 0.7380954765625 0.0277768734375 0.7261897625 0.019841595312499998 0.779761190625 0.0317466515625 0.7976197625 0.05555462343749999 0.7916669046875 0.0634920390625 0.779761190625
1 0.10317484531250001 0.303571190625 0.0833323734375 0.3333333328125 0.0833323734375 0.374999046875 0.09920720625 0.3988104765625 0.12698495625 0.3988104765625 0.14285765156250002 0.3690483328125 0.12698495625 0.345239046875 0.123015178125 0.309524046875 0.10317484531250001 0.303571190625
1 0.07142945625 0.7559519046875 0.095237428125 0.7619047625 0.1111101234375 0.7440483328124999 0.1111101234375 0.714286190625 0.0912697890625 0.6904769046875 0.05555462343749999 0.69642761875 0.05555462343749999 0.7261897625 0.07142945625 0.7559519046875
1 0.15873034531250002 0.2142847625 0.178570678125 0.20833404687499998 0.190475734375 0.136904046875 0.178570678125 0.1309533328125 0.150792928125 0.1488097625 0.150792928125 0.1964283328125 0.15873034531250002 0.2142847625
1 0.28571403906250004 0.5892847625 0.3134917890625 0.5892847625 0.3253968453125 0.5654754765625001 0.32142920625000004 0.5357133328125 0.2976190953125 0.511904046875 0.273808984375 0.5178569046875 0.26984134531250004 0.5714283328125 0.28571403906250004 0.5892847625
1 0.37698470624999997 0.11309476249999999 0.37301492812500003 0.22023761875 0.400792678125 0.2619054765625 0.412697734375 0.2619054765625 0.440475484375 0.1250004765625 0.43650784531250003 0.071429046875 0.3968250390625 0.0773819046875 0.37698470624999997 0.11309476249999999
3 0.32142920625000004 0.7440483328124999 0.329364484375 0.76785761875 0.3531745953125 0.785714046875 0.36111201249999997 0.714286190625 0.3253968453125 0.720239046875 0.32142920625000004 0.7440483328124999
1 0.46031795625000005 0.69642761875 0.45238053906250003 0.714286190625 0.46031795625000005 0.76785761875 0.47222301250000004 0.779761190625 0.5079360390625001 0.779761190625 0.5198410953125 0.749999046875 0.51587345625 0.73214261875 0.4801582890625 0.69642761875 0.46031795625000005 0.69642761875
1 0.662697484375 0.511904046875 0.6468247890625001 0.547619046875 0.6507945671875001 0.5892847625 0.6785723171875 0.6190469046875 0.7142853453125 0.613096190625 0.7261904015625 0.5952376187499999 0.7261904015625 0.5714283328125 0.6984126515625 0.52976261875 0.662697484375 0.511904046875
2 1 0.05681758906249999 0.9246022890625 0.0773819046875 0.8373014015625 0.065476190625 0.7817459015625 0.035714046875 0.7539681515625001 0.0476197625 0.7579357890625 0.136904046875 0.8730165671875 0.303571190625 0.9285720671875 0.303571190625 0.96031745625 0.2857147625 0.9920628453125 0.2440469046875 1 0.22023754687500002 1 0.05681758906249999
1 0.1388878734375 0.7559519046875 0.10317484531250001 0.7559519046875 0.0912697890625 0.76785761875 0.0912697890625 0.7976197625 0.1150799015625 0.851191190625 0.1468252890625 0.8630947625 0.1666656234375 0.8452383328125 0.1706354015625 0.7976197625 0.15476270625 0.76785761875 0.1388878734375 0.7559519046875
1 0.7698408453125001 0.7440483328124999 0.7500005125 0.720239046875 0.7023802890625 0.7083333328125 0.6984126515625 0.73214261875 0.6825399562500001 0.749999046875 0.6825399562500001 0.7916669046875 0.71031770625 0.8214290468750001 0.7579357890625 0.8035704765625 0.7698408453125001 0.779761190625 0.7698408453125001 0.7440483328124999
4 0.3042505953125 1 0 0.5551383453125001 0 0.639826303125 0.1057536703125 1 0.3042505953125 1
1 1 0.374999440625 0.9642850953125001 0.42857047656249997 0.9563498171875 0.476191190625 0.9841275671874999 0.511904046875 1 0.511904046875 1 0.374999440625
3 0.90476195625 0.6071433328125 0.9007943171875 0.642856190625 0.9166670124999999 0.69642761875 0.9365073453124999 0.6904769046875 0.9523800390625 0.66666761875 0.9642850953125001 0.5714283328125 0.9285720671875 0.5773811906249999 0.90476195625 0.6071433328125
1 0.961111071875 1 0.9563498171875 0.9642847625 0.93253970625 0.9404754765625001 0.90476195625 0.9523811906249999 0.8968245390625 0.9761904765624999 0.8990930359375 1 0.961111071875 1