5 0.6880606890625 0.7716529953125 0.6913149656249999 0.771974165625 0.695646759375 0.771001971875 0.6969458625 0.7685693171875 0.6971696203125 0.7659695671875 0.6960855859375 0.763039965625 0.69348520625 0.7607700671875001 0.6887145859375 0.7602796296875 0.684374103125 0.761581675 0.68285993125 0.76385374375 0.68329006875 0.76758844375 0.6854603109374999 0.769864853125 0.6880606890625 0.7716529953125
5 0.34738493125000003 0.8788590578125 0.35278120625 0.8815499499999999 0.359971896875 0.881215759375 0.36267220624999996 0.8791932484375 0.3635694140625 0.8765023546874999 0.3622203453125 0.87178678125 0.35682406875 0.8687508453125 0.35232717187499996 0.8687508453125 0.34738493125000003 0.8704369953125 0.345581828125 0.8738049515625 0.34738493125000003 0.8788590578125
1 0 0.83476870625 7.59375e-7 0.8347696359375 0.008620896875 0.8406896015624999 0.015085999999999999 0.8433804953124999 0.02442520625 0.8428423171875 0.0330453453125 0.83961324375 0.0402295171875 0.8331529296875001 0.0431036203125 0.8261566078125 0.0409485859375 0.8094730671875 0.028016206249999998 0.7927873578125 0.019396068750000002 0.778256534375 0.007901828125 0.7647998968749999 0 0.7585510171875 0 0.83476870625
1 0 0.7346302609375 0.0007176546875 0.734661890625 0.0294543453125 0.73089246875 0.049568723437500004 0.7222816109375 0.0754313109375 0.7012926421875 0.09913886250000001 0.66361579375 0.104165828125 0.6447795390625 0.104884896875 0.628632009375 0.09913886250000001 0.6205593281249999 0.0912356203125 0.6216356859375 0.06393706875 0.6415504671875001 0.060343896875000004 0.642626825 0.043822689062499996 0.6555431125 0.02442520625 0.6668470359375 0.020115137499999998 0.671152465625 0.01580506875 0.672228821875 0.0007176546875 0.6824542171875 0 0.6828238375 0 0.7346302609375
1 0.037355414062499995 0.1194824203125 0.0308903109375 0.1227136625 0.030173414062499997 0.1318627 0.037355414062499995 0.14370263125 0.0452586546875 0.15285166875 0.05818886250000001 0.16415559062500001 0.071121240625 0.172228271875 0.0876446203125 0.1797627734375 0.096264759375 0.18137730937500002 0.10775900000000001 0.18137730937500002 0.114224103125 0.178686415625 0.114224103125 0.1689991984375 0.09841979375 0.1420880953125 0.0912356203125 0.13562995 0.070402171875 0.12432819843750001 0.05531693125 0.12002059843749999 0.037355414062499995 0.1194824203125
1 0.46767148281250004 0.6980614 0.4604894828125 0.7012926421875 0.45258624062499997 0.7190525375 0.448276171875 0.7481163578125 0.448276171875 0.7647998968749999 0.45330531093750004 0.7712602109375 0.46767148281250004 0.77610381875 0.487788034375 0.7771801765624999 0.49856320624999995 0.77610381875 0.5208326203125 0.7777183546875001 0.5387941374999999 0.782023784375 0.5502883796875 0.7809474265625 0.5596254140625 0.7750274625 0.5668095859375 0.76426171875 0.5696836890625 0.746501821875 0.5696836890625 0.7255106828125 0.5711196546874999 0.7185143593750001 0.5689646203125001 0.709365321875 0.5639376546875 0.70344535625 0.5531603109375001 0.7002162843749999 0.492098103125 0.69967810625 0.47629379375 0.6969850421875 0.46767148281250004 0.6980614
1 0.49137903437499997 0.5775028640625 0.48491393125000004 0.5753501484375 0.47557472343749996 0.5758883265625 0.4612063796875 0.5807319359374999 0.45330531093750004 0.5904191515625 0.4511502765625 0.59903218125 0.45258624062499997 0.606028503125 0.4568963109375 0.6097957546874999 0.4683905515625 0.6151775421875 0.4770106890625 0.6157157203125 0.483477965625 0.6135630046875 0.500718240625 0.5968772953125 0.5014373109375 0.5904191515625 0.49137903437499997 0.5775028640625
1 0.5179606890625 0.31162523124999997 0.5050283109375 0.31162523124999997 0.5028732765624999 0.314854303125 0.50215420625 0.3213124484375 0.5071833453125 0.3326163703125 0.5129315515624999 0.35252898125 0.5208326203125 0.3638329046875 0.5373560000000001 0.3708292265625 0.54310420625 0.371905584375 0.5718387234375 0.3869745875 0.579741965625 0.3880509453125 0.581897 0.38966548125 0.584771103125 0.3955876171875 0.5955462765624999 0.40312211875 0.6063214484375 0.41603840625000005 0.6400872765625001 0.48062418906250004 0.6558915859375001 0.4897732265625 0.67457 0.49407865624999997 0.7097696203125 0.4994626140625 0.7140796890625001 0.4930023 0.6688217937500001 0.4058130125 0.6573275515625 0.377287371875 0.645114240625 0.3562962328125 0.635775034375 0.3353072640625 0.627873965625 0.3266964046875 0.6214088624999999 0.3245415203125 0.584771103125 0.3196979125 0.535920034375 0.3153924828125 0.5179606890625 0.31162523124999997
1 0.41594848281249996 0.3385363359375 0.40732834531249995 0.34015087187500004 0.40445424062499996 0.342841765625 0.40589020624999994 0.3509144453125 0.41163841406249996 0.3568344109375 0.42169451718750006 0.3740583 0.433907828125 0.390203659375 0.43893696562500006 0.39343273125 0.4662355171875 0.400431225 0.47629379375 0.4015075828125 0.483477965625 0.39612579531250003 0.48275889687499995 0.3880509453125 0.4612063796875 0.36975287031250004 0.443247034375 0.3589871265625 0.43462689687499995 0.35037626718750003 0.4224135859375 0.34122722968749997 0.41594848281249996 0.3385363359375
1 0.4583322765625 0.2599579078125 0.45330531093750004 0.25349759375 0.443966103125 0.2508067 0.4145125171875 0.25457395 0.39224093125000004 0.25511212968749997 0.3706905859375 0.25888155 0.36422331093750004 0.2631869796875 0.3606323109375 0.2669542296875 0.3627873453125 0.2922507984375 0.3591963453125 0.313777946875 0.3613513796875 0.320236090625 0.36422331093750004 0.322926984375 0.3706905859375 0.3261582265625 0.3829017234375 0.3277727625 0.39296000000000003 0.3266964046875 0.4145125171875 0.32185062656249996 0.45617724062500004 0.3213124484375 0.4612063796875 0.320236090625 0.46910962031250003 0.3132397671875 0.46910962031250003 0.3035525515625 0.46192544843750005 0.28202323281249997 0.4583322765625 0.2599579078125
1 0.452128571875 0 0.45186717187500003 0.0005384203125 0.45258624062499997 0.0123783515625 0.4554603453125 0.0188364953125 0.4647995515625 0.029064060937500004 0.47341968906250004 0.034445846875000005 0.483477965625 0.038213098437499995 0.48850493124999994 0.042518528124999996 0.496408171875 0.0457476 0.5050283109375 0.051667565625 0.5287358625 0.060818773437499994 0.535200965625 0.0645860234375 0.5545984484375001 0.068891453125 0.5718387234375 0.07481141875 0.583332965625 0.07481141875 0.589081171875 0.0731968828125 0.5977013109375 0.06566238125 0.6005754140625 0.06028059375 0.6048854828125 0.05651334375 0.6084764828125 0.048976671875 0.6149415859375 0.0414421703125 0.6228448281250001 0.028525881250000003 0.63433906875 0.00484385 0.635359853125 0 0.452128571875 0
1 0.8397994484375 0.2346613390625 0.8383613109375 0.2319704453125 0.8254311031249999 0.23842859062500002 0.807471759375 0.24273401875 0.77873506875 0.25511212968749997 0.7693958624999999 0.25726484374999997 0.7528724828125 0.2642633375 0.7420973109375 0.27072148125 0.71695379375 0.28148505468749996 0.7104886890625 0.2895577359375 0.7112077593749999 0.296556228125 0.7162347234374999 0.3062434453125 0.7464073796874999 0.3315400125 0.7772991031250001 0.3449944796875 0.7880742765625001 0.3444563015625 0.8010066546875001 0.3417654078125 0.80962679375 0.3385363359375 0.8211210343750001 0.33100183437499997 0.830460240625 0.32884911875 0.8405163453125001 0.3213124484375 0.8419544828125 0.31862155468750003 0.8699721031250001 0.2976325859375 0.872844034375 0.2879431984375 0.872844034375 0.27987051875 0.869253034375 0.2669542296875 0.8548846890625 0.244886734375 0.8397994484375 0.2346613390625
1 0.8311771374999999 0.459094871875 0.8275861375 0.452636728125 0.82327606875 0.44940765625 0.8139368625 0.4488694765625 0.807471759375 0.44994583437499996 0.774425 0.46286429218749997 0.7543106203125001 0.4741660453125 0.7212638625000001 0.5000007921875 0.7212638625000001 0.509688009375 0.7234188968749999 0.51668433125 0.73060306875 0.5204515828125 0.741378240625 0.522604296875 0.7614947937500001 0.523142475 0.7931034140625 0.5209897609375 0.8024426203124999 0.518837046875 0.815372828125 0.5177606890625001 0.8297411718750001 0.5118407234375 0.8326152765625 0.5086116515625 0.8347703109375001 0.50215350625 0.8362062765625 0.48385326093750003 0.8311771374999999 0.459094871875
1 0.776580034375 0.7868673921875 0.7693958624999999 0.7895582859375 0.7607757234375 0.7949400734375 0.7528724828125 0.8024767453124999 0.7507174484375 0.810011246875 0.7550296890625 0.8159312125 0.7614947937500001 0.8196984625000001 0.767240828125 0.8207748203125 0.778018171875 0.8272329640624999 0.7844832765625 0.8406896015624999 0.7945393796875 0.848224103125 0.8053167234374999 0.850914996875 0.816810965625 0.85037681875 0.8211210343750001 0.84876228125 0.8254311031249999 0.8417659593750001 0.8261501718750001 0.8272329640624999 0.8204019656250001 0.8024767453124999 0.815372828125 0.7917110015625 0.8060336203125 0.7879437499999999 0.7938224828125 0.7863292140625 0.785919240625 0.787405571875 0.776580034375 0.7868673921875
1 0.8900864828125 0.8245420703124999 0.8836213796875001 0.8234657140625 0.87499906875 0.8240038921874999 0.8635048281250001 0.8304620359375001 0.8527296546875001 0.8428423171875 0.8362062765625 0.8546822468749999 0.821840103125 0.8702916 0.8204019656250001 0.8799788156250001 0.8239951375000001 0.8869751390625 0.8491386546875 0.9068899203124999 0.864942965625 0.9273407109375 0.87499906875 0.9337988546875 0.8915224484375001 0.931646140625 0.90589079375 0.925726175 0.920976034375 0.9219589234375001 0.9353443796875001 0.9208825656249999 0.951867759375 0.917115315625 0.95905193125 0.9128098859374999 0.9626429312499999 0.90850445625 0.9626429312499999 0.8993532484375001 0.9547418625 0.8767497437499999 0.9540227937499999 0.8546822468749999 0.9511486890624999 0.8466095671874999 0.9374994140625 0.83961324375 0.9231332406250001 0.8369223515625 0.8900864828125 0.8245420703124999
1 1 0.2932405296875 0.9906605515625 0.296556228125 0.9856314140625001 0.30086165781249996 0.9806044484375 0.312163409375 0.9806044484375 0.32185062656249996 0.9892245859375001 0.3250796984375 1 0.3218003046875 1 0.2932405296875
1 1 0.179281565625 0.9971256546875 0.1781482375 0.9820404140625 0.1689991984375 0.9705461718749999 0.1679228421875 0.963362 0.1689991984375 0.9597709999999999 0.17115191406250002 0.956177828125 0.175995521875 0.9568968968749999 0.178686415625 0.9626429312499999 0.18460638125 0.978447240625 0.1964484828125 1 0.21797804062499998 1 0.179281565625
2 0.7027230453125 0 0.7004304140625 0.0134547078125 0.6975584828125 0.04951485 0.7025854484375 0.06404784531249999 0.71695379375 0.08396045625000001 0.7313221375000001 0.0963407359375 0.7543106203125001 0.112486096875 0.7758631375 0.125942734375 0.7844832765625 0.1280954484375 0.7923843453125 0.13293905781249998 0.8146559312500001 0.1420880953125 0.8283052062499999 0.144240809375 0.8405163453125001 0.144240809375 0.8484195859374999 0.1420880953125 0.86134979375 0.13509177187500002 0.8699721031250001 0.1264809125 0.872844034375 0.12109695625000001 0.8771541031250001 0.1173297046875 0.8843382765625 0.10172252343749999 0.8872123796875 0.0877277078125 0.8836213796875001 0.05651334375 0.8771541031250001 0.0333694890625 0.8757181375 0.022605915625 0.877547196875 0 0.7027230453125 0
1 0.3247136203125 0.640474109375 0.29238593125 0.6324014296875 0.248564 0.6329396078125 0.2341956546875 0.634015965625 0.22126544843749998 0.636706859375 0.1882186890625 0.646394075 0.15948199999999998 0.6614630781249999 0.15445503437500002 0.6652325 0.14727086250000002 0.6738433578125 0.14296079374999998 0.6819160390625 0.1415226546875 0.68998871875 0.1336215859375 0.7082889640625 0.12356331093749999 0.724434325 0.105603965625 0.7448872859375 0.096264759375 0.7637235390625 0.096264759375 0.7804092484375 0.104884896875 0.8024767453124999 0.113505034375 0.8164693906249999 0.1285924484375 0.8331529296875001 0.1379316546875 0.8401514234375 0.14296079374999998 0.848224103125 0.15158093125 0.85037681875 0.1724143796875 0.8649076421874999 0.197557896875 0.8751352078125001 0.2183913453125 0.8805169953125 0.245689896875 0.8837460671875 0.2679593109375 0.8832078875 0.294540965625 0.8805169953125 0.3089071375 0.8756733859375 0.3182463453125 0.8756733859375 0.3254305171875 0.87136795625 0.3326146890625 0.870829778125 0.3433898625 0.8611403921875 0.355603171875 0.8573731406249999 0.3699715171875 0.8476859250000001 0.3793107234375 0.8385368874999999 0.385775828125 0.8342292875 0.403735171875 0.810011246875 0.40589020624999994 0.8030149234374999 0.4102002765625 0.7970927875 0.4152294140625 0.78525285625 0.4188225859375 0.76695478125 0.4188225859375 0.7416582125 0.41594848281249996 0.7265870390625 0.4087643109375 0.706674428125 0.391524034375 0.6813778593750001 0.37571755156250003 0.6668470359375 0.34913806875 0.64908496875 0.3247136203125 0.640474109375
5 0.3280526203125 0.8970442890625 0.325804171875 0.893342140625 0.3208554140625 0.8903127140624999 0.315913171875 0.8909854375 0.31366472343749996 0.8940148640625001 0.3123134828125 0.8970442890625 0.31366472343749996 0.9007529468750001 0.31726224062499997 0.90311181875 0.3217591375 0.90311181875 0.3262495171875 0.90209839375 0.3280526203125 0.8970442890625
5 0.081364171875 0.7249247624999999 0.0860413796875 0.7260922625 0.09020155156250001 0.7249247624999999 0.0928084484375 0.721808534375 0.0928084484375 0.718299521875 0.0896845171875 0.7144020671875 0.084483759375 0.713623009375 0.0756398625 0.7155695671875 0.075122828125 0.72102730625 0.081364171875 0.7249247624999999
5 0.0553516890625 0.7366149578125001 0.0527513109375 0.731161559375 0.0470335171875 0.72998971875 0.041307034375 0.7315500015625 0.03766606875 0.7346662296875001 0.0381896203125 0.7393427421875 0.0439074140625 0.7424589703125 0.049633896875 0.7424589703125 0.0527513109375 0.7412914703125 0.0553516890625 0.7366149578125001
5 0.030379793750000002 0.8527508812500001 0.02622179375 0.8492418687500001 0.015818103125 0.8511884265624999 0.0147775171875 0.855867109375 0.0147775171875 0.8593761203125 0.020501828125 0.8617111218750001 0.026745345312500002 0.8621039046875 0.0309055171875 0.85859489375 0.030379793750000002 0.8527508812500001
2 0.5186775859375 0.42680198125 0.5014373109375 0.431647759375 0.489224 0.4402586171875 0.4748556546875 0.45317490625 0.4604894828125 0.4773951171875 0.4590513453125 0.4833150828125 0.45977041406249997 0.5048444 0.46767148281250004 0.522604296875 0.48850493124999994 0.5468245078125 0.5028732765624999 0.560278975 0.5057473796874999 0.5656629328125 0.5165225515625 0.5775028640625 0.530890896875 0.5877282578125 0.5567534828125 0.6157157203125 0.5617826203125 0.6189447921875 0.5998563453125 0.655004934375 0.6106315171875 0.668461571875 0.6149415859375 0.671152465625 0.62930993125 0.6856832890625 0.63362 0.6921414343750001 0.6587635171875 0.7142089296874999 0.6637926546874999 0.7222816109375 0.670257759375 0.7265870390625 0.67457 0.735738246875 0.683907034375 0.7421963921875 0.69109120625 0.7524217875 0.7018685515625 0.7599562890625 0.728448034375 0.7739511046875001 0.7442523453125001 0.778256534375 0.7607757234375 0.7804092484375 0.770834 0.7841764999999999 0.7880742765625001 0.7847146781250001 0.7923843453125 0.7836383203125 0.815372828125 0.7831001421875 0.8211210343750001 0.7798710703125 0.8347703109375001 0.775565640625 0.8520105859375 0.76695478125 0.8606328968750001 0.7572653953125 0.8635048281250001 0.7448872859375 0.8635048281250001 0.7341237109375001 0.86134979375 0.7260488609375 0.8548846890625 0.7131325734375 0.8390803796874999 0.6942941484375 0.7945393796875 0.652314040625 0.762930759375 0.6065666828125 0.7370681718750001 0.5812701140625001 0.732758103125 0.5748119703125 0.6731318625 0.5204515828125 0.6465523796875 0.50215350625 0.645114240625 0.498924434375 0.6386491375000001 0.4930023 0.636494103125 0.48762051250000005 0.622125759375 0.479009653125 0.6113505859374999 0.464478828125 0.5969822406249999 0.45317490625 0.5862070687500001 0.4488694765625 0.5804588625 0.44348769062500004 0.574712828125 0.4418731546875 0.5668095859375 0.4364913671875 0.5574703796875 0.432724115625 0.5387941374999999 0.4278805078125 0.5186775859375 0.42680198125
1 0.8527296546875001 0.203982984375 0.8462645515625 0.20613569843750001 0.8412354140625 0.213132021875 0.8412354140625 0.21851380781250002 0.8448285859375 0.23089408749999998 0.8505746203125 0.23842859062500002 0.855603759375 0.24273401875 0.87499906875 0.26803058750000003 0.882183240625 0.27072148125 0.8994256890625 0.28363777031250004 0.907326759375 0.2874050203125 0.91451093125 0.29278897812500004 0.9346274828125001 0.3003234796875 0.9489936546875001 0.29978530000000003 0.964797965625 0.293865334375 0.9777303453125 0.283099590625 0.9899414828124999 0.2642633375 0.9978447234375001 0.242195840625 0.996408759375 0.23143226718749998 0.9892245859375001 0.21959016562499997 0.9813213453125 0.213132021875 0.966953 0.205059340625 0.9597709999999999 0.2034448046875 0.95043179375 0.2034448046875 0.9403735171875001 0.2002157328125 0.9317533796875 0.199139375 0.9123558968750001 0.19967755468749998 0.869253034375 0.2055975203125 0.8527296546875001 0.203982984375
0 1 0.042877874999999996 0.9956896890625 0.032831310937500004 0.9949706203125 0.0269113453125 0.9892245859375001 0.0220677375 0.9748562406250001 0.0193746734375 0.961206965625 0.0193746734375 0.9439645171875 0.0220677375 0.9360634484375 0.0263731671875 0.9245692062499999 0.0441330640625 0.9202591375000001 0.055975164062500006 0.918821 0.072120525 0.9202591375000001 0.0758877765625 0.9245692062499999 0.07642595468749999 0.9353443796875001 0.084498634375 0.9432476203125001 0.084498634375 0.95043179375 0.087189528125 0.95905193125 0.0877277078125 0.96767206875 0.08665135 0.97270120625 0.0828840984375 0.9856314140625001 0.078040490625 0.9892245859375001 0.07534959687500001 1 0.0597094140625 1 0.042877874999999996
4 0.311062171875 0.365447440625 0.3125003109375 0.3541435171875 0.3103452765625 0.349299909375 0.302442034375 0.3498380875 0.29597693125 0.3482235515625 0.2607751375 0.3482235515625 0.2270114828125 0.351990803125 0.21120717187500002 0.35145262499999996 0.196838828125 0.355219875 0.170976240625 0.35575805312500003 0.1393676203125 0.360065653125 0.11134999999999999 0.36060383281249997 0.070402171875 0.3670619765625 0.053161896875 0.3670619765625 0.0459777234375 0.3686765125 0.022989240624999997 0.3702910484375 0.017960103124999998 0.37298194218749997 0.01580506875 0.381054621875 0.028735276562500002 0.390203659375 0.0308903109375 0.3955876171875 0.0380744828125 0.404198475 0.063218 0.4224965515625 0.0754313109375 0.4364913671875 0.0941097234375 0.45156037031249996 0.104884896875 0.464478828125 0.1199723109375 0.4773951171875 0.12715431093750001 0.48170054687499997 0.1458327234375 0.50215350625 0.163075171875 0.5139934375 0.170976240625 0.5242188328124999 0.1781604140625 0.529062440625 0.1795985515625 0.5317555046875 0.196838828125 0.54467179375 0.20474206874999998 0.5441336140625 0.21120717187500002 0.538751828125 0.21767227656250002 0.5247570125000001 0.22988558593750003 0.5086116515625 0.252155 0.47039879375 0.25790320625 0.45586580000000004 0.2830467234375 0.41819112187499996 0.298851034375 0.386436409375 0.303880171875 0.381054621875 0.311062171875 0.365447440625
4 0.3132193796875 0.267492409375 0.3132193796875 0.23627587499999997 0.3089071375 0.233046803125 0.30100606875 0.232508625 0.2787366546875 0.2373522328125 0.263649240625 0.24381037656250001 0.25790320625 0.247577628125 0.241379828125 0.2524212359375 0.22126544843749998 0.262110621875 0.204023 0.267492409375 0.200432 0.270183303125 0.1817535859375 0.277179625 0.17600537968750002 0.28148505468749996 0.1774435171875 0.2900959140625 0.18103451718750002 0.29278897812500004 0.19971293125 0.2981707640625 0.2334765859375 0.3164688390625 0.2435348625 0.3191597328125 0.2658042765625 0.32938729843750003 0.27370751718749997 0.33100183437499997 0.2859186546875 0.3390745140625 0.30172513749999996 0.34337994374999997 0.30962620625000004 0.34337994374999997 0.3125003109375 0.33799815781250003 0.3125003109375 0.3035525515625 0.3103452765625 0.28202323281249997 0.3132193796875 0.267492409375
5 0.8305449656249999 0.8289386437499999 0.8368384484375 0.8286066218749999 0.839086896875 0.8248979640625 0.837737828125 0.8208551125 0.83324093125 0.8178256875000001 0.8251508624999999 0.81748715625 0.8242536546875 0.8215278359375 0.8260480687499999 0.82590921875 0.8305449656249999 0.8289386437499999
5 0.6691954484375 0.7539451796875001 0.67396606875 0.7547567875000001 0.6787366890625 0.7539451796875001 0.681119828125 0.7526474750000001 0.6817737234375 0.7495594578125 0.6817737234375 0.747126803125 0.68003579375 0.744036615625 0.676788034375 0.74241556875 0.6702794828124999 0.742578325 0.6657326203125 0.7442037109374999 0.6648636546875 0.7479384109375 0.6659476890625 0.7513454296875001 0.6691954484375 0.7539451796875001