1 0.455263946875 0.4736842109375 0.4394740796875 0.4763147375 0.43157802656250005 0.4842107890625 0.43157802656250005 0.502631184375 0.4736843421875 0.5000006578125 0.4736843421875 0.48157802656250004 0.455263946875 0.4736842109375
1 0.5973682890625 0.6052642109375 0.5710518421875 0.6078947375 0.5631580265625 0.615788553125 0.565788553125 0.6315784203125 0.5815784203125001 0.6368417109375 0.6052621046875 0.634211184375 0.60789486875 0.6131580265625 0.5973682890625 0.6052642109375
1 0.731578815625 0.2842102625 0.7657890796875 0.3131572375 0.7921055265625 0.32368381562500004 0.80526263125 0.3210532890625 0.7999993421875 0.2815797375 0.7842094734375 0.2605265796875 0.7578952625 0.2526305265625 0.7289482890625 0.2684203953125 0.731578815625 0.2842102625
1 0.7684218421875 0.439473946875 0.7421053953125 0.43684118437499997 0.7289482890625 0.44473723749999994 0.7289482890625 0.45789434218749997 0.7342115796875001 0.46315763125 0.7684218421875 0.46315763125 0.77105236875 0.44473723749999994 0.7684218421875 0.439473946875
1 0.665788815625 0.292106315625 0.6447378953125 0.289473553125 0.631578553125 0.292106315625 0.6289480265625 0.3105267109375 0.665788815625 0.31579 0.67368486875 0.3026306578125 0.665788815625 0.292106315625
1 0.4631577625 0.505263946875 0.45000065781250004 0.5105272375000001 0.42894750000000004 0.5500007890624999 0.42368421093749997 0.5789477625 0.455263946875 0.584211053125 0.4710515796875 0.5631578953124999 0.4736843421875 0.52894763125 0.4631577625 0.505263946875
1 0.45263118437500005 0.16578960468749998 0.43157802656250005 0.16315684218749998 0.41842092031250006 0.16842013125 0.41579039531250006 0.18421 0.421053684375 0.1894732890625 0.4631577625 0.1894732890625 0.4657905265625 0.1789467109375 0.45263118437500005 0.16578960468749998
1 0.8157892109375 0.21052644687500002 0.7894727625 0.2131569734375 0.7815789468750001 0.22631631562500001 0.7842094734375 0.2368428953125 0.8210525000000001 0.2368428953125 0.8263157890624999 0.2289468421875 0.8236852625 0.21578973750000002 0.8157892109375 0.21052644687500002
1 0.1131568421875 0.307893946875 0.1315794734375 0.3473675 0.1552631578125 0.3605268421875 0.1684202625 0.3605268421875 0.1868428953125 0.33947368437500003 0.1868428953125 0.3105267109375 0.1789468421875 0.292106315625 0.1552631578125 0.273683684375 0.12368342031249999 0.276316446875 0.1131568421875 0.292106315625 0.1131568421875 0.307893946875
1 0 0.3684206578125 0.010526053125 0.3684206578125 0.021052631250000002 0.3473675 0.0342097375 0.3342103953125 0.0342097375 0.3131572375 0.042105789062499996 0.29736736874999997 0.0368425 0.2842102625 0.0052627624999999996 0.2710531578125 0 0.2725568953125 0 0.3684206578125
1 0.657895 0.8526321046875 0.7131584203125 0.9184221046875001 0.7552625 0.9815793421875 0.7684218421875 0.98684263125 0.7921055265625 0.944736315625 0.797368815625 0.913158815625 0.7921055265625 0.8763157890625 0.7763156578125 0.844736053125 0.7578952625 0.8236851312500001 0.7184217109375 0.7999992109375 0.6763153953125001 0.7973686843750001 0.64210513125 0.8052625000000001 0.6368418421875 0.82105236875 0.657895 0.8526321046875
1 0.5350870375000001 1 0.5157884203124999 0.9421057890625001 0.4578944734375 0.8552626312499999 0.4342107890625 0.844736053125 0.4105271046875 0.8473688156250001 0.3842106578125 0.863158684375 0.3500003953125 0.9026322375 0.3500003953125 0.944736315625 0.3605269734375 0.960526184375 0.40526381562499997 0.9973692109375 0.40581187031250004 1 0.5350870375000001 1
1 0.3973677625 0.3052634203125 0.3973677625 0.3605268421875 0.41315763125 0.3842105265625 0.436841315625 0.39736763124999996 0.4631577625 0.39736763124999996 0.4894742109375 0.37631671093749997 0.49210473749999994 0.355263553125 0.48684144687500003 0.33157986875 0.5289477625 0.292106315625 0.5342110531250001 0.26578986875 0.5289477625 0.2552632890625 0.5078946046875 0.23421013125 0.4894742109375 0.22631631562500001 0.4473678953125 0.2315796046875 0.41315763125 0.2710531578125 0.3973677625 0.3052634203125
1 0.6684215796874999 0.7447357890624999 0.7131584203125 0.7973686843750001 0.7263155265625 0.8026319734375 0.73947263125 0.7999992109375 0.7605257890625 0.7763155265624999 0.77105236875 0.7473685531250001 0.7684218421875 0.7157888156250001 0.7526319734375 0.684211315625 0.731578815625 0.6605253953125 0.7131584203125 0.6526315796875 0.681578684375 0.6526315796875 0.649998946875 0.6684214468749999 0.6289480265625 0.699998946875 0.631578553125 0.7263153953125 0.6526317109375 0.7421052625 0.6684215796874999 0.7447357890624999
1 0.3184206578125 0.7921053953125 0.2947369734375 0.8368422375 0.2947369734375 0.8526321046875 0.3026307890625 0.8684219734375 0.3289472375 0.8815790796874999 0.3526309203125 0.8815790796874999 0.436841315625 0.8315789468749999 0.455263946875 0.7868421046875 0.45263118437500005 0.7499990796875 0.4342107890625 0.7368419734375 0.355263684375 0.7421052625 0.336841053125 0.7499990796875 0.3263167109375 0.7605256578125 0.3184206578125 0.7921053953125
1 0.2105265796875 0.46315763125 0.24210631562499998 0.4894740796875 0.2605267109375 0.5394742109374999 0.27105328906250004 0.5473680265625 0.2921042109375 0.5473680265625 0.3105268421875 0.5394742109374999 0.33158 0.5105272375000001 0.339473815625 0.48157802656250004 0.33158 0.40526368437500004 0.3078940796875 0.3710534203125 0.2868431578125 0.3605268421875 0.26842052656250004 0.3605268421875 0.2342102625 0.37631671093749997 0.2026305265625 0.4078942109375 0.192106184375 0.43421065781249996 0.2105265796875 0.46315763125
1 0 0.979202403125 0.06842000000000001 0.9394730265625 0.08947315781250001 0.913158815625 0.094736446875 0.8894728953125 0.08947315781250001 0.8842096046875 0.0052627624999999996 0.8921056578125001 0 0.8921056578125001 0 0.979202403125
1 0.8078953953125 0.863158684375 0.7999993421875 0.9026322375 0.8026321046874999 0.9421057890625001 0.8184219734375 0.9789465796875 0.8289463156249999 0.9815793421875 0.8421056578125 0.9763160531249999 0.9078956578125 0.8973689468750001 0.9578957890625001 0.8184218421875 0.960526315625 0.7947359203125 0.9526325 0.7868421046875 0.9052628953124999 0.7842115796875 0.8763159203124999 0.7921053953125 0.8263157890624999 0.8315789468749999 0.8078953953125 0.863158684375
1 0.5578947375000001 0.20263263125000003 0.5394743421875 0.21842026250000002 0.5394743421875 0.2447367109375 0.5631580265625 0.2710531578125 0.5868417109374999 0.2842102625 0.6289480265625 0.2842102625 0.6947357890625 0.2684203953125 0.7368421046875 0.25 0.7447359203125 0.2289468421875 0.7421053953125 0.192106053125 0.7263155265625 0.1552630265625 0.6947357890625 0.11842 0.681578684375 0.11315894687500001 0.6552622375 0.11578947343749998 0.6210519734375 0.16842013125 0.5578947375000001 0.20263263125000003
1 0.40526381562499997 0.03684236875 0.3921044734375 0.0736831578125 0.3921044734375 0.10263236875 0.40526381562499997 0.13420986875000002 0.4342107890625 0.1289465796875 0.4710515796875 0.0868425 0.4973680265625 0.03684236875 0.4973680265625 0.010525920312500001 0.49210473749999994 0.00526263125 0.4631577625 0.0026321046875 0.42368421093749997 0.0184219734375 0.40526381562499997 0.03684236875
1 0.5552642109375 0.4605271046875 0.5552642109375 0.4763147375 0.568421315625 0.5000006578125 0.6052621046875 0.5236843421875 0.6263152625 0.5236843421875 0.6368418421875 0.5105272375000001 0.649998946875 0.45789434218749997 0.6894747375 0.386841053125 0.6894747375 0.3605268421875 0.6789481578125 0.3526307890625 0.6105253953124999 0.3473675 0.5947377625 0.355263553125 0.5868417109374999 0.3684206578125 0.584211184375 0.41315749999999996 0.5552642109375 0.4605271046875
1 0 0.6658582875 0.044736315625 0.6552621046875 0.08420986875 0.634211184375 0.09736921093749999 0.6210518421875 0.0921059203125 0.5894743421875 0.0710527625 0.5631578953124999 0.047369079687499996 0.5131577625 0.028946446874999997 0.4973678953125 0 0.49291444999999995 0 0.6658582875
1 0.5210517109375 0.047368946875 0.5394743421875 0.08157921093750001 0.584211184375 0.11052618437499999 0.6131581578125 0.10789565781249999 0.6289480265625 0.08157921093750001 0.6236847375 0.047368946875 0.5605252625 0.00526263125 0.5473681578125 0.00526263125 0.5263150000000001 0.0157892109375 0.5210517109375 0.047368946875
1 0.3947372375 0 0.3947372375 0.00526263125 0.402631053125 0.0263157890625 0.41579039531250006 0.0210525 0.42727239531250005 0 0.3947372375 0
1 0.3344882390625 0 0.339473815625 0.0315790796875 0.3342105265625 0.047368946875 0.3263167109375 0.0526322375 0.3184206578125 0.0842097375 0.3184206578125 0.1236832890625 0.3263167109375 0.13684263125 0.34736763125 0.13684263125 0.35789421093749996 0.126316053125 0.35789421093749996 0.0868425 0.3710028296875 0 0.3344882390625 0
1 0.055262895312500004 0.0157892109375 0.021052631250000002 0.11315894687500001 0.010526053125 0.1236832890625 0.0157893421875 0.1289465796875 0.031579210937500005 0.126316053125 0.0394730265625 0.11578947343749998 0.0578956578125 0.11315894687500001 0.08420986875 0.047368946875 0.08420986875 0.023685262500000002 0.0736832890625 0.0026321046875 0.0657894734375 0.0026321046875 0.055262895312500004 0.0157892109375
1 0 0.2498613234375 0.0184221046875 0.2605265796875 0.055262895312500004 0.273683684375 0.0710527625 0.273683684375 0.060526184375 0.2684203953125 0.052632368750000005 0.242106184375 0.0394730265625 0.22631631562500001 0 0.2077403109375 0 0.2498613234375
1 0.0710527625 0.1894732890625 0.063158946875 0.1973693421875 0.063158946875 0.22631631562500001 0.0736832890625 0.2605265796875 0.08947315781250001 0.2526305265625 0.10263249999999999 0.2131569734375 0.10263249999999999 0.1973693421875 0.0921059203125 0.1868427625 0.0710527625 0.1894732890625
1 0.16379706249999998 0 0.142316315625 0.051920920312499994 0.1484475 0.1001047375 0.1952246296875 0 0.16379706249999998 0
1 0.1064217109375 0.0221843421875 0.097183553125 0.0293690796875 0.0982102625 0.0416582890625 0.10539499999999999 0.047816315625 0.1146309203125 0.047816315625 0.1197622375 0.0365269734375 0.1146309203125 0.023211053125 0.1064217109375 0.0221843421875
1 0.06439368437500001 0.11957868437500001 0.05618447343750001 0.130841184375 0.05618447343750001 0.1380259203125 0.0654203953125 0.1421305265625 0.0777096046875 0.130841184375 0.07668513125000001 0.12471000000000002 0.07260513125 0.11855197343749999 0.06439368437500001 0.11957868437500001
1 0.23684302656249998 0.11578947343749998 0.239473553125 0.144736446875 0.26315723750000003 0.1789467109375 0.2868431578125 0.18421 0.2973675 0.1789467109375 0.2868431578125 0.08157921093750001 0.26579 0.05526276249999999 0.2526306578125 0.0526322375 0.23684302656249998 0.11578947343749998
1 0.6894747375 0.0921057890625 0.70789513125 0.11052618437499999 0.7105256578125 0.12105276250000001 0.7342115796875001 0.1315793421875 0.7526319734375 0.11842 0.763158553125 0.0842097375 0.7578952625 0.03684236875 0.747368684375 0.010525920312500001 0.7368421046875 0.00526263125 0.6947357890625 0.0157892109375 0.665788815625 0.0342096046875 0.6526317109375 0.0526322375 0.6526317109375 0.063158815625 0.6631582890625001 0.0763159203125 0.6894747375 0.0921057890625
1 0.8431569734375 0.054211446875 0.8271053953124999 0.06079 0.8078953953125 0.0763159203125 0.813158684375 0.0921057890625 0.83684236875 0.094736315625 0.8578955265625 0.08157921093750001 0.8657893421875 0.07105263125 0.860526053125 0.0394728953125 0.8499994734375 0.047368946875 0.8431569734375 0.054211446875
1 0.8710526312500001 0.0421056578125 0.8921057890625 0.0684221046875 0.9115797375 0.063158815625 0.91763263125 0.0581572375 0.92736736875 0.050263420312499994 0.9289465796874999 0.047368946875 0.93420986875 0.0210525 0.9157894734375001 0.00526263125 0.8999996046875 0.00526263125 0.8763159203124999 0.0184219734375 0.8710526312500001 0.0421056578125
1 1 0.0046056078125 0.9947365796875 0.0026321046875 0.9736834203125 0.007895395312500001 0.9289465796874999 0.0421056578125 0.9078956578125 0.0868425 0.9052628953124999 0.1236832890625 0.910526184375 0.1315793421875 0.9526325 0.1315793421875 0.9789467109375 0.11315894687500001 1 0.08308281875 1 0.0046056078125
1 0.48684144687500003 0.1710528953125 0.4842109203125 0.1868427625 0.518421184375 0.20789368437500003 0.5342110531250001 0.20789368437500003 0.5342110531250001 0.192106053125 0.518421184375 0.160526315625 0.5052640796875 0.160526315625 0.48684144687500003 0.1710528953125
1 0.26842052656250004 0.21052644687500002 0.273683815625 0.22631631562500001 0.3289472375 0.273683684375 0.34473710468749996 0.2710531578125 0.3631575 0.25 0.3631575 0.2368428953125 0.355263684375 0.22368355312500002 0.3105268421875 0.18421 0.2947369734375 0.18421 0.28157986875 0.192106053125 0.26842052656250004 0.21052644687500002
1 0.173683553125 0.20789368437500003 0.1894734203125 0.2289468421875 0.226316446875 0.257893815625 0.24736736874999998 0.26578986875 0.26315723750000003 0.2473694734375 0.25000013125 0.18421 0.23684302656249998 0.16315684218749998 0.2105265796875 0.160526315625 0.176316315625 0.1868427625 0.173683553125 0.20789368437500003
1 0.0394730265625 0.3684206578125 0.0578956578125 0.3789472375 0.09736921093749999 0.3921043421875 0.11578960468749999 0.389473815625 0.1078957890625 0.3710534203125 0.0657894734375 0.3447369734375 0.047369079687499996 0.3421042109375 0.0394730265625 0.3473675 0.0394730265625 0.3684206578125
1 0.25000013125 0.3368431578125 0.2315797375 0.3368431578125 0.2184203953125 0.3447369734375 0.2131571046875 0.3684206578125 0.226316446875 0.37631671093749997 0.26842052656250004 0.355263553125 0.27105328906250004 0.3473675 0.25000013125 0.3368431578125
1 0.3184206578125 0.2815797375 0.289473684375 0.2868430265625 0.27105328906250004 0.3105267109375 0.273683815625 0.3421042109375 0.28421039531250003 0.3500002625 0.305263553125 0.3447369734375 0.34736763125 0.31579 0.34473710468749996 0.29736736874999997 0.3184206578125 0.2815797375
1 0.3842106578125 0.2368428953125 0.355263684375 0.2868430265625 0.35789421093749996 0.30000013124999997 0.36842078906250003 0.3105267109375 0.3842106578125 0.307893946875 0.43157802656250005 0.2447367109375 0.43157802656250005 0.2315796046875 0.42368421093749997 0.22368355312500002 0.3973677625 0.22368355312500002 0.3842106578125 0.2368428953125
1 0.6868419734375 0.29736736874999997 0.7026318421875 0.3131572375 0.7184217109375 0.3210532890625 0.7421053953125 0.3210532890625 0.7421053953125 0.307893946875 0.7210522375 0.2842102625 0.7026318421875 0.27894697343749997 0.684211446875 0.2815797375 0.6868419734375 0.29736736874999997
1 0.8105259203124999 0.2684203953125 0.8315790796875 0.29473684218749996 0.8526322375 0.3368431578125 0.8684221046875 0.3421042109375 0.8947363156250001 0.32368381562500004 0.8973690796874999 0.29736736874999997 0.8842097375 0.26578986875 0.8631588156250001 0.23947342031250002 0.8657893421875 0.23421013125 0.8499994734375 0.2315796046875 0.8157892109375 0.2552632890625 0.8105259203124999 0.2684203953125
1 1 0.3242378375 0.9657896046875001 0.2684203953125 0.9526325 0.26578986875 0.93420986875 0.30000013124999997 0.926316053125 0.3368431578125 0.9526325 0.4473677625 0.96842013125 0.45526381562499996 0.9947365796875 0.43684118437499997 1 0.42405813437499995 1 0.3242378375
1 0.8657893421875 0.3605268421875 0.860526053125 0.38158 0.8815792109375 0.45789434218749997 0.8921057890625 0.46315763125 0.9052628953124999 0.45789434218749997 0.9289465796874999 0.43421065781249996 0.93420986875 0.4078942109375 0.9210527624999999 0.389473815625 0.8921057890625 0.3684206578125 0.8657893421875 0.3605268421875
1 0.6921052624999999 0.36579013125 0.6868419734375 0.38158 0.6894747375 0.41315749999999996 0.7157889468749999 0.43421065781249996 0.7368421046875 0.43421065781249996 0.7684218421875 0.40526368437500004 0.7763156578125 0.3710534203125 0.7684218421875 0.3500002625 0.7447359203125 0.3342103953125 0.7447359203125 0.32368381562500004 0.7342115796875001 0.3368431578125 0.7184217109375 0.33947368437500003 0.6921052624999999 0.36579013125
1 0.5289477625 0.3605268421875 0.5236844734375 0.37631671093749997 0.5447376312500001 0.39736763124999996 0.5631580265625 0.4000003953125 0.5789478953125 0.3921043421875 0.5815784203125001 0.373683946875 0.5605252625 0.32368381562500004 0.5473681578125 0.31842052656250003 0.518421184375 0.3342103953125 0.518421184375 0.3447369734375 0.5289477625 0.3605268421875
1 0.1631569734375 0.452631053125 0.16578973749999998 0.471053684375 0.1947367109375 0.486841315625 0.2052632890625 0.486841315625 0.2131571046875 0.4789475 0.2105265796875 0.45789434218749997 0.1868428953125 0.439473946875 0.173683553125 0.44210447343750003 0.1631569734375 0.452631053125
1 0.0710527625 0.421053553125 0.055262895312500004 0.44210447343750003 0.055262895312500004 0.45789434218749997 0.0736832890625 0.471053684375 0.09736921093749999 0.471053684375 0.1078957890625 0.45526381562499996 0.1052630265625 0.43421065781249996 0.08947315781250001 0.421053553125 0.0710527625 0.421053553125
1 0.21578986875 0.48157802656250004 0.1894734203125 0.502631184375 0.1210528953125 0.52631486875 0.11578960468749999 0.5394742109374999 0.142106053125 0.5552640796875 0.160526446875 0.5552640796875 0.226316446875 0.5342109203125001 0.23684302656249998 0.5236843421875 0.23684302656249998 0.49210460468750006 0.226316446875 0.48157802656250004 0.21578986875 0.48157802656250004
1 0.3342105265625 0.5131577625 0.3210534203125 0.52631486875 0.31315736875 0.5421047375 0.31579013125 0.5578946046875 0.34210434218749997 0.5578946046875 0.355263684375 0.5394742109374999 0.3500003953125 0.5157905265625 0.3342105265625 0.5131577625
1 0.502631315625 0.486841315625 0.47631486875 0.5210515796874999 0.4736843421875 0.5552640796875 0.47894763124999995 0.5605273687500001 0.4947375 0.5605273687500001 0.518421184375 0.52631486875 0.5289477625 0.502631184375 0.5263150000000001 0.486841315625 0.502631315625 0.486841315625
1 0.5236844734375 0.4500005265625 0.5289477625 0.49473736874999996 0.5368415796875 0.505263946875 0.552631446875 0.505263946875 0.5605252625 0.5000006578125 0.552631446875 0.4500005265625 0.5368415796875 0.439473946875 0.5236844734375 0.4500005265625
1 0.5078946046875 0.4078942109375 0.49210473749999994 0.4236840796875 0.49210473749999994 0.439473946875 0.5000007890625 0.4500005265625 0.51052736875 0.452631053125 0.5447376312500001 0.43684118437499997 0.5447376312500001 0.421053553125 0.5342110531250001 0.4105269734375 0.5078946046875 0.4078942109375
1 0.6631582890625001 0.43421065781249996 0.6631582890625001 0.46315763125 0.6947357890625 0.49473736874999996 0.7236849999999999 0.49473736874999996 0.731578815625 0.46579039531250005 0.7210522375 0.44210447343750003 0.6999990796875 0.4184207890625 0.6789481578125 0.4184207890625 0.6631582890625001 0.43421065781249996
1 0.77105236875 0.4026309203125 0.763158553125 0.41315749999999996 0.7657890796875 0.43421065781249996 0.797368815625 0.44210447343750003 0.8078953953125 0.43684118437499997 0.8078953953125 0.4184207890625 0.7999993421875 0.40526368437500004 0.7894727625 0.39736763124999996 0.77105236875 0.4026309203125
1 1 0.50210583125 0.96842013125 0.4789475 0.90263236875 0.4736842109375 0.8868425 0.4842107890625 0.8894730265625 0.5105272375000001 0.9289465796874999 0.5500007890624999 0.9921060531249999 0.576315 1 0.5770329624999999 1 0.50210583125
1 1 0.6339168953125001 0.9973693421875 0.6315784203125 0.9947365796875 0.59473763125 0.9789467109375 0.59210486875 0.9631568421875001 0.618421315625 0.9631568421875001 0.650001053125 0.96842013125 0.6605253953125 0.9894732890625001 0.665788684375 1 0.6648320812499999 1 0.6339168953125001
1 0.8921057890625 0.5552640796875 0.8657893421875 0.5500007890624999 0.83684236875 0.5657884203125 0.83684236875 0.5815782890625 0.8421056578125 0.5868415796875001 0.8999996046875 0.584211053125 0.9078956578125 0.576315 0.9078956578125 0.5657884203125 0.8921057890625 0.5552640796875
1 0.7684218421875 0.6921051312500001 0.7736851312499999 0.7210521046875 0.77105236875 0.7947359203125 0.7789484203125 0.8026319734375 0.8210525000000001 0.7973686843750001 0.8289463156249999 0.7684217109375 0.8342096046874999 0.7131582890625 0.8289463156249999 0.568421184375 0.8105259203124999 0.5552640796875 0.7815789468750001 0.5552640796875 0.77105236875 0.5631578953124999 0.77105236875 0.6078947375 0.7657890796875 0.618421315625 0.77105236875 0.6236846046875 0.7736851312499999 0.6605253953125 0.7684218421875 0.6921051312500001
1 1 0.6812027765625001 0.98421 0.6631581578125 0.9499997375 0.6605253953125 0.9315793421875 0.6684214468749999 0.9157894734375001 0.684211315625 0.9157894734375001 0.6921051312500001 0.9289465796874999 0.699998946875 0.9631568421875001 0.699998946875 0.9894732890625001 0.6947378953125 1 0.6863172421875 1 0.6812027765625001
1 0.7210522375 0.5657884203125 0.7131584203125 0.5789477625 0.7421053953125 0.615788553125 0.7605257890625 0.6210518421875 0.7684218421875 0.6105252625 0.7684218421875 0.568421184375 0.7578952625 0.5552640796875 0.7421053953125 0.5552640796875 0.7210522375 0.5657884203125
1 0.6947357890625 0.5868415796875001 0.681578684375 0.5973681578125001 0.6763153953125001 0.6315784203125 0.6868419734375 0.650001053125 0.7210522375 0.650001053125 0.73947263125 0.6315784203125 0.7421053953125 0.6131580265625 0.7210522375 0.5894743421875 0.6947357890625 0.5868415796875001
1 0.7342115796875001 0.518421053125 0.697368553125 0.5421047375 0.6894747375 0.5552640796875 0.6894747375 0.568421184375 0.6947357890625 0.5736844734375001 0.7131584203125 0.5736844734375001 0.7421053953125 0.5552640796875 0.7499992109375 0.5421047375 0.7499992109375 0.52631486875 0.7342115796875001 0.518421053125
1 0.649998946875 0.5394742109374999 0.615788684375 0.5394742109374999 0.60789486875 0.5473680265625 0.6052621046875 0.5868415796875001 0.6473684203125 0.5894743421875 0.657895 0.584211053125 0.657895 0.5552640796875 0.649998946875 0.5394742109374999
1 0.631578553125 0.615788553125 0.618421446875 0.634211184375 0.618421446875 0.6473682890625 0.649998946875 0.6605253953125 0.657895 0.6526315796875 0.657895 0.6289478953125001 0.6447378953125 0.615788553125 0.631578553125 0.615788553125
1 0.5368415796875 0.5078944734374999 0.5289477625 0.52894763125 0.5342110531250001 0.5815782890625 0.5473681578125 0.59473763125 0.565788553125 0.5894743421875 0.5710518421875 0.5736844734375001 0.5710518421875 0.52894763125 0.5552642109375 0.505263946875 0.5368415796875 0.5078944734374999
1 0.4631577625 0.576315 0.45000065781250004 0.5973681578125001 0.45000065781250004 0.615788553125 0.4578944734375 0.6236846046875 0.5052640796875 0.6052642109375 0.5078946046875 0.576315 0.5000007890625 0.5657884203125 0.4842109203125 0.5657884203125 0.4631577625 0.576315
1 0.3026307890625 0.6052642109375 0.31315736875 0.618421315625 0.3342105265625 0.6236846046875 0.371053553125 0.6210518421875 0.37894736875 0.6131580265625 0.37894736875 0.5894743421875 0.36842078906250003 0.5736844734375001 0.3500003953125 0.5631578953124999 0.323683946875 0.5578946046875 0.305263553125 0.5710517109375 0.3026307890625 0.6052642109375
1 0.1078957890625 0.6710519734375 0.08947315781250001 0.6710519734375 0.0710527625 0.6947378953125 0.06842000000000001 0.7131582890625 0.08420986875 0.7184215796875 0.1052630265625 0.7131582890625 0.126316184375 0.6973684203125 0.126316184375 0.6868418421875 0.1078957890625 0.6710519734375
1 0 0.8526321046875 0.0026322374999999997 0.8526321046875 0.0394730265625 0.8368422375 0.0578956578125 0.8157890796875 0.0578956578125 0.7947359203125 0.0394730265625 0.781578815625 0 0.791447596875 0 0.8526321046875
1 0.43157802656250005 0.6947378953125 0.421053684375 0.7210521046875 0.4263147375 0.7368419734375 0.4710515796875 0.75789513125 0.4842109203125 0.7447357890624999 0.48157815781249996 0.72368486875 0.4605272375 0.6921051312500001 0.4421046046875 0.6894746046875 0.43157802656250005 0.6947378953125
1 0.6105253953124999 0.7157888156250001 0.5710518421875 0.7210521046875 0.568421315625 0.7526318421875 0.57631513125 0.7631584203124999 0.618421446875 0.7605256578125 0.6210519734375 0.7289481578125 0.6105253953124999 0.7157888156250001
1 0.6289480265625 0.75526236875 0.615788684375 0.7684217109375 0.6052621046875 0.7921053953125 0.60789486875 0.82105236875 0.6210519734375 0.8236851312500001 0.6552622375 0.8026319734375 0.684211446875 0.7947359203125 0.6868419734375 0.7842115796875 0.6789481578125 0.7684217109375 0.649998946875 0.7526318421875 0.6289480265625 0.75526236875
1 0.7868422374999999 0.8052625000000001 0.7763156578125 0.8157890796875 0.7763156578125 0.8368422375 0.7947360531250001 0.8605259203125 0.80526263125 0.8605259203125 0.8236852625 0.8342094734375 0.8236852625 0.8184218421875 0.8157892109375 0.8026319734375 0.7868422374999999 0.8052625000000001
1 0.8499994734375 0.7078949999999999 0.8315790796875 0.731578684375 0.8315790796875 0.7684217109375 0.8447361843750001 0.781578815625 0.8789464468749999 0.773685 0.8973690796874999 0.7473685531250001 0.8947363156250001 0.7157888156250001 0.8736831578125 0.7026317109375 0.8499994734375 0.7078949999999999
1 1 0.6907896625000001 0.9973693421875 0.6921051312500001 0.96842013125 0.7394747374999999 0.960526315625 0.7684217109375 0.9631568421875001 0.7921053953125 0.9736834203125 0.7921053953125 0.9947365796875 0.7710522375 1 0.76282828125 1 0.6907896625000001
1 0.15263263124999998 0.8710525 0.142106053125 0.8605259203125 0.1052630265625 0.8578953953124999 0.08420986875 0.8736852624999999 0.09999973749999999 0.88684236875 0.1447365796875 0.8789463156249999 0.15263263124999998 0.8710525
1 0.1789468421875 0.8552626312499999 0.16578973749999998 0.8684219734375 0.157893684375 0.8921056578125001 0.1631569734375 0.9315792109375 0.18421013125000002 0.9315792109375 0.21578986875 0.9026322375 0.22105315781249998 0.8763157890625 0.2052632890625 0.8526321046875 0.1789468421875 0.8552626312499999
1 0.14875478125 1 0.173683553125 0.95263236875 0.17105302656250002 0.9368425 0.15263263124999998 0.9368425 0.1078957890625 0.9657894734375001 0.0921059203125 0.9894731578125 0.0921059203125 1 0.14875478125 1
1 0.44473736875 0.8157890796875 0.4421046046875 0.8394727625 0.4657905265625 0.8526321046875 0.48157815781249996 0.8526321046875 0.48684144687500003 0.844736053125 0.4842109203125 0.8157890796875 0.4631577625 0.7921053953125 0.455263946875 0.7921053953125 0.44473736875 0.8157890796875
1 0.5578947375000001 0.8578953953124999 0.54210486875 0.8684219734375 0.5447376312500001 0.8842096046875 0.5552642109375 0.894736184375 0.5736846046874999 0.8842096046875 0.5736846046874999 0.8657892109375 0.5578947375000001 0.8578953953124999
1 0.518421184375 0.9078955265624999 0.5210517109375 0.944736315625 0.5500009203125 0.963158946875 0.5815784203125001 0.963158946875 0.5973682890625 0.9368425 0.5947377625 0.9236831578125001 0.5710518421875 0.913158815625 0.5447376312500001 0.8894728953125 0.5315782890625 0.8894728953125 0.518421184375 0.9078955265624999
1 0.63325398125 1 0.6289480265625 0.98420986875 0.60789486875 0.960526184375 0.57631513125 0.9657894734375001 0.565788553125 0.98684263125 0.5681808953124999 1 0.63325398125 1
1 0.7078945609375 1 0.6605255265625 0.9289464468749999 0.6105253953124999 0.8289484203124999 0.5868417109374999 0.7999992109375 0.5710518421875 0.7999992109375 0.5631580265625 0.82105236875 0.5710518421875 0.844736053125 0.5894744734375 0.8657892109375 0.5868417109374999 0.8736852624999999 0.6473684203125 0.9578956578125 0.66666618125 1 0.7078945609375 1
1 0.2648147375 0.9043948687500001 0.26568486875 0.9163418421875 0.2926052625 0.9723411843750001 0.307131315625 0.9723411843750001 0.31481486875 0.9663419734375 0.3088425 0.9441323687500001 0.302 0.9236317109375 0.29089407968750003 0.909526184375 0.27763184218750003 0.8885781578125 0.2648147375 0.9043948687500001
1 0.2174452578125 1 0.22549999999999998 0.9838676312500001 0.2280790796875 0.9646307890625 0.2199481578125 0.9599468421875 0.2007359203125 0.9766046046874999 0.1848629203125 1 0.2174452578125 1
1 0.49210473749999994 0.7131582890625 0.5131578953125 0.7289481578125 0.5342110531250001 0.731578684375 0.552631446875 0.7263153953125 0.568421315625 0.7026317109375 0.5736846046874999 0.6552621046875 0.5605252625 0.6210518421875 0.54210486875 0.6131580265625 0.5000007890625 0.6131580265625 0.4736843421875 0.6210518421875 0.4605272375 0.6368417109375 0.4631577625 0.6578948687499999 0.4736843421875 0.6868418421875 0.49210473749999994 0.7131582890625
4 0.024726196875000002 0 0 0.05893135468750001 0 0.2435892875 0.0777096046875 0.271131446875 0.19624128125 0 0.024726196875000002 0
4 0.3158611765625 1 0.3238427625 0.9900525 0.2600793421875 0.86673763125 0.1578021046875 1 0.3158611765625 1
4 1 0.7544262765624999 0.880816446875 0.9432622374999999 0.991341053125 0.9305256578125001 1 0.9221968625000001 1 0.7544262765624999
1 0.8999996046875 0.160526315625 0.8815792109375 0.1815794734375 0.8815792109375 0.23421013125 0.8973690796874999 0.2552632890625 0.9315793421875 0.2473694734375 0.9499997375 0.2289468421875 0.9526325 0.1973693421875 0.9447364468749999 0.16842013125 0.93420986875 0.15789578906249999 0.9131589468750001 0.1552630265625 0.8999996046875 0.160526315625
1 0.77105236875 0.1552630265625 0.763158553125 0.160526315625 0.7499992109375 0.1947365796875 0.7552625 0.2131569734375 0.7815789468750001 0.21052644687500002 0.8026321046874999 0.1894732890625 0.7894727625 0.160526315625 0.77105236875 0.1552630265625
1 0.336841053125 0.1973693421875 0.3500003953125 0.21052644687500002 0.38947394687500003 0.21842026250000002 0.41579039531250006 0.2131569734375 0.41579039531250006 0.1973693421875 0.3973677625 0.1868427625 0.3736840796875 0.15789578906249999 0.355263684375 0.160526315625 0.336841053125 0.144736446875 0.3263167109375 0.1473692109375 0.336841053125 0.1973693421875
1 0.37894736875 0.4078942109375 0.3526309203125 0.421053553125 0.34210434218749997 0.4473677625 0.371053553125 0.4894740796875 0.3921044734375 0.49473736874999996 0.402631053125 0.4894740796875 0.4263147375 0.4605271046875 0.42894750000000004 0.421053553125 0.42368421093749997 0.4157902625 0.37894736875 0.4078942109375
1 0.8499994734375 0.4315778953125 0.80526263125 0.4500005265625 0.7657890796875 0.48157802656250004 0.763158553125 0.49473736874999996 0.7894727625 0.505263946875 0.8421056578125 0.5105272375000001 0.8631588156250001 0.4789475 0.8657893421875 0.43684118437499997 0.8499994734375 0.4315778953125
1 0.336841053125 0.6578948687499999 0.3289472375 0.684211315625 0.371053553125 0.7157888156250001 0.4078943421875 0.72368486875 0.4342107890625 0.681578553125 0.4342107890625 0.6631581578125 0.4105271046875 0.6263151312499999 0.3815778953125 0.6210518421875 0.355263684375 0.6368417109375 0.336841053125 0.6578948687499999
1 0.9394731578125001 0.7263153953125 0.910526184375 0.7289481578125 0.8947363156250001 0.7499990796875 0.8947363156250001 0.7684217109375 0.9052628953124999 0.7789482890625 0.9552630265625 0.7789482890625 0.9631568421875001 0.7710522375 0.9631568421875001 0.7447357890624999 0.9394731578125001 0.7263153953125
1 0.9400926546875 1 0.9394731578125001 0.9789465796875 0.9315793421875 0.9710527624999999 0.8815792109375 0.963158946875 0.8421056578125 0.9789465796875 0.8285719546875001 1 0.9400926546875 1
5 0.7210522375 0.2842102625 0.7210522375 0.26578986875 0.7052623687499999 0.2684203953125 0.7105256578125 0.2842102625 0.7210522375 0.2842102625
5 0.5236844734375 0.3947371046875 0.5078946046875 0.3947371046875 0.5078946046875 0.4078942109375 0.5263150000000001 0.4078942109375 0.5236844734375 0.3947371046875
5 0.31579013125 0.2710531578125 0.3105268421875 0.2631571046875 0.2947369734375 0.2684203953125 0.2973675 0.2815797375 0.31315736875 0.2815797375 0.31579013125 0.2710531578125
5 0.518421184375 0.160526315625 0.518421184375 0.1473692109375 0.502631315625 0.144736446875 0.5000007890625 0.160526315625 0.518421184375 0.160526315625
5 0.22105315781249998 0.1421059203125 0.2131571046875 0.1473692109375 0.2105265796875 0.15789578906249999 0.21578986875 0.16315684218749998 0.2315797375 0.16315684218749998 0.22894697343749998 0.144736446875 0.22105315781249998 0.1421059203125
5 0 0.8070175875000001 0.010526053125 0.8052625000000001 0.007895526562500001 0.78947263125 0 0.7921044734375 0 0.8070175875000001
5 0.3921044734375 0.40526368437500004 0.38947394687500003 0.3921043421875 0.3736840796875 0.3921043421875 0.3763168421875 0.4105269734375 0.3921044734375 0.40526368437500004
5 0.1078957890625 0.6526315796875 0.094736446875 0.6526315796875 0.08947315781250001 0.6605253953125 0.0921059203125 0.6710519734375 0.110526315625 0.6684214468749999 0.1078957890625 0.6526315796875
5 0.08947315781250001 0.4078942109375 0.0736832890625 0.4026309203125 0.0710527625 0.4184207890625 0.08684263125 0.4236840796875 0.08947315781250001 0.4078942109375
5 0.7947360531250001 0.3921043421875 0.7921055265625 0.37631671093749997 0.7789484203125 0.3789472375 0.7815789468750001 0.3947371046875 0.7947360531250001 0.3921043421875
5 0.37894736875 0.144736446875 0.36842078906250003 0.1421059203125 0.3605269734375 0.1473692109375 0.3657902625 0.16315684218749998 0.3815778953125 0.15789578906249999 0.37894736875 0.144736446875
2 0.16578973749999998 0.7973686843750001 0.207893815625 0.8421055265625 0.2184203953125 0.8657892109375 0.24473684218749997 0.8710525 0.28157986875 0.8473688156250001 0.2973675 0.82105236875 0.2789471046875 0.6921051312500001 0.2868431578125 0.6078947375 0.27105328906250004 0.576315 0.23684302656249998 0.5500007890624999 0.2026305265625 0.5473680265625 0.1815796046875 0.5605273687500001 0.14999986875 0.5578946046875 0.12368342031249999 0.576315 0.110526315625 0.6078947375 0.11842013124999999 0.650001053125 0.1315794734375 0.6710519734375 0.142106053125 0.75789513125 0.16578973749999998 0.7973686843750001
1 0.8763159203124999 0.6236846046875 0.8657893421875 0.642105 0.8657893421875 0.6631581578125 0.8763159203124999 0.6710519734375 0.9131589468750001 0.6710519734375 0.9394731578125001 0.650001053125 0.9394731578125001 0.6210518421875 0.9131589468750001 0.59210486875 0.8894730265625 0.5894743421875 0.8789464468749999 0.6000009203125 0.8763159203124999 0.6236846046875
1 0.80526263125 0.5210515796874999 0.7842094734375 0.5236843421875 0.7815789468750001 0.536841446875 0.7868422374999999 0.5473680265625 0.8078953953125 0.5447375 0.8105259203124999 0.5315781578125 0.80526263125 0.5210515796874999
1 0.5210517109375 0.8184218421875 0.4894742109375 0.844736053125 0.4842109203125 0.8552626312499999 0.4842109203125 0.8842096046875 0.5000007890625 0.8999994734375001 0.5236844734375 0.8999994734375001 0.5315782890625 0.894736184375 0.552631446875 0.8421055265625 0.5473681578125 0.82105236875 0.5210517109375 0.8184218421875
1 0.8315790796875 0.3842105265625 0.83684236875 0.3605268421875 0.80526263125 0.3578940796875 0.8026321046874999 0.3789472375 0.8078953953125 0.3842105265625 0.8315790796875 0.3842105265625
1 0.8684221046875 0.16578960468749998 0.8499994734375 0.16578960468749998 0.8447361843750001 0.1710528953125 0.8447361843750001 0.1894732890625 0.8631588156250001 0.192106053125 0.8710526312500001 0.1868427625 0.8684221046875 0.16578960468749998
1 0 0.42894736875 0.010526053125 0.42894736875 0.0236831578125 0.4184207890625 0.021052631250000002 0.40526368437500004 0.010526053125 0.39736763124999996 0 0.4026306578125 0 0.42894736875
1 0.468421053125 0.421053553125 0.45263118437500005 0.421053553125 0.44473736875 0.4315778953125 0.44473736875 0.44473723749999994 0.4710515796875 0.4473677625 0.4736843421875 0.4263168421875 0.468421053125 0.421053553125
1 0.2315795703125 0 0.22894697343749998 0.010525920312500001 0.2342102625 0.023685262500000002 0.2552634203125 0.0263157890625 0.26315723750000003 0.0210525 0.25847868125 0 0.2315795703125 0
1 0.5947377625 0.634211184375 0.584211184375 0.6394744734375 0.5815784203125001 0.6552621046875 0.5894744734375 0.6631581578125 0.6105253953124999 0.6552621046875 0.6052621046875 0.6368417109375 0.5947377625 0.634211184375
1 0.11578960468749999 0.1315793421875 0.094736446875 0.1394731578125 0.0921059203125 0.1552630265625 0.09736921093749999 0.160526315625 0.1078957890625 0.160526315625 0.11842013124999999 0.1499997375 0.11578960468749999 0.1315793421875
1 0.3631575 0.36315736875 0.3631575 0.3421042109375 0.33158 0.3421042109375 0.33158 0.36315736875 0.3631575 0.36315736875
1 0.5263150000000001 0.10263236875 0.5210517109375 0.0973690796875 0.4973680265625 0.0999996046875 0.5000007890625 0.1236832890625 0.5263150000000001 0.11842 0.5263150000000001 0.10263236875
1 0.1368427625 0.4763147375 0.110526315625 0.48157802656250004 0.110526315625 0.502631184375 0.11578960468749999 0.5078944734374999 0.1368427625 0.5078944734374999 0.142106053125 0.502631184375 0.1447365796875 0.4894740796875 0.1368427625 0.4763147375
1 0.7131584203125 0.5000006578125 0.7026318421875 0.49473736874999996 0.6868419734375 0.4973678953125 0.6868419734375 0.5210515796874999 0.70789513125 0.5236843421875 0.7131584203125 0.518421053125 0.7131584203125 0.5000006578125
1 0.41842092031250006 0.5973681578125001 0.41315763125 0.59210486875 0.3947372375 0.59473763125 0.3921044734375 0.618421315625 0.41842092031250006 0.618421315625 0.41842092031250006 0.5973681578125001
1 0.763158553125 0.6210518421875 0.747368684375 0.6210518421875 0.7263155265625 0.6447377624999999 0.7289482890625 0.6578948687499999 0.7447359203125 0.6605253953125 0.7684218421875 0.6394744734375 0.7684218421875 0.6263151312499999 0.763158553125 0.6210518421875
1 0.681578684375 0.5000006578125 0.6447378953125 0.4973678953125 0.6394746046875001 0.502631184375 0.6394746046875001 0.5210515796874999 0.6710521046875 0.5236843421875 0.681578684375 0.518421053125 0.681578684375 0.5000006578125
1 0.1131568421875 0.5131577625 0.1052630265625 0.5078944734374999 0.0710527625 0.5078944734374999 0.063158946875 0.5236843421875 0.0710527625 0.5342109203125001 0.1131568421875 0.5315781578125 0.1131568421875 0.5131577625
1 0.5500009203125 0.30000013124999997 0.5605252625 0.32368381562500004 0.5868417109374999 0.3368431578125 0.60789486875 0.3368431578125 0.6105253953124999 0.3026306578125 0.6026315796875 0.29473684218749996 0.5789478953125 0.2842102625 0.552631446875 0.2815797375 0.5500009203125 0.30000013124999997
1 0.8552627625 0.5157905265625 0.8315790796875 0.5210515796874999 0.8263157890624999 0.52894763125 0.8289463156249999 0.5552640796875 0.8447361843750001 0.5605273687500001 0.8710526312500001 0.5394742109374999 0.8763159203124999 0.5210515796874999 0.8552627625 0.5157905265625
1 0.8684221046875 0.59210486875 0.8447361843750001 0.584211053125 0.8315790796875 0.5868415796875001 0.8263157890624999 0.6105252625 0.8315790796875 0.615788553125 0.860526053125 0.615788553125 0.8684221046875 0.6078947375 0.8684221046875 0.59210486875
1 0.3221047375 0.622631053125 0.3026307890625 0.615788553125 0.2921042109375 0.6210518421875 0.289473684375 0.6394744734375 0.323683946875 0.6447377624999999 0.3342105265625 0.6394744734375 0.336841053125 0.6289478953125001 0.3221047375 0.622631053125
1 0.24736736874999998 0.2842102625 0.21578986875 0.2842102625 0.2052632890625 0.292106315625 0.2052632890625 0.3052634203125 0.2105265796875 0.3105267109375 0.2526306578125 0.307893946875 0.2552634203125 0.29736736874999997 0.24736736874999998 0.2842102625