1 1 0.2891912953125 0.9485283921875001 0.33098566875 0.9362734312500001 0.3521128515625 0.9387261953125 0.387324084375 0.9583328046874999 0.39436721874999997 0.9975482359375001 0.37676049218749996 1 0.3778171859375 1 0.2891912953125
1 0.9387261953125 0.1161978171875 0.9411767453125 0.09859109218749999 0.9215679218749999 0.0704229921875 0.9362734312500001 0.035211760937499996 0.9362734312500001 0.014084578125 0.9191173718750001 0.0035209859375 0.897058 0.014084578125 0.879901940625 0.0105641203125 0.84803815625 0.063379859375 0.840686509375 0.0915501765625 0.8529414703124999 0.10211376718750001 0.9117657250000001 0.11971827500000001 0.9387261953125 0.1161978171875
1 0.70252803125 0 0.7083324906249999 0.0176050359375 0.7328424124999999 0.0457753515625 0.7671567453125 0.049295809375 0.7843128046875 0.0281686265625 0.8284315484375 0.035211760937499996 0.8529414703124999 0.014084578125 0.8515411343749999 0 0.70252803125 0
1 0.5392158046875 0.20774746406250003 0.558824628125 0.20774746406250003 0.6078422546875 0.15140905 0.6176466671874999 0.1232387328125 0.60539170625 0.0915501765625 0.5931367453124999 0.080986584375 0.5735301374999999 0.080986584375 0.5245102937499999 0.1091546828125 0.51715643125 0.144365915625 0.51715643125 0.18309760625 0.5392158046875 0.20774746406250003
1 0.446281809375 1 0.47058713750000003 0.9753514437499999 0.5759806859375 0.9119721125 0.6323521765625 0.9014085218749999 0.6397060390625 0.8802813374999999 0.6127455687500001 0.8415496484375 0.5857850984375 0.8204224640625 0.558824628125 0.8098588734375 0.500000371875 0.8169020078125 0.460784940625 0.8521132390625 0.424020059375 0.9154925703125001 0.41176509843750003 0.9577469359374999 0.413602978125 1 0.446281809375 1
0 0.9289217843750001 0.8556336968749999 0.9362734312500001 0.84507010625 0.9387261953125 0.8204224640625 0.9264712359375 0.7852112328125 0.9068624125 0.7605635921875 0.889706353125 0.7605635921875 0.8700975296875001 0.7992952812499999 0.86519643125 0.8239429218750001 0.8700975296875001 0.8521132390625 0.8848030390625 0.8626768312499999 0.9289217843750001 0.8556336968749999
1 0.94362729375 0.2535200703125 0.9117657250000001 0.2605632046875 0.9019613140624999 0.274647253125 0.9166668234375001 0.2978862671875 0.9279402359375 0.3088025703125 0.9411767453125 0.3169016203125 0.9509811562499999 0.32394475312500004 0.9681372156249999 0.3028175703125 0.9583328046874999 0.2676063375 0.94362729375 0.2535200703125
1 0.0857844703125 0.144365915625 0.0465690390625 0.16901355625 0.039215176562499995 0.18662028125000002 0.0465690390625 0.24647915468749998 0.0637250984375 0.292253978125 0.0882350203125 0.3345061265625 0.105391078125 0.34506971875 0.122549353125 0.292253978125 0.144608725 0.2499996125 0.1740197453125 0.2147883796875 0.1740197453125 0.20422478906250002 0.1593142359375 0.176056690625 0.13480431406249999 0.15140905 0.0857844703125 0.144365915625
1 0.3995101375 0.07394345 0.4191167453125 0.105634225 0.44607943125 0.1161978171875 0.5073520203124999 0.1161978171875 0.5196069796875 0.1091546828125 0.5196069796875 0.09507063437499999 0.49754982343750004 0.063379859375 0.4901959609375 0.024648168749999998 0.4754904515625 5.281249999999999e-7 0.4509805296875 5.281249999999999e-7 0.4019606859375 0.024648168749999998 0.3970595875 0.035211760937499996 0.3995101375 0.07394345
1 0.053920685937500004 0.725352359375 0.0490195875 0.7288728171875001 0.0490195875 0.7464795421875 0.0686284125 0.7922543656250001 0.080883371875 0.8556336968749999 0.080883371875 0.9471833453125 0.1004899796875 0.9507038031249999 0.12745045156249998 0.9260561624999999 0.147059275 0.8802813374999999 0.151960371875 0.8556336968749999 0.151960371875 0.7922543656250001 0.13480431406249999 0.757043134375 0.1004899796875 0.7288728171875001 0.053920685937500004 0.725352359375
1 0.6397060390625 0.6478867609375001 0.6250005296875 0.693661584375 0.6250005296875 0.757043134375 0.6397060390625 0.757043134375 0.6715676078125 0.7147887671875 0.715686353125 0.6795775359375 0.762255646875 0.6654934859375 0.762255646875 0.6478867609375001 0.7181369015625 0.598591478125 0.6838225687499999 0.595071021875 0.6715676078125 0.6021119359375 0.6397060390625 0.6478867609375001
1 0.52696084375 0.369717359375 0.5686268234375 0.419014859375 0.5882356468750001 0.45070341562499994 0.6004906078125 0.500000915625 0.6127455687500001 0.500000915625 0.634804940625 0.44013982343749997 0.6323521765625 0.3732400359375 0.6225499796875 0.338028803125 0.5980400593749999 0.3133811625 0.5465696671875 0.3133811625 0.502450921875 0.3345061265625 0.500000371875 0.3521128515625 0.52696084375 0.369717359375
1 0.6862753328125 0.0281686265625 0.6323521765625 0.0422526765625 0.627451078125 0.0528162671875 0.6323521765625 0.07394345 0.6568620984375 0.09859109218749999 0.7205874515625 0.1408454578125 0.745097371875 0.1478863734375 0.7843128046875 0.1478863734375 0.7916666671875 0.1408454578125 0.7892161171875001 0.1161978171875 0.7818622546875 0.105634225 0.7647061953125001 0.09507063437499999 0.7426468234375 0.05633894375 0.7181369015625 0.038732218750000005 0.6862753328125 0.0281686265625
1 0.84803815625 0.47535105624999996 0.84803815625 0.50704183125 0.8916672359375 0.5556339078125 0.9181380390625 0.5626770421875 0.9362734312500001 0.5492961968750001 0.9362734312500001 0.50704183125 0.9117657250000001 0.45774655 0.8725480781250001 0.45070341562499994 0.84803815625 0.47535105624999996
1 1 0.095572696875 0.9877460390625 0.08802750000000001 0.975491078125 0.0915501765625 0.94607784375 0.1161978171875 0.8357854124999999 0.15140905 0.7916666671875 0.1795771484375 0.77696115625 0.20070433125 0.77696115625 0.242958696875 0.7990205296874999 0.2640836625 0.840686509375 0.2605632046875 0.879901940625 0.23239510624999998 0.982842725 0.193661196875 1 0.1793914890625 1 0.095572696875