1 0.045453575 0.20370345625000003 0.020661801562500002 0.1975301234375 0.0082648015625 0.2160501234375 0.0165279828125 0.2716056796875 0.045453575 0.2592590125 0.0537189828125 0.2160501234375 0.045453575 0.20370345625000003
1 0.0909099828125 0.6111101234375 0.074379165625 0.63580345625 0.074379165625 0.6790123453125 0.095041575 0.709876790625 0.11570175625000001 0.70370345625 0.119835575 0.6666656796875 0.136364165625 0.6419745671875 0.119835575 0.6111101234375 0.0909099828125 0.6111101234375
1 0.086776165625 0.23456790156250001 0.0619843921875 0.240741234375 0.045453575 0.2716056796875 0.045453575 0.3024701234375 0.082644575 0.308641234375 0.10330475624999999 0.28395012343750003 0.10330475624999999 0.2530856796875 0.086776165625 0.23456790156250001
1 0.144627346875 0.8209879015625001 0.144627346875 0.8703701234375 0.1735529375 0.8888879015625 0.1859499375 0.8827167906250001 0.1735529375 0.808641234375 0.15289275625 0.8024701234375 0.144627346875 0.8209879015625001
1 0.3140493015625 0.41358123437499994 0.2851237109375 0.41358123437499994 0.2685951203125 0.4320990125 0.2727267109375 0.4876545671875 0.2975207109375 0.49382790156249995 0.3223147109375 0.469136790625 0.3264463015625 0.43827234531250003 0.3140493015625 0.41358123437499994
1 0.376032075 0.796296790625 0.3801658921875 0.9074079015625 0.400826075 0.9444434562499999 0.442148665625 0.950616790625 0.44628025625 0.8950612343750001 0.417354665625 0.7530856796875 0.404957665625 0.7530856796875 0.376032075 0.796296790625
3 0.3553718921875 0.209876790625 0.3305778921875 0.2283945671875 0.3223147109375 0.2530856796875 0.3264463015625 0.277776790625 0.36363730156249996 0.28395012343750003 0.3553718921875 0.209876790625
1 0.47933966562499997 0.2160501234375 0.466942665625 0.2283945671875 0.45867725625 0.28395012343750003 0.466942665625 0.3024701234375 0.48760284687500005 0.3024701234375 0.524793846875 0.2654323453125 0.5289254375 0.2469145671875 0.5165284375 0.2160501234375 0.47933966562499997 0.2160501234375
1 0.6942158015625 0.382716790625 0.6652902109375 0.41358123437499994 0.6611563921875 0.45679012343750003 0.6776849828125 0.49382790156249995 0.7148759828125 0.47530790156249997 0.743801575 0.4320990125 0.743801575 0.4074079015625 0.731404575 0.3888879015625 0.6942158015625 0.382716790625
2 1 0.7445990671875 0.9876033015625 0.7283945671875001 0.9545461203125001 0.709876790625 0.8966949375000001 0.709876790625 0.77685875625 0.8827167906250001 0.772727165625 0.9753079015624999 0.80165275625 0.9876545671875 0.8595039375000001 0.9567901234375 0.9504123015625 0.9444434562499999 1 0.9579125734374999 1 0.7445990671875
1 0.14049575625 0.1296301234375 0.10743857500000001 0.14197456718749998 0.082644575 0.1975301234375 0.082644575 0.2283945671875 0.095041575 0.240741234375 0.132230346875 0.240741234375 0.148761165625 0.2283945671875 0.16528975625 0.1975301234375 0.16115593749999998 0.1481479015625 0.14049575625 0.1296301234375
1 0.6983473921875001 0.20370345625000003 0.6983473921875001 0.2469145671875 0.7148759828125 0.2654323453125 0.719007575 0.29012345625 0.768595575 0.277776790625 0.78925575625 0.2530856796875 0.78925575625 0.2160501234375 0.77685875625 0.1913590125 0.7272729828125 0.1728390125 0.6983473921875001 0.20370345625000003
4 0.0940870625 0 0 0.3191211234375 0 0.43094103125 0.295947871875 0 0.0940870625 0
3 0.9256205296875001 0.3580256796875 0.9297521203124999 0.395061234375 0.9545461203125001 0.42592567968750006 0.9917348921875 0.4320990125 0.9793378921875 0.3333323453125 0.9628093015625 0.308641234375 0.9421491203125001 0.3024701234375 0.9256205296875001 0.3580256796875
1 0.9226678312500001 0 0.9214867109375 0.0123456796875 0.9297521203124999 0.037036790624999996 0.9586777109375 0.04938345625 0.9834717109375 0.0246923453125 0.986777090625 0 0.9226678312500001 0