1 0 0.384096434375 0.0159096 0.3856212421875 0.061364364062499996 0.36601300625 0.0977277640625 0.3823538890625 0.1159084359375 0.37581712343749996 0.11818281875 0.34313741875 0.1068191265625 0.3235291828125 0.054545326562499996 0.281045359375 0.0136372734375 0.22875741875000002 0 0.22875741875000002 0 0.384096434375
1 0.17045456406249998 0.0261444765625 0.15454621875000002 0.029411829687500002 0.1340911640625 0.0196077125 0.11818281875 0.029411829687500002 0.11818281875 0.049020065625 0.1318188359375 0.08169977187500001 0.11363610937499999 0.1078427125 0.1159084359375 0.1241835953125 0.1409081453125 0.1274509484375 0.1954542734375 0.11111212343750002 0.2068179640625 0.10130800625 0.20000098125000002 0.07516300625 0.17045456406249998 0.0261444765625
1 0.203895859375 0 0.1977266 0.006536242187500001 0.1954542734375 0.029411829687500002 0.2181816546875 0.049020065625 0.2590917640625 0.0424833 0.27500010937499997 0.0620915359375 0.30681885468750003 0.0588241828125 0.3295462359375 0.0326791828125 0.34031105 0 0.203895859375 0
1 0.4136367265625 0.1307183 0.422728090625 0.15686329999999998 0.4681808 0.2091512421875 0.4863635265625 0.2091512421875 0.50681858125 0.1862735953125 0.50681858125 0.1503265359375 0.4999995453125 0.1176468296875 0.45454478125 0.0915038890625 0.43636410937500003 0.0915038890625 0.42500041875 0.10130800625 0.4136367265625 0.1307183
1 0.4522724546875 0.862745359375 0.55000101875 0.92156800625 0.5886367453125 0.9607844765625 0.6022727640625 0.9575171234375001 0.6045450906250001 0.9052291828125 0.5931814 0.8660127125000001 0.5590903265625 0.807190065625 0.5227269265625 0.774510359375 0.4681808 0.7679735953125 0.443181090625 0.7777777125 0.41818138125 0.7973859484375 0.3931816734375 0.83333300625 0.400000709375 0.8529412421875 0.4522724546875 0.862745359375
0 0.1272721265625 0.74509800625 0.1159084359375 0.7777777125 0.11818281875 0.8006532999999999 0.1249998 0.8104574187500001 0.165909909375 0.8169941828124999 0.17954592656249999 0.807190065625 0.18409058125 0.781045065625 0.17954592656249999 0.7581694765625 0.16136319999999998 0.72222241875 0.1454548546875 0.72222241875 0.1272721265625 0.74509800625
1 0.1409081453125 0.258169771875 0.11136378124999999 0.25163300624999996 0.0977277640625 0.2647065359375 0.0886364 0.2973862421875 0.10454474531249999 0.3169944765625 0.11363610937499999 0.3104577125 0.1259099640625 0.30294094843749997 0.136363490625 0.2928094765625 0.149999509375 0.2712412421875 0.1409081453125 0.258169771875
1 0.187397325 1 0.165909909375 0.9738559484374999 0.12272747343749998 0.9477130062500001 0.0795450359375 0.9477130062500001 0.0500006734375 0.9673212421875 0.040909309375 0.9967315359375 0.041414335937500005 1 0.187397325 1
1 0.8249998734374999 0.2156859484375 0.852271909375 0.24836565312499997 0.8727269640624999 0.2875821234375 0.8886373640624999 0.336600653125 0.904545709375 0.3267965359375 0.9272730906250001 0.2875821234375 0.9431814359375 0.2450983 0.9500004734375 0.18954300625 0.9431814359375 0.17320212343750002 0.9068180359375001 0.1503265359375 0.8613632734375001 0.15686329999999998 0.8386358906250001 0.1797388890625 0.8249998734374999 0.20588182968750002 0.8249998734374999 0.2156859484375
1 0.531818290625 0.039215948437499995 0.5249992546875 0.07516300625 0.5045462546875 0.104575359375 0.5045462546875 0.1176468296875 0.5159099453125 0.1241835953125 0.5727263453125 0.1241835953125 0.597728109375 0.1143794765625 0.61590878125 0.0849671234375 0.618181109375 0.049020065625 0.6136364546874999 0.039215948437499995 0.568181690625 0.016340359375 0.545454309375 0.016340359375 0.531818290625 0.039215948437499995
1 0.8454549265625 0.8104574187500001 0.84999958125 0.83333300625 0.868182309375 0.8758168296875001 0.8931820187499999 0.8986924187499999 0.911362690625 0.895425065625 0.911362690625 0.8104574187500001 0.9227263812500001 0.7516347718749999 0.9409091093749999 0.7091509484375 0.9409091093749999 0.692810065625 0.9363644546875 0.6895427125 0.8931820187499999 0.692810065625 0.8613632734375001 0.718955065625 0.8454549265625 0.7516347718749999 0.8454549265625 0.8104574187500001
1 0.3227272 0.6470588890625 0.363637309375 0.6797385953124999 0.3931816734375 0.718955065625 0.40681769062499995 0.718955065625 0.40681769062499995 0.660130359375 0.3931816734375 0.6176465359375001 0.363637309375 0.5751627125 0.35227361875 0.56862800625 0.3204548734375 0.571895359375 0.2795447640625 0.6176465359375001 0.2795447640625 0.6339874187500001 0.3227272 0.6470588890625
1 0.40909001875 0.33006594843750003 0.400000709375 0.362745653125 0.3977263265625 0.424835653125 0.41818138125 0.48039300625000003 0.4295450734375 0.48039300625000003 0.44090876406249996 0.43463977187499997 0.459091490625 0.40522947656249997 0.49772721875 0.3594762421875 0.5227269265625 0.34313741875 0.5204546 0.3267965359375 0.47954449062500004 0.307190359375 0.4318174 0.307190359375 0.40909001875 0.33006594843750003
1 0.2772724359375 0.104575359375 0.261364090625 0.1143794765625 0.2545450546875 0.1241835953125 0.2522727265625 0.1470591828125 0.2590917640625 0.1535938890625 0.2954551640625 0.1535938890625 0.3181825453125 0.1470591828125 0.3772733265625 0.1078427125 0.400000709375 0.0849671234375 0.4045453640625 0.06535888906250001 0.400000709375 0.055554771875 0.34999923593750004 0.0424833 0.3204548734375 0.05228741875 0.297727490625 0.0686283 0.2772724359375 0.104575359375
1 0.1772736 0.43463977187499997 0.1409081453125 0.4411765359375 0.11818281875 0.4869277125 0.11818281875 0.5261441828125 0.1349992734375 0.53856300625 0.1595449265625 0.5320262421875 0.20000098125000002 0.4869277125 0.20000098125000002 0.457515359375 0.1772736 0.43463977187499997
1 0.17045456406249998 0.23202682968750002 0.2068179640625 0.258169771875 0.245453690625 0.26143712343750003 0.26590874531250003 0.2418309484375 0.26590874531250003 0.20261447656249998 0.2522727265625 0.1830062421875 0.21136261875 0.15686329999999998 0.10909145468749999 0.1241835953125 0.0818173640625 0.10130800625 0.0704536734375 0.0980385953125 0.054545326562499996 0.1078427125 0.02272658125 0.14379182968749998 0.0318179453125 0.16013065312500002 0.07500038125 0.1960777125 0.17045456406249998 0.23202682968750002