1 0.65483858125 0.2715513359375 0.6387090328125 0.262931509375 0.593548 0.2844832109375 0.596773484375 0.327586615625 0.6064520640625 0.33620644375 0.6354835484375 0.33620644375 0.6451621296875001 0.327586615625 0.6580640640625 0.297412953125 0.65483858125 0.2715513359375
3 0.42258032187500005 0.874999009375 0.49032187031249996 0.874999009375 0.51613 0.8189658625 0.509676903125 0.8060339875 0.44516083906250004 0.8189658625 0.42258032187500005 0.8448274781249999 0.42258032187500005 0.874999009375
3 0.2999991609375 0.1422411203125 0.2999991609375 0.159482909375 0.31290322656249997 0.1810346125 0.341934709375 0.2025863140625 0.3612897421875 0.2025863140625 0.3580642578125 0.1853445265625 0.322579678125 0.1293113796875 0.3096777421875 0.1293113796875 0.2999991609375 0.1422411203125
3 0.37741989375 0 0.39354883906250004 0.025862779687499997 0.448386321875 0.038792521875 0.47419445156249995 0.0215507328125 0.47741993593750004 0.004311078125 0.467741003125 0 0.37741989375 0
1 0.13548458125 0.4224132546875 0.16129058125 0.418103340625 0.174192515625 0.370690021875 0.1677415484375 0.323276703125 0.158065096875 0.314654740625 0.1193550328125 0.3189646546875 0.10322548437500001 0.3965516375 0.13548458125 0.4224132546875
5 0.46790316093750006 0.18577551718750002 0.474000709375 0.2128874359375 0.486193678125 0.21560353437500002 0.5187103875 0.036464740625 0.50448419375 0.0147423484375 0.46790316093750006 0.18577551718750002
5 0.37651658125 0.21831963437500002 0.2931926453125 0.242758125 0.30132341875 0.280774978125 0.378547678125 0.240044159375 0.37651658125 0.21831963437500002
5 0.6553538062500001 0.7365953015625 0.673710321875 0.7225859484375 0.6514193546875 0.6490080390624999 0.635677290625 0.6507320046875 0.6553538062500001 0.7365953015625
5 0.6677426453125 0.40086155156250003 0.6580640640625 0.327586615625 0.6451621296875001 0.3189646546875 0.6322580640625 0.33620644375 0.641934515625 0.43965504375000003 0.6645171609375 0.43965504375000003 0.6677426453125 0.40086155156250003
5 0.20322612968749998 0.5517234703125 0.1709670328125 0.4224132546875 0.1548396125 0.41379342656249996 0.1387100640625 0.4224132546875 0.1387100640625 0.43965504375000003 0.183871096875 0.616378578125 0.1948377421875 0.6137926296875 0.1996770328125 0.6137926296875 0.2064516125 0.5905169609375001 0.20322612968749998 0.5517234703125
5 0.037976490625 0 0.1 0.2025863140625 0.1064509671875 0.219828103125 0.129031484375 0.22413801718749998 0.1387100640625 0.21551818906250003 0.1387100640625 0.18965443906249999 0.0797525484375 0 0.037976490625 0