1 0.5710908765625 0.4834119671875 0.5710908765625 0.46682488125 0.5639806875 0.4597146921875 0.5497623218750001 0.457345971875 0.5331752375 0.464454146875 0.5331752375 0.481043246875 0.5710908765625 0.4834119671875
1 0.41232215625 0.5829385078125 0.41469289062500003 0.6018963265624999 0.43601943125 0.6042650468749999 0.45023779687500004 0.5995255921875 0.45260651718749995 0.585307228125 0.44549834062500004 0.5781990515625 0.42180106562499997 0.5758303312499999 0.41232215625 0.5829385078125
1 0.2701425359375 0.31279561562499997 0.3009479859375 0.2867296203125 0.30331670625 0.27251125625 0.2772507109375 0.258292890625 0.25355545 0.26540308125 0.2393370859375 0.28436089999999997 0.2345976296875 0.31990580625 0.2464452609375 0.3222745265625 0.2701425359375 0.31279561562499997
1 0.26540308125 0.4312799765625 0.2677718015625 0.44786706093750006 0.2985772515625 0.44786706093750006 0.30331670625 0.44312760625000003 0.30331670625 0.4312799765625 0.2914690765625 0.4241697875 0.2677718015625 0.42654052187499997 0.26540308125 0.4312799765625
1 0.24407618437499998 0 0.2393370859375 0.0047391 0.2393370859375 0.028436375000000003 0.2701425359375 0.037915284375000004 0.281990165625 0.03554455 0.2867296203125 0.0094785546875 0.2796214453125 0.0023703796875 0.2693515921875 0 0.24407618437499998 0
1 0.3933643359375 0.3104268953125 0.39099561562499996 0.2938398109375 0.379145971875 0.2914690765625 0.360190165625 0.2938398109375 0.3530799765625 0.30331670625 0.360190165625 0.31516635000000004 0.3933643359375 0.3104268953125
1 0.5331752375 0.5071092421875 0.535545971875 0.5379146921875 0.5497623218750001 0.5568725125 0.5781990515625 0.55213305625 0.573459596875 0.5260670609375 0.5545017765625 0.49052215625000006 0.542654146875 0.48578270156250003 0.5331752375 0.5071092421875
1 0.5402834125 0.1919425359375 0.542654146875 0.2014214453125 0.580567771875 0.2014214453125 0.585307228125 0.196681990625 0.5829385078125 0.182463625 0.5710908765625 0.1777241703125 0.55213305625 0.1800949046875 0.5402834125 0.1919425359375
1 0.21800853125000003 0.22511872031250002 0.2156398109375 0.23696635000000002 0.22037926562500001 0.244076540625 0.25355545 0.244076540625 0.25592417031250003 0.2345976296875 0.24881599531249998 0.22274798593749998 0.22511872031250002 0.22037926562500001 0.21800853125000003 0.22511872031250002
1 0.7914684828125 0.3104268953125 0.7914684828125 0.336492890625 0.8080575828125 0.35545071093749997 0.8199052124999999 0.35545071093749997 0.841231753125 0.34360106562500004 0.857820853125 0.3080561609375 0.857820853125 0.2938398109375 0.84834194375 0.2796214453125 0.8199052124999999 0.2772507109375 0.7985786734375 0.2938398109375 0.7914684828125 0.3104268953125
1 0.9289106640625 0.31279561562499997 0.9289106640625 0.3317534359375 0.9407582937500001 0.34360106562500004 0.9502372031249999 0.3625588859375 0.9691950234375 0.3625588859375 0.9786739343749999 0.3388616109375 0.9786739343749999 0.2914690765625 0.97156374375 0.2796214453125 0.954976659375 0.274881990625 0.9265399296875 0.2867296203125 0.9218004734375 0.2985772515625 0.9289106640625 0.31279561562499997
1 0 0.8000005781249999 0.0023703796875 0.7985786734375 0.0047391 0.7843603078125 0 0.7764613609375 0 0.8000005781249999
1 0.53228665 0 0.542654146875 0.0118492890625 0.566351421875 0.0118492890625 0.581584578125 0 0.53228665 0
1 0.67272180625 0 0.6753548578124999 0.0118492890625 0.6895732234375 0.018957464062500002 0.7108997625 0.014218009374999998 0.7251195 0 0.67272180625 0
1 0.38151670625 0.755923578125 0.35071125625 0.748815403125 0.31279561562499997 0.7511841234375 0.2772507109375 0.772512678125 0.260663625 0.7914684828125 0.2464452609375 0.8199052124999999 0.24170580625000002 0.8530813984375 0.2464452609375 0.8815161140625 0.2677718015625 0.919431753125 0.2796214453125 0.9146922984374999 0.3175350703125 0.857820853125 0.367298340625 0.7985786734375 0.38625616093750004 0.77014194375 0.38151670625 0.755923578125
1 0.5710912718750001 1 0.5829385078125 0.9857821093749999 0.5947861375 0.9289106640625 0.635070496875 0.8957344781250001 0.6445494078125 0.8815161140625 0.6445494078125 0.8436024874999999 0.6137439578125 0.8080575828125 0.5900466828125001 0.79383921875 0.5687201421875 0.7914684828125 0.5473936015625 0.8009473937499999 0.4952616109375 0.87914739375 0.4715643359375 0.9502372031249999 0.4715643359375 0.9857821093749999 0.483751840625 1 0.5710912718750001 1
1 0.6018963265624999 0.305687440625 0.5876779625 0.274881990625 0.5568725125 0.2393370859375 0.5189568718750001 0.2345976296875 0.5023697874999999 0.24170580625000002 0.4834119671875 0.260663625 0.47867251250000004 0.2701425359375 0.4834119671875 0.2938398109375 0.5213276062500001 0.329384715625 0.5165881515625 0.35071125625 0.5189568718750001 0.36966907656250003 0.542654146875 0.38862488125 0.566351421875 0.38862488125 0.5876779625 0.37677725156249997 0.6018963265624999 0.35545071093749997 0.6018963265624999 0.305687440625
1 0.35781943125 0.701420853125 0.372037796875 0.6990521328125 0.39099561562499996 0.6848337671875 0.3933643359375 0.6611364921875 0.37440853125 0.6327017765625 0.3459718015625 0.6184834125 0.3175350703125 0.6184834125 0.3009479859375 0.6255915875 0.281990165625 0.6469201421874999 0.2677718015625 0.6753548578124999 0.26540308125 0.7037915875 0.274881990625 0.7298575828125 0.2938398109375 0.7511841234375 0.305687440625 0.7535548578125 0.3175350703125 0.748815403125 0.35781943125 0.701420853125
1 0.6563990515625 0.7061603078124999 0.639809953125 0.6990521328125 0.5687201421875 0.694312678125 0.55213305625 0.7061603078124999 0.5497623218750001 0.7393364921875001 0.566351421875 0.779620853125 0.6421806875 0.8246446687500001 0.6635072281250001 0.8246446687500001 0.687204503125 0.8127970375 0.694312678125 0.7985786734375 0.694312678125 0.7843603078125 0.6729861374999999 0.7440759484374999 0.6658759484375001 0.71563921875 0.6563990515625 0.7061603078124999
1 0.77014194375 0.44786706093750006 0.786729028125 0.42180106562499997 0.7772521328125 0.3981037921875 0.748815403125 0.36966907656250003 0.7180099531249999 0.35545071093749997 0.701420853125 0.35545071093749997 0.682465046875 0.3649296203125 0.6611364921875 0.3957350703125 0.6540283171875 0.464454146875 0.6611364921875 0.49052215625000006 0.6800943125 0.5165881515625 0.6966834125 0.5236963265625 0.71563921875 0.5236963265625 0.725118128125 0.5165881515625 0.7417052125 0.4715643359375 0.77014194375 0.44786706093750006
1 1 0.834123578125 0.954976659375 0.834123578125 0.87914739375 0.8270133890625001 0.8744079390625 0.83175284375 0.87914739375 0.8530813984375 0.8981052125 0.876776659375 0.97156374375 0.919431753125 0.9881508296874999 0.9360188390624999 1 0.940140365625 1 0.834123578125
1 0.1176943953125 1 0.1090050953125 0.9881508296874999 0.1090050953125 0.9383895734375001 0.075828909375 0.8815161140625 0.0616105453125 0.8672977484375 0.049762914062500004 0.86255829375 0.018957464062500002 0.8649290281249999 0 0.872219978125 0 0.9696467328124999 0.0047391 0.9739344781250001 0.014218009374999998 0.992890284375 0.0156397921875 1 0.1176943953125 1
1 0.1706159953125 0.7440759484374999 0.14455 0.7369677718750001 0.1018949046875 0.7393364921875001 0.0947867296875 0.7464446687499999 0.09715545 0.7677732234375 0.142179265625 0.8388630328125 0.2014214453125 0.90995284375 0.213271090625 0.9146922984374999 0.22274798593749998 0.9123215640625 0.23696635000000002 0.87914739375 0.2393370859375 0.8436024874999999 0.23222689531250001 0.8080575828125 0.2156398109375 0.779620853125 0.1706159953125 0.7440759484374999
1 0.457345971875 0.213271090625 0.4004745265625 0.182463625 0.36966907656250003 0.135071090625 0.3459718015625 0.1327023703125 0.3341241703125 0.1374398109375 0.305687440625 0.1706159953125 0.2914690765625 0.20379217968750002 0.2891003546875 0.23696635000000002 0.29620853125 0.25592417031250003 0.3341241703125 0.27251125625 0.3933643359375 0.2867296203125 0.4312799765625 0.2867296203125 0.45260651718749995 0.274881990625 0.47393305625000004 0.251184715625 0.47393305625000004 0.22748744062499998 0.457345971875 0.213271090625
1 0.511848696875 0.0402840046875 0.511848696875 0.0639812796875 0.535545971875 0.1090050953125 0.5687201421875 0.1469187203125 0.5947861375 0.151658175 0.60663578125 0.12322345937500001 0.60663578125 0.09715545 0.5947861375 0.0639812796875 0.5781990515625 0.04739419375 0.542654146875 0.033175829687500005 0.5165881515625 0.03554455 0.511848696875 0.0402840046875
1 0.433648696875 0.402843246875 0.4312799765625 0.3625588859375 0.4241697875 0.35071125625 0.4099534359375 0.34360106562500004 0.34834052187500003 0.34834052187500003 0.3388616109375 0.35545071093749997 0.3388616109375 0.379145971875 0.37440853125 0.44312760625000003 0.38625616093750004 0.49052215625000006 0.3957350703125 0.5023697874999999 0.41469289062500003 0.5023697874999999 0.44786706093750006 0.481043246875 0.4597146921875 0.4597146921875 0.4597146921875 0.44549834062500004 0.433648696875 0.402843246875
1 0.37819762031250004 1 0.3412323453125 0.9691950234375 0.3104268953125 0.9620848343749999 0.30331670625 0.9691950234375 0.30331670625 0.9881508296874999 0.3065486328125 1 0.37819762031250004 1
1 1 0.5252301562499999 0.99526101875 0.5213276062500001 0.9881508296874999 0.4952616109375 0.9763031984375001 0.47867251250000004 0.96445556875 0.47393305625000004 0.9336501187499999 0.47867251250000004 0.9170610187499999 0.49289087656249997 0.8957344781250001 0.5379146921875 0.876776659375 0.5616119671875001 0.8720372031249999 0.5900466828125001 0.8838868484375 0.6018963265624999 0.919431753125 0.6208521328125001 1 0.6399354125000001 1 0.5252301562499999
1 0.079491840625 0 0.092418009375 0.0094785546875 0.1184840046875 0.0165867296875 0.1255921796875 0.0118492890625 0.12728555156250002 0 0.079491840625 0
1 0.156119334375 0 0.16587654062499999 0.02369691875 0.17535545 0.033175829687500005 0.1943132703125 0.033175829687500005 0.20379217968750002 0.0165867296875 0.20379217968750002 0 0.156119334375 0
1 0.40758270156250004 0.1279629140625 0.433648696875 0.130331634375 0.47393305625000004 0.1042656390625 0.49052215625000006 0.0734601890625 0.48578270156250003 0.045023459375000005 0.46682488125 0.03554455 0.4549772515625 0.03554455 0.3981037921875 0.0734601890625 0.3933643359375 0.1042656390625 0.40758270156250004 0.1279629140625
1 0.5845172390625 0 0.573459596875 0.0094785546875 0.5710908765625 0.02369691875 0.585307228125 0.049762914062500004 0.597156871875 0.054502370312500006 0.6042650468749999 0.03554455 0.6042650468749999 0.0023703796875 0.5995249593749999 0 0.5845172390625 0
1 0.6209872375 0 0.6374412328125 0.1090050953125 0.6374412328125 0.14455 0.6469201421874999 0.154028909375 0.6658759484375001 0.154028909375 0.6729861374999999 0.142179265625 0.6729861374999999 0.1066343609375 0.6658759484375001 0.0781996453125 0.658767771875 0.0734601890625 0.6540283171875 0.059241825000000005 0.6611364921875 0.014218009374999998 0.6599521640625 0 0.6209872375 0
1 0.8838868484375 0.0734601890625 0.907582109375 0.1327023703125 0.9241712078125 0.135071090625 0.931279384375 0.14455 0.9454977484375 0.1469187203125 0.9502372031249999 0.142179265625 0.9407582937500001 0.1327023703125 0.90995284375 0.045023459375000005 0.900473934375 0.033175829687500005 0.8933657578125 0.033175829687500005 0.8838868484375 0.05213365 0.8838868484375 0.0734601890625
1 1 0.222410315625 0.96445556875 0.2156398109375 0.9241712078125 0.2345976296875 0.9123215640625 0.24881599531249998 0.9052133890625 0.27251125625 0.8957344781250001 0.2772507109375 0.90995284375 0.2772507109375 0.9431270140624999 0.26540308125 0.9881508296874999 0.2393370859375 1 0.2380200140625 1 0.222410315625
1 0.9028426546875 0.20853163437500002 0.8957344781250001 0.2014214453125 0.876776659375 0.19905272499999999 0.8672977484375 0.20853163437500002 0.8672977484375 0.22274798593749998 0.87914739375 0.258292890625 0.8933657578125 0.26540308125 0.9028426546875 0.2345976296875 0.9028426546875 0.20853163437500002
1 0.8315635078125 0.0775591234375 0.8094071093749999 0.0240050953125 0.7734130328125 0.008318365625 0.8260425359375001 0.12094739375 0.8315635078125 0.0775591234375
1 0.8564934828125 0.051706634375000005 0.8518728671875 0.063697275 0.8564934828125 0.07386303281249999 0.8648101890625 0.07386303281249999 0.8712798578125 0.068317890625 0.872204384375 0.0572517765625 0.8638856640625001 0.050782109374999995 0.8564934828125 0.051706634375000005
1 0.84450284375 0.0073938390625 0.8352616109375001 0.0073938390625 0.8352616109375001 0.0166350703125 0.8408047390625001 0.0286257109375 0.8518728671875 0.026776659375 0.8592650468749999 0.019384478125 0.857418009375 0.0138635078125 0.84450284375 0.0073938390625
1 0.8943366109375 0.13755865 0.8906626781250001 0.1431037921875 0.889740165625 0.1486247625 0.9008062796875 0.158790521875 0.9091229859375 0.15509443125 0.9091229859375 0.1486247625 0.90173080625 0.13848317500000001 0.8943366109375 0.13755865
1 1 0.0983422671875 0.992890284375 0.092418009375 0.96445556875 0.092418009375 0.9620848343749999 0.1161132703125 0.9810426546875 0.13981054531249998 0.9905215640625 0.1635078203125 1 0.166216109375 1 0.0983422671875
1 0.7440759484374999 0.1611370859375 0.7464446687499999 0.135071090625 0.7322283171875 0.0781996453125 0.7203786734375 0.080568365625 0.701420853125 0.1042656390625 0.6919439578125 0.1919425359375 0.701420853125 0.196681990625 0.7227494078125 0.1919425359375 0.7440759484374999 0.1611370859375
1 0.3625588859375 0.099526184375 0.372037796875 0.0876785546875 0.372037796875 0.0781996453125 0.360190165625 0.0616105453125 0.3341241703125 0.045023459375000005 0.29620853125 0.03554455 0.2867296203125 0.0402840046875 0.2772507109375 0.0639812796875 0.27251125625 0.1066343609375 0.281990165625 0.1374398109375 0.2985772515625 0.1492894546875 0.31990580625 0.13981054531249998 0.3222745265625 0.130331634375 0.3388616109375 0.11374455000000001 0.3625588859375 0.099526184375
1 0.22748744062499998 0.11374455000000001 0.23222689531250001 0.099526184375 0.2149287921875 0.085545496875 0.2004747625 0.07962168281250001 0.1943132703125 0.0734601890625 0.1848343609375 0.06634999999999999 0.1800949046875 0.0947867296875 0.18720308125000001 0.1042656390625 0.20616089999999998 0.1161132703125 0.22748744062499998 0.11374455000000001
1 0.12322345937500001 0.0734601890625 0.124645496875 0.0760665875 0.133411375 0.0831747625 0.1388618484375 0.0876785546875 0.15639762968749998 0.092418009375 0.17535545 0.06872073437500001 0.1706159953125 0.04739419375 0.1492894546875 0.03554455 0.135071090625 0.03554455 0.1184840046875 0.049762914062500004 0.12322345937500001 0.0734601890625
1 0.0781996453125 0.1327023703125 0.1018949046875 0.1492894546875 0.13981054531249998 0.1492894546875 0.14455 0.142179265625 0.142179265625 0.1090050953125 0.12322345937500001 0.06872073437500001 0.0829391 0.037915284375000004 0.0639812796875 0.033175829687500005 0.045023459375000005 0.0402840046875 0.045023459375000005 0.0853078203125 0.0781996453125 0.1327023703125
1 0.5047385078125 0.17535545 0.49289087656249997 0.17535545 0.47867251250000004 0.20379217968750002 0.47867251250000004 0.21800853125000003 0.49289087656249997 0.21800853125000003 0.5236963265625 0.19905272499999999 0.5213276062500001 0.1848343609375 0.5047385078125 0.17535545
1 0.6327017765625 0.244076540625 0.6327017765625 0.25592417031250003 0.6492888625 0.274881990625 0.6635072281250001 0.2772507109375 0.713270496875 0.2345976296875 0.7180099531249999 0.22037926562500001 0.7061603078124999 0.20379217968750002 0.694312678125 0.196681990625 0.6800943125 0.196681990625 0.639809953125 0.23222689531250001 0.6327017765625 0.244076540625
1 0.7369677718750001 0.2701425359375 0.755923578125 0.26303234531249997 0.7890997625 0.23696635000000002 0.803318128125 0.21800853125000003 0.8009473937499999 0.19905272499999999 0.77014194375 0.17535545 0.7464446687499999 0.1777241703125 0.7345970375 0.196681990625 0.7227494078125 0.25355545 0.7369677718750001 0.2701425359375
1 0.907582109375 0.372037796875 0.9241712078125 0.3625588859375 0.9241712078125 0.34360106562500004 0.9170610187499999 0.3388616109375 0.900473934375 0.3412323453125 0.86255829375 0.3649296203125 0.85545011875 0.38151670625 0.8720372031249999 0.3838854265625 0.907582109375 0.372037796875
1 0.71563921875 0.34360106562500004 0.7180099531249999 0.35071125625 0.755923578125 0.36966907656250003 0.7677732234375 0.3625588859375 0.7630337671875 0.3412323453125 0.7511841234375 0.3341241703125 0.7345970375 0.3341241703125 0.71563921875 0.34360106562500004
1 0.6990521328125 0.2891003546875 0.6729861374999999 0.28436089999999997 0.6492888625 0.2985772515625 0.6469201421874999 0.31516635000000004 0.6848337671875 0.3412323453125 0.7037915875 0.3459718015625 0.713270496875 0.3388616109375 0.71563921875 0.3104268953125 0.6990521328125 0.2891003546875
1 0.627962321875 0.3104268953125 0.6374412328125 0.3009479859375 0.639809953125 0.2891003546875 0.6137439578125 0.244076540625 0.6018963265624999 0.23222689531250001 0.5781990515625 0.23222689531250001 0.5710908765625 0.2393370859375 0.5710908765625 0.251184715625 0.6137439578125 0.3080561609375 0.627962321875 0.3104268953125
1 0.32701398125000003 0.31279561562499997 0.3412323453125 0.2985772515625 0.34360106562500004 0.28436089999999997 0.32701398125000003 0.281990165625 0.3104268953125 0.2867296203125 0.2914690765625 0.3080561609375 0.2914690765625 0.31990580625 0.31279561562499997 0.31990580625 0.32701398125000003 0.31279561562499997
1 0.182463625 0.2464452609375 0.1635078203125 0.2701425359375 0.151658175 0.2985772515625 0.154028909375 0.3222745265625 0.1777241703125 0.3388616109375 0.1919425359375 0.3341241703125 0.21090035468749999 0.29620853125 0.229858175 0.27251125625 0.22511872031250002 0.260663625 0.1943132703125 0.2393370859375 0.1800949046875 0.24170580625000002 0.182463625 0.2464452609375
1 0.0876785546875 0.4407588859375 0.1018949046875 0.433648696875 0.1255921796875 0.3341241703125 0.1184840046875 0.3009479859375 0.1018949046875 0.2701425359375 0.09004727500000001 0.27251125625 0.045023459375000005 0.3459718015625 0.04739419375 0.3838854265625 0.0639812796875 0.4241697875 0.0876785546875 0.4407588859375
1 0 0.3412328796875 0.0047391 0.34834052187500003 0.0260656390625 0.35545071093749997 0.0402840046875 0.34834052187500003 0.0402840046875 0.3317534359375 0.021326184375 0.31279561562499997 0.0071098343750000004 0.31990580625 0 0.3412312796875 0 0.3412328796875
1 0.15639762968749998 0.44786706093750006 0.16587654062499999 0.44312760625000003 0.1848343609375 0.37440853125 0.1800949046875 0.35545071093749997 0.15639762968749998 0.3625588859375 0.130331634375 0.38151670625 0.1184840046875 0.3981037921875 0.12322345937500001 0.42180106562499997 0.14455 0.44312760625000003 0.15639762968749998 0.44786706093750006
1 0.2891003546875 0.3222745265625 0.2891003546875 0.3317534359375 0.2677718015625 0.3459718015625 0.260663625 0.3649296203125 0.2677718015625 0.3957350703125 0.29620853125 0.42180106562499997 0.31516635000000004 0.42180106562499997 0.3388616109375 0.402843246875 0.3412323453125 0.37440853125 0.336492890625 0.360190165625 0.31279561562499997 0.336492890625 0.2985772515625 0.3341241703125 0.2891003546875 0.3222745265625
1 0.43601943125 0.367298340625 0.4383881515625 0.3838854265625 0.45260651718749995 0.39099561562499996 0.4691936015625 0.38862488125 0.48815142187499994 0.36966907656250003 0.4834119671875 0.35545071093749997 0.49289087656249997 0.3412323453125 0.49289087656249997 0.3317534359375 0.46682488125 0.3175350703125 0.4549772515625 0.3222745265625 0.43601943125 0.367298340625
1 0.810426303125 0.4549772515625 0.8127970375 0.4383881515625 0.803318128125 0.4289092421875 0.7914684828125 0.42654052187499997 0.77014194375 0.44312760625000003 0.7677732234375 0.46208542656249996 0.7748813984375 0.4691936015625 0.7843603078125 0.4691936015625 0.810426303125 0.4549772515625
1 0.90995284375 0.4289092421875 0.8957344781250001 0.4099534359375 0.87914739375 0.4099534359375 0.8649290281249999 0.42180106562499997 0.86255829375 0.4407588859375 0.8720372031249999 0.4549772515625 0.8933657578125 0.4549772515625 0.90995284375 0.44312760625000003 0.90995284375 0.4289092421875
1 0.8151657578125 0.5308065171874999 0.83175284375 0.5308065171874999 0.85545011875 0.5165881515625 0.8507106640625001 0.5047385078125 0.7890997625 0.4834119671875 0.7654024875000001 0.464454146875 0.755923578125 0.464454146875 0.7464446687499999 0.47393305625000004 0.7464446687499999 0.5023697874999999 0.755923578125 0.511848696875 0.8151657578125 0.5308065171874999
1 0.6445494078125 0.4952616109375 0.639809953125 0.5165881515625 0.651659596875 0.5331752375 0.6753548578124999 0.5331752375 0.6777255921875 0.5189568718750001 0.670615403125 0.5047385078125 0.658767771875 0.49289087656249997 0.6445494078125 0.4952616109375
1 0.5308065171874999 0.4999990515625 0.5071092421875 0.4691936015625 0.48578270156250003 0.4691936015625 0.4834119671875 0.4834119671875 0.49289087656249997 0.5047385078125 0.5142174171875 0.535545971875 0.52843578125 0.535545971875 0.5331752375 0.5308065171874999 0.5308065171874999 0.4999990515625
1 0.4763037921875 0.42654052187499997 0.46208542656249996 0.43601943125 0.4549772515625 0.481043246875 0.46208542656249996 0.48578270156250003 0.4763037921875 0.48578270156250003 0.4834119671875 0.4763037921875 0.48815142187499994 0.43601943125 0.4763037921875 0.42654052187499997
1 0.5165881515625 0.41232215625 0.5023697874999999 0.3981037921875 0.47867251250000004 0.4004745265625 0.4691936015625 0.4099534359375 0.4691936015625 0.4241697875 0.4999990515625 0.4383881515625 0.5094779625 0.43601943125 0.5165881515625 0.42654052187499997 0.5165881515625 0.41232215625
1 0.3625588859375 0.44786706093750006 0.3625588859375 0.42180106562499997 0.34834052187500003 0.40758270156250004 0.329384715625 0.40758270156250004 0.3104268953125 0.4289092421875 0.3009479859375 0.45023779687500004 0.3080561609375 0.4763037921875 0.3341241703125 0.4763037921875 0.3625588859375 0.44786706093750006
1 0.27251125625 0.402843246875 0.26540308125 0.3933643359375 0.24881599531249998 0.38862488125 0.2393370859375 0.3957350703125 0.23222689531250001 0.40758270156250004 0.23222689531250001 0.4241697875 0.24170580625000002 0.4289092421875 0.2701425359375 0.42180106562499997 0.27251125625 0.402843246875
1 0.0876785546875 0.46208542656249996 0.05213365 0.48815142187499994 0.03554455 0.49289087656249997 0.02369691875 0.5236963265625 0.02369691875 0.5450228671875 0.0402840046875 0.55213305625 0.06634999999999999 0.5497623218750001 0.12322345937500001 0.5260670609375 0.15876836562500002 0.49052215625000006 0.1611370859375 0.46682488125 0.1469187203125 0.457345971875 0.0876785546875 0.46208542656249996
1 0.0426547390625 0.627962321875 0.06872073437500001 0.6303310421874999 0.0876785546875 0.6255915875 0.092418009375 0.6161146921875 0.092418009375 0.5876779625 0.0781996453125 0.5639806875 0.0639812796875 0.566351421875 0.0616105453125 0.5995255921875 0.0402840046875 0.6184834125 0.0426547390625 0.627962321875
1 0.1800949046875 0.5260670609375 0.15639762968749998 0.5308065171874999 0.142179265625 0.5402834125 0.142179265625 0.5497623218750001 0.1492894546875 0.5568725125 0.2014214453125 0.5592412328125 0.20616089999999998 0.5545017765625 0.20616089999999998 0.5402834125 0.1800949046875 0.5260670609375
1 0.2677718015625 0.6540283171875 0.26303234531249997 0.6255915875 0.26540308125 0.5924174171875001 0.2701425359375 0.5876779625 0.26540308125 0.5781990515625 0.26540308125 0.5379146921875 0.25592417031250003 0.5308065171874999 0.229858175 0.5308065171874999 0.213271090625 0.542654146875 0.20853163437500002 0.6729861374999999 0.213271090625 0.7227494078125 0.22037926562500001 0.748815403125 0.258292890625 0.7535548578125 0.26540308125 0.7464446687499999 0.26303234531249997 0.6800943125 0.2677718015625 0.6540283171875
1 0.135071090625 0.6540283171875 0.135071090625 0.6469201421874999 0.120852725 0.6327017765625 0.1042656390625 0.6255915875 0.0734601890625 0.627962321875 0.056871090624999995 0.6469201421874999 0.06872073437500001 0.6563990515625 0.092418009375 0.6611364921875 0.12322345937500001 0.6611364921875 0.135071090625 0.6540283171875
1 0.3175350703125 0.55213305625 0.3104268953125 0.5402834125 0.2914690765625 0.5308065171874999 0.2772507109375 0.5308065171874999 0.2677718015625 0.542654146875 0.2677718015625 0.580567771875 0.274881990625 0.5900466828125001 0.2914690765625 0.585307228125 0.3175350703125 0.55213305625
1 0.3459718015625 0.5687201421875 0.3341241703125 0.5592412328125 0.3104268953125 0.5616119671875001 0.2914690765625 0.5829385078125 0.2938398109375 0.5995255921875 0.3104268953125 0.6161146921875 0.3412323453125 0.6161146921875 0.35071125625 0.5995255921875 0.3459718015625 0.5687201421875
1 0.3388616109375 0.542654146875 0.3388616109375 0.5308065171874999 0.3317534359375 0.5189568718750001 0.2985772515625 0.49763033125 0.28436089999999997 0.5047385078125 0.28436089999999997 0.5189568718750001 0.2914690765625 0.5308065171874999 0.3175350703125 0.5473936015625 0.3341241703125 0.5473936015625 0.3388616109375 0.542654146875
1 0.367298340625 0.5308065171874999 0.367298340625 0.5568725125 0.37677725156249997 0.5616119671875001 0.41469289062500003 0.5592412328125 0.41232215625 0.5236963265625 0.40521398125 0.5165881515625 0.37440853125 0.5165881515625 0.367298340625 0.5308065171874999
1 0.379145971875 0.585307228125 0.367298340625 0.597156871875 0.367298340625 0.6184834125 0.37440853125 0.6255915875 0.402843246875 0.6137439578125 0.402843246875 0.6018963265624999 0.39099561562499996 0.585307228125 0.379145971875 0.585307228125
1 0.4834119671875 0.5071092421875 0.4763037921875 0.48815142187499994 0.4597146921875 0.48578270156250003 0.44549834062500004 0.5071092421875 0.44549834062500004 0.5473936015625 0.45023779687500004 0.5616119671875001 0.46682488125 0.566351421875 0.47867251250000004 0.5545017765625 0.4834119671875 0.5071092421875
1 0.5545017765625 0.5687201421875 0.542654146875 0.5497623218750001 0.5236963265625 0.5402834125 0.5094779625 0.5402834125 0.5023697874999999 0.5497623218750001 0.5047385078125 0.5758303312499999 0.5473936015625 0.5924174171875001 0.5545017765625 0.585307228125 0.5545017765625 0.5687201421875
1 0.6184834125 0.5616119671875001 0.6184834125 0.5829385078125 0.6255915875 0.5900466828125001 0.658767771875 0.5924174171875001 0.6777255921875 0.5876779625 0.687204503125 0.5758303312499999 0.6848337671875 0.5450228671875 0.6682466828125 0.5331752375 0.6445494078125 0.5379146921875 0.627962321875 0.5473936015625 0.6184834125 0.5616119671875001
1 0.87914739375 0.635070496875 0.86255829375 0.635070496875 0.8459712078124999 0.6492888625 0.8459712078124999 0.658767771875 0.8649290281249999 0.6729861374999999 0.8838868484375 0.6777255921875 0.8981052125 0.6729861374999999 0.8957344781250001 0.6563990515625 0.87914739375 0.635070496875
1 1 0.64168155 0.96445556875 0.639809953125 0.9526059234375 0.6469201421874999 0.954976659375 0.670615403125 0.9857821093749999 0.7108997625 1 0.7108997625 1 0.64168155
1 0.9810426546875 0.7914684828125 0.9810426546875 0.7772521328125 0.9620848343749999 0.7440759484374999 0.9241712078125 0.7345970375 0.907582109375 0.7464446687499999 0.907582109375 0.7654024875000001 0.9241712078125 0.7843603078125 0.9573453796875 0.7985786734375 0.97156374375 0.7985786734375 0.9810426546875 0.7914684828125
1 0.580567771875 0.6800943125 0.5710908765625 0.6563990515625 0.5616119671875001 0.651659596875 0.5450228671875 0.6540283171875 0.5260670609375 0.682465046875 0.5236963265625 0.701420853125 0.535545971875 0.713270496875 0.5758303312499999 0.694312678125 0.580567771875 0.6800943125
1 0.4407588859375 0.7180099531249999 0.44786706093750006 0.7085310421875 0.44549834062500004 0.6800943125 0.4099534359375 0.6753548578124999 0.4004745265625 0.687204503125 0.402843246875 0.71563921875 0.4407588859375 0.7180099531249999
1 0.36966907656250003 0.7535548578125 0.4004745265625 0.772512678125 0.41232215625 0.77014194375 0.41469289062500003 0.7440759484374999 0.40521398125 0.7227494078125 0.3933643359375 0.7108997625 0.37440853125 0.7085310421875 0.34834052187500003 0.7227494078125 0.3412323453125 0.7369677718750001 0.34360106562500004 0.7464446687499999 0.36966907656250003 0.7535548578125
1 0.260663625 0.7654024875000001 0.251184715625 0.755923578125 0.22511872031250002 0.7535548578125 0.21800853125000003 0.7677732234375 0.21800853125000003 0.7819895734375 0.2345976296875 0.8056868484375 0.244076540625 0.8056868484375 0.260663625 0.7843603078125 0.260663625 0.7654024875000001
1 0.21090035468749999 0.6895732234375 0.1943132703125 0.6682466828125 0.1729867296875 0.6635072281250001 0.154028909375 0.6753548578124999 0.151658175 0.7037915875 0.168247275 0.7274888625 0.19905272499999999 0.7345970375 0.21090035468749999 0.7227494078125 0.21090035468749999 0.6895732234375
1 0.092418009375 0.7440759484374999 0.0947867296875 0.7227494078125 0.0876785546875 0.6966834125 0.0616105453125 0.6540283171875 0.0426547390625 0.6445494078125 0.0260656390625 0.6469201421874999 0.0260656390625 0.6658759484375001 0.0639812796875 0.725118128125 0.0829391 0.7440759484374999 0.092418009375 0.7440759484374999
1 0.8838868484375 0.8175364921874999 0.8649290281249999 0.803318128125 0.83175284375 0.8056868484375 0.822273934375 0.8151657578125 0.8293841234375 0.822273934375 0.8696684828125001 0.8293841234375 0.8838868484375 0.8175364921874999
1 0.810426303125 0.8127970375 0.7985786734375 0.8009473937499999 0.7748813984375 0.7985786734375 0.7606630328125 0.8199052124999999 0.7654024875000001 0.8436024874999999 0.79383921875 0.8696684828125001 0.8127970375 0.8696684828125001 0.8175364921874999 0.834123578125 0.810426303125 0.8127970375
1 0.8720372031249999 0.9526059234375 0.876776659375 0.94786646875 0.876776659375 0.9218004734375 0.86255829375 0.900473934375 0.822273934375 0.8744079390625 0.8056868484375 0.8744079390625 0.803318128125 0.8886263031249999 0.8270133890625001 0.9336501187499999 0.8507106640625001 0.9526059234375 0.8720372031249999 0.9526059234375
1 1 0.9404424234375 0.9691950234375 0.9383895734375001 0.9691950234375 1 0.99830748125 1 1 0.9921004625000001 1 0.9404424234375
1 0.5616119671875001 0.786729028125 0.5592412328125 0.7654024875000001 0.5497623218750001 0.7440759484374999 0.542654146875 0.7440759484374999 0.5236963265625 0.7654024875000001 0.5213276062500001 0.7914684828125 0.5260670609375 0.7985786734375 0.5402834125 0.7985786734375 0.5616119671875001 0.786729028125
1 0.4597146921875 0.8364922984375 0.4691936015625 0.8270133890625001 0.4715643359375 0.8127970375 0.457345971875 0.803318128125 0.44312760625000003 0.810426303125 0.44312760625000003 0.8270133890625001 0.4597146921875 0.8364922984375
1 0.43601943125 0.8981052125 0.464454146875 0.8981052125 0.49052215625000006 0.8815161140625 0.49289087656249997 0.84834194375 0.481043246875 0.83175284375 0.4691936015625 0.83175284375 0.44549834062500004 0.8530813984375 0.4241697875 0.86255829375 0.42180106562499997 0.8744079390625 0.43601943125 0.8981052125
1 0.45023779687500004 0.919431753125 0.4407588859375 0.900473934375 0.41232215625 0.8957344781250001 0.3933643359375 0.9170610187499999 0.38625616093750004 0.9431270140624999 0.3933643359375 0.9597161140624999 0.4241697875 0.9668242890625001 0.44549834062500004 0.9454977484375 0.45023779687500004 0.919431753125
1 0.4312799765625 0.8175364921874999 0.4289092421875 0.810426303125 0.44549834062500004 0.7914684828125 0.45260651718749995 0.77014194375 0.44549834062500004 0.7511841234375 0.4312799765625 0.7511841234375 0.4099534359375 0.7772521328125 0.3649296203125 0.8672977484375 0.3175350703125 0.9383895734375001 0.3175350703125 0.9573453796875 0.3222745265625 0.96445556875 0.336492890625 0.96445556875 0.35071125625 0.9502372031249999 0.37677725156249997 0.8933657578125 0.4312799765625 0.8175364921874999
1 0 0.8408948078125 0.014218009374999998 0.8246446687500001 0.014218009374999998 0.8151657578125 0.0092408765625 0.8080575828125 0.0011840046874999999 0.804029146875 0 0.80473928125 0 0.8408948078125
1 0 0.8767762328125001 0.0118492890625 0.86255829375 0 0.8546604453125 0 0.8767762328125001
1 0.6862166828125 1 0.687204503125 0.9763031984375001 0.6303310421874999 0.9383895734375001 0.6184834125 0.9383895734375001 0.6137439578125 0.9431270140624999 0.6137439578125 0.9691950234375 0.6232228671875 0.99526101875 0.6256954234375 1 0.6862166828125 1
1 0.767653771875 1 0.76781955 0.9998574640625 0.758956990625 0.9652370859375001 0.7016343609375 0.9182937203125 0.6685306875 0.91713353125 0.6700715640625 0.9225356640625 0.7625170546875 1 0.767653771875 1
1 0.6831518953125 0.906373578125 0.696232228125 0.906373578125 0.720473340625 0.8559476296874999 0.721256871875 0.8451896921875001 0.7097154031249999 0.83094715625 0.6977731046875 0.8498103078125 0.6877725125 0.8625119671875 0.68161101875 0.8809722750000001 0.67623305625 0.9009714453125 0.6831518953125 0.906373578125
1 0.76165805625 0.895212796875 0.7543363750000001 0.89943056875 0.7566587671875 0.91675284375 0.7658758296875 0.9352131515625001 0.7774172984375001 0.9482934828125 0.7920385078125001 0.9475361375 0.7943609 0.9329149296875 0.778958175 0.910212678125 0.76165805625 0.895212796875
1 0.542654146875 0.6232228671875 0.5450228671875 0.6042650468749999 0.5331752375 0.5900466828125001 0.5094779625 0.5829385078125 0.4715643359375 0.5829385078125 0.4549772515625 0.5900466828125001 0.44312760625000003 0.6208521328125001 0.44786706093750006 0.6635072281250001 0.46208542656249996 0.6848337671875 0.47867251250000004 0.6895732234375 0.49763033125 0.687204503125 0.5165881515625 0.6729861374999999 0.5331752375 0.6492888625 0.542654146875 0.6232228671875
4 0.76953803125 0 0.889740165625 0.2749524875 1 0.23587374218749999 1 0.1798838484375 0.924525009375 0 0.76953803125 0
4 0 0.25555566406249997 0.0938380328125 0.21405260625000003 0 0.1093436140625 0 0.25555566406249997
4 0.8703610078124999 1 0.725520971875 0.8112803312500001 0.6681036734375 0.9223221562499999 0.7304301421875 1 0.8703610078124999 1
4 0.019170971875 0.6466582937500001 0.0172755921875 0.820853909375 0.06703886249999999 0.8687197875000001 0.16656338906249998 0.88018874375 0.019170971875 0.6466582937500001
1 0.1042656390625 0.23696635000000002 0.120852725 0.25355545 0.151658175 0.260663625 0.16587654062499999 0.24170580625000002 0.16587654062499999 0.1943132703125 0.1492894546875 0.17535545 0.1374398109375 0.1706159953125 0.1184840046875 0.1729867296875 0.1090050953125 0.182463625 0.1018949046875 0.20853163437500002 0.1042656390625 0.23696635000000002
1 0.24881599531249998 0.17535545 0.23696635000000002 0.2014214453125 0.25592417031250003 0.22037926562500001 0.2796214453125 0.22274798593749998 0.28436089999999997 0.20616089999999998 0.27251125625 0.17535545 0.26540308125 0.1706159953125 0.24881599531249998 0.17535545
1 0.6018963265624999 0.19905272499999999 0.585307228125 0.20853163437500002 0.585307228125 0.22274798593749998 0.609004503125 0.22748744062499998 0.6445494078125 0.22037926562500001 0.6563990515625 0.20853163437500002 0.6658759484375001 0.1635078203125 0.6563990515625 0.1611370859375 0.639809953125 0.17535545 0.6232228671875 0.1729867296875 0.6018963265624999 0.19905272499999999
1 0 0.420220903125 0.0094785546875 0.4289092421875 0.054502370312500006 0.45023779687500004 0.0616105453125 0.4407588859375 0.0616105453125 0.4099534359375 0.04739419375 0.3838854265625 0.045023459375000005 0.367298340625 0.0402840046875 0.3625588859375 0.0071098343750000004 0.3625588859375 0 0.366113803125 0 0.420220903125
1 0.6255915875 0.4715643359375 0.651659596875 0.433648696875 0.6421806875 0.4099534359375 0.6184834125 0.3981037921875 0.5781990515625 0.40521398125 0.573459596875 0.4099534359375 0.5758303312499999 0.44549834062500004 0.597156871875 0.4715643359375 0.60663578125 0.4763037921875 0.6255915875 0.4715643359375
1 0.2345976296875 0.43601943125 0.1943132703125 0.41943033124999995 0.1800949046875 0.4241697875 0.182463625 0.46208542656249996 0.2014214453125 0.49052215625000006 0.24881599531249998 0.48578270156250003 0.27251125625 0.4763037921875 0.2701425359375 0.464454146875 0.2345976296875 0.43601943125
1 0.5924174171875001 0.682465046875 0.6255915875 0.6753548578124999 0.6635072281250001 0.6469201421874999 0.6563990515625 0.6232228671875 0.639809953125 0.6042650468749999 0.6161146921875 0.5900466828125001 0.5900466828125001 0.5947861375 0.5687201421875 0.627962321875 0.5687201421875 0.6445494078125 0.5924174171875001 0.682465046875
1 0.13981054531249998 0.687204503125 0.11374455000000001 0.6848337671875 0.092418009375 0.701420853125 0.092418009375 0.725118128125 0.099526184375 0.7322283171875 0.14455 0.7322283171875 0.154028909375 0.7227494078125 0.154028909375 0.7061603078124999 0.13981054531249998 0.687204503125
1 0.9518171796875 1 0.954976659375 0.9905215640625 0.9360188390624999 0.9663509484375 0.9227491703125 0.962795853125 0.907582109375 0.9691950234375 0.9052133890625 0.9881508296874999 0.9170625593749999 1 0.9518171796875 1
1 0.17061536093750002 1 0.22274798593749998 0.9739344781250001 0.22748744062499998 0.9668242890625001 0.22274798593749998 0.9454977484375 0.2014214453125 0.9123215640625 0.16587654062499999 0.8981052125 0.120852725 0.9052133890625 0.11374455000000001 0.9123215640625 0.111373815625 0.992890284375 0.11848353125 1 0.17061536093750002 1
5 0.3104268953125 0.2701425359375 0.3104268953125 0.2867296203125 0.31990580625 0.2867296203125 0.3246452609375 0.27251125625 0.3104268953125 0.2701425359375
5 0.5023697874999999 0.38625616093750004 0.48815142187499994 0.38625616093750004 0.48578270156250003 0.3981037921875 0.5023697874999999 0.3981037921875 0.5023697874999999 0.38625616093750004
5 0.6753548578124999 0.274881990625 0.6777255921875 0.28436089999999997 0.6919439578125 0.28436089999999997 0.694312678125 0.27251125625 0.6800943125 0.2677718015625 0.6753548578124999 0.274881990625
5 0.49289087656249997 0.1635078203125 0.49289087656249997 0.17535545 0.5094779625 0.17535545 0.5071092421875 0.1611370859375 0.49289087656249997 0.1635078203125
5 0.9218004734375 0.9526059234375 0.9241712078125 0.9620848343749999 0.9383895734375001 0.9620848343749999 0.9383895734375001 0.9502372031249999 0.9265399296875 0.9454977484375 0.9218004734375 0.9526059234375
5 0.7654024875000001 0.1777241703125 0.77014194375 0.1729867296875 0.7677732234375 0.1635078203125 0.7606630328125 0.15876836562500002 0.7535548578125 0.1611370859375 0.7511841234375 0.1777241703125 0.7654024875000001 0.1777241703125
5 0.9526059234375 0.7417052125 0.9502372031249999 0.755923578125 0.96445556875 0.7582943125 0.9668242890625001 0.7464446687499999 0.9526059234375 0.7417052125
5 0.609004503125 0.3838854265625 0.60663578125 0.3957350703125 0.6208521328125001 0.4004745265625 0.6232228671875 0.3838854265625 0.609004503125 0.3838854265625
5 0.86255829375 0.6184834125 0.8601895734375 0.6327017765625 0.876776659375 0.635070496875 0.87914739375 0.6255915875 0.8744079390625 0.6184834125 0.86255829375 0.6184834125
5 0.8933657578125 0.3933643359375 0.87914739375 0.3981037921875 0.8815161140625 0.41232215625 0.8957344781250001 0.40758270156250004 0.8933657578125 0.3933643359375
5 0.2464452609375 0.36966907656250003 0.244076540625 0.3838854265625 0.25592417031250003 0.38625616093750004 0.258292890625 0.372037796875 0.2464452609375 0.36966907656250003
5 0.6184834125 0.1611370859375 0.6161146921875 0.1729867296875 0.6303310421874999 0.1777241703125 0.635070496875 0.1635078203125 0.627962321875 0.15876836562500002 0.6184834125 0.1611370859375
5 0.2393370859375 0.983411375 0.24170580625000002 0.992890284375 0.25355545 0.992890284375 0.251184715625 0.9810426546875 0.2393370859375 0.983411375
1 0.037131753125 0.82009455 0.0757825828125 0.7587918250000001 0.030450592187499997 0.7737212078125 0.037131753125 0.82009455
2 0.7393364921875001 0.8151657578125 0.7630337671875 0.810426303125 0.772512678125 0.7890997625 0.810426303125 0.748815403125 0.83175284375 0.713270496875 0.841231753125 0.635070496875 0.8530813984375 0.6161146921875 0.8601895734375 0.5781990515625 0.84834194375 0.5497623218750001 0.8246446687500001 0.5331752375 0.7962079390625 0.535545971875 0.7772521328125 0.5236963265625 0.7464446687499999 0.5260670609375 0.71563921875 0.5497623218750001 0.701420853125 0.5781990515625 0.7085310421875 0.6540283171875 0.6919439578125 0.77014194375 0.7061603078124999 0.79383921875 0.7393364921875001 0.8151657578125
1 0.11374455000000001 0.6161146921875 0.1374398109375 0.635070496875 0.1706159953125 0.635070496875 0.1800949046875 0.627962321875 0.1800949046875 0.609004503125 0.1706159953125 0.5924174171875001 0.168247275 0.5710908765625 0.15876836562500002 0.5616119671875001 0.1374398109375 0.5639806875 0.11374455000000001 0.5900466828125001 0.11374455000000001 0.6161146921875
1 0.251184715625 0.5236963265625 0.25592417031250003 0.5142174171875 0.25355545 0.5023697874999999 0.2345976296875 0.4999990515625 0.229858175 0.5094779625 0.23222689531250001 0.5213276062500001 0.251184715625 0.5236963265625
1 0.5236963265625 0.8270133890625001 0.5236963265625 0.8009473937499999 0.5189568718750001 0.7914684828125 0.49052215625000006 0.7677732234375 0.46682488125 0.77014194375 0.46208542656249996 0.7890997625 0.481043246875 0.8364922984375 0.48815142187499994 0.841231753125 0.5094779625 0.841231753125 0.5236963265625 0.8270133890625001
1 0.21090035468749999 0.37677725156249997 0.23222689531250001 0.37677725156249997 0.23696635000000002 0.372037796875 0.2345976296875 0.3530799765625 0.20616089999999998 0.35545071093749997 0.21090035468749999 0.37677725156249997
1 0.19905272499999999 0.2014214453125 0.19905272499999999 0.1848343609375 0.1943132703125 0.1800949046875 0.1777241703125 0.1800949046875 0.17535545 0.19905272499999999 0.182463625 0.20379217968750002 0.19905272499999999 0.2014214453125
1 0.9407582937500001 0.3957350703125 0.9383895734375001 0.40758270156250004 0.9502372031249999 0.41706161093749994 0.9597161140624999 0.41706161093749994 0.9668242890625001 0.41232215625 0.9691950234375 0.3981037921875 0.9502372031249999 0.38862488125 0.9407582937500001 0.3957350703125
1 0.395735959375 0 0.40758270156250004 0.0047391 0.4218 0 0.395735959375 0
1 1 0.2891003546875 0.9905215640625 0.2891003546875 0.9881508296874999 0.3009479859375 0.992890284375 0.31516635000000004 1 0.31587701875 1 0.2891003546875
1 0.5592412328125 0.4312799765625 0.5592412328125 0.41943033124999995 0.55213305625 0.4099534359375 0.5379146921875 0.4099534359375 0.5331752375 0.41469289062500003 0.535545971875 0.433648696875 0.5592412328125 0.4312799765625
1 0.7274888625 0.028436375000000003 0.7227494078125 0.049762914062500004 0.7298575828125 0.054502370312500006 0.748815403125 0.05213365 0.7535548578125 0.0402840046875 0.7511841234375 0.030805095312500003 0.7417052125 0.0260656390625 0.7274888625 0.028436375000000003
1 0.4289092421875 0.627962321875 0.43601943125 0.6208521328125001 0.433648696875 0.60663578125 0.4241697875 0.6018963265624999 0.41469289062500003 0.6042650468749999 0.4099534359375 0.6208521328125001 0.4289092421875 0.627962321875
1 0.8720372031249999 0.17535545 0.876776659375 0.1706159953125 0.8744079390625 0.15639762968749998 0.85545011875 0.1492894546875 0.8530813984375 0.16587654062499999 0.86255829375 0.17535545 0.8720372031249999 0.17535545
1 0.6327017765625 0.3388616109375 0.6327017765625 0.35781943125 0.6611364921875 0.35781943125 0.6611364921875 0.3388616109375 0.6327017765625 0.3388616109375
1 0.48578270156250003 0.12322345937500001 0.48578270156250003 0.1374398109375 0.5094779625 0.142179265625 0.511848696875 0.120852725 0.49052215625000006 0.1184840046875 0.48578270156250003 0.12322345937500001
1 0.8293841234375 0.4715643359375 0.83175284375 0.4834119671875 0.8364922984375 0.48815142187499994 0.85545011875 0.48815142187499994 0.8601895734375 0.4834119671875 0.8601895734375 0.464454146875 0.8364922984375 0.4597146921875 0.8293841234375 0.4715643359375
1 0.3412323453125 0.4999990515625 0.3412323453125 0.47867251250000004 0.32701398125000003 0.4763037921875 0.3175350703125 0.481043246875 0.3175350703125 0.49763033125 0.3222745265625 0.5023697874999999 0.3412323453125 0.4999990515625
1 0.054502370312500006 0.26540308125 0.030805095312500003 0.26540308125 0.030805095312500003 0.2867296203125 0.04739419375 0.2867296203125 0.054502370312500006 0.2796214453125 0.054502370312500006 0.26540308125
1 0.5829385078125 0.5687201421875 0.5829385078125 0.5876779625 0.60663578125 0.5876779625 0.6042650468749999 0.566351421875 0.5876779625 0.5639806875 0.5829385078125 0.5687201421875
1 0.2677718015625 0.5947861375 0.2677718015625 0.60663578125 0.2891003546875 0.6255915875 0.30331670625 0.6232228671875 0.305687440625 0.6113752375 0.2867296203125 0.5900466828125001 0.27251125625 0.5900466828125001 0.2677718015625 0.5947861375
1 0.3838854265625 0.4999990515625 0.3838854265625 0.4834119671875 0.379145971875 0.47867251250000004 0.3459718015625 0.481043246875 0.3459718015625 0.49763033125 0.35545071093749997 0.5023697874999999 0.3838854265625 0.4999990515625
1 0.9028426546875 0.5023697874999999 0.8957344781250001 0.48815142187499994 0.8649290281249999 0.48815142187499994 0.857820853125 0.49289087656249997 0.857820853125 0.5094779625 0.8957344781250001 0.511848696875 0.9028426546875 0.5023697874999999
1 0.4549772515625 0.3222745265625 0.464454146875 0.3009479859375 0.46208542656249996 0.28436089999999997 0.4383881515625 0.2867296203125 0.41706161093749994 0.29620853125 0.4099534359375 0.30331670625 0.41232215625 0.3341241703125 0.4312799765625 0.3341241703125 0.4549772515625 0.3222745265625
1 0.1706159953125 0.4999990515625 0.17535545 0.5165881515625 0.19905272499999999 0.535545971875 0.213271090625 0.5308065171874999 0.2156398109375 0.5071092421875 0.21090035468749999 0.4999990515625 0.189573815625 0.4952616109375 0.1706159953125 0.4999990515625
1 0.1777241703125 0.5781990515625 0.1848343609375 0.585307228125 0.21090035468749999 0.585307228125 0.2156398109375 0.580567771875 0.21090035468749999 0.5592412328125 0.19905272499999999 0.5568725125 0.1777241703125 0.5639806875 0.1777241703125 0.5781990515625
1 0.6563990515625 0.597156871875 0.658767771875 0.60663578125 0.6682466828125 0.6113752375 0.6990521328125 0.60663578125 0.6966834125 0.5900466828125001 0.687204503125 0.585307228125 0.6696687203125 0.5914687203125 0.6563990515625 0.597156871875
1 0.7298575828125 0.2985772515625 0.7322283171875 0.3080561609375 0.77014194375 0.3104268953125 0.7748813984375 0.305687440625 0.7748813984375 0.2938398109375 0.7654024875000001 0.2867296203125 0.7369677718750001 0.2867296203125 0.7298575828125 0.2985772515625