5 0.4505069265625 0.540539865625 0.45177588750000003 0.547296790625 0.4670056140625 0.5574332765625 0.47842625937500005 0.5574332765625 0.483502103125 0.543919425 0.4822331421875 0.5337829390625 0.46827457499999997 0.5236486484375 0.4568517296875 0.52533733125 0.4505069265625 0.540539865625
3 0.156090459375 0.9949315875 0.1675133046875 0.9949315875 0.17512706875 0.9898655406250001 0.181471871875 0.9780403718749999 0.17639602968749998 0.9695947640625 0.125635403125 0.9375010140625 0.11548151874999998 0.9375010140625 0.11548151874999998 0.9628378375000001 0.14086293125 0.9881746625 0.156090459375 0.9949315875
5 0.0444153234375 0.9391896953125001 0.058376090625 0.9493239859375 0.071065696875 0.9493239859375 0.0761415390625 0.940878378125 0.07741050000000001 0.9307440874999999 0.07360361875 0.9256758453125 0.0571071296875 0.9172302359375 0.0507623265625 0.9172302359375 0.045684284375 0.9239871624999999 0.0444153234375 0.9391896953125001
5 0.623096571875 0.559121959375 0.6307103359374999 0.565878884375 0.6459400640624999 0.5709449328125 0.6522848671875 0.565878884375 0.6548227875 0.5489854734375 0.648477984375 0.54223074375 0.628172415625 0.5388511828125 0.623096571875 0.547296790625 0.623096571875 0.559121959375
5 0.33629386875 0.7635140203125 0.338831790625 0.7719596281250001 0.3527925578125 0.783784796875 0.36167528125000004 0.783784796875 0.366751125 0.7736483109375001 0.366751125 0.7635140203125 0.3540615171875 0.7516888515625 0.34390763281250003 0.75000016875 0.33629386875 0.7635140203125
5 0.8857868234374999 0.9054050671875 0.8959385093750001 0.9121619937500001 0.9022833125 0.9121619937500001 0.9098992750000001 0.9054050671875 0.9111682359375 0.8952707765625 0.9060923937500001 0.8885138515625 0.8934005875000001 0.88006824375 0.88071098125 0.8834456078124999 0.8794420203125 0.8969594593749999 0.8857868234374999 0.9054050671875
5 0.7601531203125 0.7905395265624999 0.7690358453125 0.797296453125 0.7779185703125 0.797296453125 0.785532334375 0.7888508453124999 0.7829944125 0.7787165546875 0.7690358453125 0.7685800671874999 0.758884159375 0.7702709453125001 0.755075078125 0.7787165546875 0.7601531203125 0.7905395265624999
5 0.45177588750000003 0.878377365625 0.44923796562499996 0.890202534375 0.4581228890625 0.9037163843749999 0.4695435359375 0.9121619937500001 0.47969522031249995 0.902027703125 0.47969522031249995 0.8918912156250001 0.46827457499999997 0.875 0.45939185 0.871622634375 0.45177588750000003 0.878377365625
1 0.6776640796875 0.54223074375 0.657360709375 0.5489854734375 0.6510159062499999 0.5574332765625 0.6497469453125 0.5675675671875 0.6522848671875 0.57432449375 0.6713192765625 0.5878383453125 0.6967006890625 0.591215709375 0.708121334375 0.58108141875 0.7119282171875 0.564190203125 0.7093902953125 0.552365034375 0.7005075703125 0.543919425 0.6776640796875 0.54223074375
1 0 0.788513015625 0.017767150000000002 0.783784796875 0.029187795312499997 0.797296453125 0.0380705203125 0.7956077703125 0.040608442187499996 0.783784796875 0.034263639062500004 0.7635140203125 0.027918834375 0.753377534375 0.007613265625 0.7466206078125001 0 0.7385141453124999 0 0.788513015625
1 0.366751125 0.804053378125 0.37563384843750003 0.815878546875 0.3921325375 0.8192559125000001 0.4073600640625 0.8108103046874999 0.41624278906249995 0.7939190875000001 0.39340149687500003 0.7618253375 0.376902809375 0.760134459375 0.368020084375 0.766891384375 0.36167528125000004 0.7787165546875 0.366751125 0.804053378125
1 0.25126910625 0.3648641890625 0.24619326406250003 0.373309796875 0.24365534218749998 0.3868236484375 0.24619326406250003 0.41216266875 0.25634495 0.422296959375 0.2677655953125 0.42567652031250003 0.28553324375 0.4239856421875 0.29441596875 0.4189195953125 0.2994918109375 0.41216266875 0.304567653125 0.3868236484375 0.3020297328125 0.371621115625 0.29568492968750004 0.36317550625 0.28553324375 0.3581072640625 0.26649663437500004 0.3581072640625 0.25126910625 0.3648641890625
1 0.6675123953125001 0.27533766875 0.6840110828125 0.27364898593750003 0.7055834140624999 0.2804059125 0.708121334375 0.2770263515625 0.7030454921875 0.24324391875 0.6941627671874999 0.2297300671875 0.6827421218749999 0.2297300671875 0.65989863125 0.25844645312500003 0.65989863125 0.26858074374999996 0.6675123953125001 0.27533766875
1 0.3807096921875 0.050674831249999996 0.3692890453125 0.0641886828125 0.368020084375 0.079391215625 0.37182696718749997 0.091216384375 0.3921325375 0.109796284375 0.41624278906249995 0.10810760156250002 0.427665634375 0.10135067499999999 0.4340104375 0.091216384375 0.4340104375 0.06756824375 0.41624278906249995 0.043917904687499995 0.39340149687500003 0.043917904687499995 0.3807096921875 0.050674831249999996
1 0.016498189062499998 0.045608784375 0.016498189062499998 0.069256925 0.0317257171875 0.0760138515625 0.0571071296875 0.07432516875 0.05964505 0.0709456078125 0.05964505 0.0540543921875 0.0482244046875 0.035472296874999996 0.0317257171875 0.028715371875 0.0253809140625 0.0320949328125 0.016498189062499998 0.045608784375
3 0.068527775 0.9493239859375 0.068527775 0.9628378375000001 0.07741050000000001 0.9780403718749999 0.087564384375 0.9814199328125 0.09010230625 0.9577695953124999 0.0850264625 0.9375010140625 0.07741050000000001 0.934121453125 0.068527775 0.9493239859375
3 0.17893395 0.228041384375 0.185278753125 0.2229731421875 0.20050848124999998 0.1908793921875 0.20304640156249998 0.172297296875 0.194161478125 0.16554037187499998 0.17893395 0.1689199328125 0.156090459375 0.19425675625 0.14086293125 0.18918851406249998 0.125635403125 0.177365540625 0.11421255781249999 0.177365540625 0.1104056765625 0.184122465625 0.1167504796875 0.199325 0.128173325 0.20777060781249998 0.15228357812499999 0.21283885156250001 0.17893395 0.228041384375
1 0.46827457499999997 0.9493239859375 0.4758883390625 0.9695947640625 0.4885779453125 0.9864859796875001 0.5000007906249999 0.9932429046875001 0.5139593578125 0.9915542234375 0.530455846875 0.9780403718749999 0.5444166125 0.9560809125 0.5482234953125 0.940878378125 0.5482234953125 0.9155415546875 0.5456855734375 0.9070937499999999 0.5329959671875 0.8969594593749999 0.51522831875 0.875 0.503807671875 0.8766886828124999 0.4822331421875 0.8986481421875 0.470812496875 0.9155415546875 0.4670056140625 0.929053209375 0.46827457499999997 0.9493239859375
1 0.52411104375 0.40540574375 0.538071809375 0.422296959375 0.546954534375 0.422296959375 0.54949245625 0.417228715625 0.54949245625 0.396960134375 0.52411104375 0.36824375 0.5114214359375 0.3665550671875 0.4822331421875 0.38006672343750003 0.483502103125 0.393580575 0.4936537875 0.4104739859375 0.508883515625 0.4104739859375 0.52411104375 0.40540574375
3 0.816776915625 0.8165043921875 0.8053804625 0.8342059125000001 0.7996690390625 0.84432483125 0.8215360687500001 0.8380070953125 0.8348348640625 0.8089195953124999 0.8310279828124999 0.797533615625 0.8272342953124999 0.7937324328125 0.819631528125 0.8013172296875 0.816776915625 0.8165043921875
5 0.436548359375 0.9256758453125 0.4428931625 0.934121453125 0.45431380781249997 0.9391896953125001 0.4670056140625 0.934121453125 0.46827457499999997 0.9239871624999999 0.4644676921875 0.9155415546875 0.44670004375000005 0.9070937499999999 0.4378173203125 0.9121619937500001 0.436548359375 0.9256758453125
1 1 0.25872662968750004 0.9873102734374999 0.2770263515625 0.988579234375 0.2888515203125 0.9961929984375001 0.29560844531249997 1 0.29523295156249996 1 0.25872662968750004
3 0.7880702546875 0.0810820953125 0.7741116875 0.087836825 0.7601531203125 0.1047302359375 0.7563462390625 0.12668969531250002 0.76142208125 0.133446621875 0.7753806484375 0.133446621875 0.789339215625 0.11486452656249999 0.8096447859374999 0.10810760156250002 0.8248723140625 0.11148716249999999 0.8350261984375 0.128378378125 0.8401020406249999 0.1250010140625 0.8413710015625 0.1182440875 0.8375641187499999 0.10304155468750001 0.827410234375 0.087836825 0.808375825 0.0810820953125 0.7880702546875 0.0810820953125
1 0.5139593578125 0.53209425625 0.4885779453125 0.5354738171875 0.4822331421875 0.540539865625 0.47969522031249995 0.552365034375 0.4822331421875 0.564190203125 0.49619390937499996 0.5827701015625 0.5114214359375 0.58108141875 0.5393407703124999 0.56925625 0.5393407703124999 0.5574332765625 0.52411104375 0.5388511828125 0.5139593578125 0.53209425625
1 0.9465056796875 1 0.9593909406250001 0.9797290546875 0.9644667828125 0.9628378375000001 0.9644667828125 0.9391896953125001 0.9593909406250001 0.922296284375 0.9479702937500001 0.9054050671875 0.9327405671875001 0.8935820953125001 0.9238578421874999 0.8935820953125001 0.9137061578125 0.9003368249999999 0.8972074703124999 0.9256758453125 0.88959370625 0.945946621875 0.88959370625 0.9712834453125 0.9077612953124999 1 0.9465056796875 1
3 0.8984764296875 0.4037170609375 0.8845178625000001 0.4104739859375 0.8819799421875001 0.417228715625 0.8819799421875001 0.44256773593750004 0.8883247453124999 0.45608158750000005 0.9225888812499999 0.4493246625 0.9479702937500001 0.45101334531250004 0.9543150984375 0.4408790546875 0.9543150984375 0.4239856421875 0.9479702937500001 0.40709442500000004 0.94035433125 0.4003375 0.8984764296875 0.4037170609375