1 1 0.620562409375 0.995494990625 0.6201295453125 0.9504497296875 0.6396104546875 0.914413928125 0.62337568125 0.8963970453125001 0.62987 0.894143153125 0.6623375 0.9054044687499999 0.681818409375 0.9572073328125 0.7240263640625 0.997746846875 0.7759747734375 1 0.7759747734375 1 0.620562409375
1 0.8423423250000001 0.9772720453125 0.8581073515625001 0.974025909375 0.8783781265625 0.9837663640625 0.894143153125 0.974025909375 0.894143153125 0.9545450000000001 0.88062998125 0.9220775 0.8986489015625001 0.89610431875 0.8963970453125001 0.8798695453125 0.8716225578125 0.876623409375 0.8175678375000001 0.8928561359374999 0.806306521875 0.9025965906250001 0.813062090625 0.92857181875 0.8423423250000001 0.9772720453125
1 0.8122590046875 1 0.81531598125 0.9967529546874999 0.8175678375000001 0.974025909375 0.7950452078125 0.9545450000000001 0.7545036578125 0.9610393187499999 0.73873863125 0.941558409375 0.707206540625 0.9448045453124999 0.684683909375 0.9707797734374999 0.675082878125 1 0.8122590046875 1
1 0.6013509906250001 0.8733772734375 0.59234153125 0.8474020453125 0.54729830625 0.7954536359375 0.5292793875 0.7954536359375 0.5090086125 0.8181827265624999 0.5090086125 0.8538963640624999 0.515766215625 0.8863638640625 0.560811478125 0.9123370453125 0.5788283609375 0.9123370453125 0.590089675 0.9025965906250001 0.6013509906250001 0.8733772734375
1 0.5630633328125 0.1461036359375 0.4662152078125 0.0876629546875 0.42792755 0.0487011359375 0.41441437812500004 0.0519472734375 0.412162521875 0.10389568125 0.4234238375 0.1428575 0.457207784375 0.20129818125 0.49324358593750006 0.23376568125000002 0.54729830625 0.24026 0.5720727921875 0.23051954531250002 0.5968472796875 0.2110386359375 0.6216217656249999 0.175325 0.6148641625 0.155844090625 0.5630633328125 0.1461036359375
0 0.8851357296875 0.2629870453125 0.8963970453125001 0.23051954531250002 0.894143153125 0.2077925 0.8873875859375 0.1980520453125 0.8468460359375 0.1915577265625 0.833332865625 0.20129818125 0.8288291531249999 0.227273409375 0.833332865625 0.2500004546875 0.851351784375 0.28571409062500003 0.8671168109374999 0.28571409062500003 0.8851357296875 0.2629870453125
1 0.8716225578125 0.746753409375 0.9009007562500001 0.7532477265625 0.914413928125 0.7402590906250001 0.9234233875 0.7077915906250001 0.9076583609375 0.6883106812500001 0.8986489015625001 0.694805 0.8864856218750001 0.7022729546875001 0.8761262703125 0.7123386359375 0.8626130984374999 0.73376681875 0.8716225578125 0.746753409375
1 0.8175676078125 0 0.8175678375000001 9.093750000000001e-7 0.8468460359375 0.0357145453125 0.8896394421875 0.0616877265625 0.932432846875 0.0616877265625 0.9617110453125 0.04220681875 0.9707205046875 0.012987499999999999 0.9687188203125 0 0.8175676078125 0
1 0.1936938203125 0.7889613640625 0.166667478125 0.7564938640625 0.146396703125 0.7175320453125 0.1306296390625 0.66883181875 0.11486461249999999 0.6785722734374999 0.09234198125000001 0.7175320453125 0.0765769546875 0.7597400000000001 0.06981935156249999 0.8149345453124999 0.0765769546875 0.83116931875 0.11261275625 0.8538963640624999 0.15765801875000002 0.8474020453125 0.18018064843749998 0.824675 0.1936938203125 0.79870181875 0.1936938203125 0.7889613640625
1 0.4842341265625 0.9642854546875 0.49099172968750004 0.92857181875 0.51126046875 0.8993504546875 0.51126046875 0.8863638640625 0.499999153125 0.8798695453125 0.44369461250000003 0.8798695453125 0.41891809062499996 0.88961 0.4009012078125 0.9188313640624999 0.3986493515625 0.9545450000000001 0.40315306250000005 0.9642854546875 0.448198325 0.9870125 0.4707209546875 0.9870125 0.4842341265625 0.9642854546875
1 0.1734230453125 0.1980520453125 0.1689193328125 0.175325 0.15090041406250002 0.1331170453125 0.126125928125 0.11039000000000002 0.10810904531250001 0.1136361359375 0.10810904531250001 0.1980520453125 0.0968477296875 0.2564927265625 0.07882881093750001 0.29870068125000004 0.07882881093750001 0.3149354546875 0.083332521875 0.318181590625 0.126125928125 0.3149354546875 0.15765801875000002 0.28896022656250003 0.1734230453125 0.2564927265625 0.1734230453125 0.1980520453125
1 0.6914415140625 0.3603895453125 0.6508999640625001 0.3279220453125 0.6216217656249999 0.28896022656250003 0.6081085953125 0.28896022656250003 0.6081085953125 0.34740295468750004 0.6216217656249999 0.389610909375 0.6508999640625001 0.43181886406250003 0.6621612796874999 0.43831113593750004 0.69369336875 0.435065 0.73423491875 0.389610909375 0.73423491875 0.37337613593749996 0.6914415140625 0.3603895453125
1 0.6058567390625 0.675324090625 0.6148641625 0.642856590625 0.6171180546875 0.5811697734375 0.5968472796875 0.52597318125 0.5855859640625 0.52597318125 0.5743246484375 0.57142931875 0.5563057296875 0.6006486359375 0.518018071875 0.6461047734375 0.49324358593750006 0.6623375 0.49549544218749997 0.6785722734374999 0.536036990625 0.6980511359375 0.5833341078125 0.6980511359375 0.6058567390625 0.675324090625
1 0.736486775 0.8993504546875 0.7522518015624999 0.88961 0.7590094046875 0.8798695453125 0.7612612609375 0.8571424999999999 0.7545036578125 0.8506502265625 0.71846785625 0.8506502265625 0.695945225 0.8571424999999999 0.6373867921875 0.89610431875 0.6148641625 0.9188313640624999 0.61036045 0.9383122734375 0.6148641625 0.9480527265625 0.664415171875 0.9610393187499999 0.69369336875 0.9512988640625 0.716216 0.935064090625 0.736486775 0.8993504546875
1 0.8355847203125 0.57142931875 0.8716225578125 0.564935 0.894143153125 0.519480909375 0.894143153125 0.480519090625 0.8774781984375 0.468180909375 0.8531536750000001 0.4746752265625 0.813062090625 0.519480909375 0.813062090625 0.5487022734375 0.8355847203125 0.57142931875
1 0.8423423250000001 0.772726590625 0.806306521875 0.746753409375 0.768018865625 0.7435072734375 0.747748090625 0.7629861359375 0.747748090625 0.8019479546875001 0.7612612609375 0.8214288640625 0.8018028109375 0.8474020453125 0.9031526124999999 0.8798695453125 0.930180990625 0.9025965906250001 0.9414423062499999 0.9058447734374999 0.9572073328125 0.89610431875 0.9887394234375 0.8603886359375 0.9797299640625001 0.844155909375 0.9369365578125001 0.8084422734375 0.8423423250000001 0.772726590625