1 0.8747196421875 0.626198696875 0.8668914546875 0.6485614828124999 0.8668914546875 0.6613423640625 0.8724839375 0.69169400625 0.8847878296875 0.707667425 0.9004485015625001 0.7140567921875001 0.9149880984375001 0.7252403328125 0.936241253125 0.749200459375 0.9485451453125 0.749200459375 0.9563754812499999 0.7412137515625 0.9563754812499999 0.72044830625 0.9485451453125 0.68690198125 0.9295298437499999 0.6613423640625 0.9116334671875 0.6277960390625 0.9004485015625001 0.618209840625 0.887023534375 0.618209840625 0.8747196421875 0.626198696875
1 0.22595078281249997 0.4265180828125 0.22595078281249997 0.436102134375 0.23378111875 0.44249150156250006 0.243847159375 0.4616617515625 0.2628624609375 0.47124580156249996 0.2695738703125 0.48082985312500004 0.27852313125 0.48082985312500004 0.285234540625 0.47284314375000003 0.2930648765625 0.45207769999999997 0.29418380312500003 0.43290744999999997 0.2919459515625 0.4105425171875 0.285234540625 0.399361125 0.253915346875 0.4025558078125 0.24049252812500002 0.407347834375 0.230424340625 0.41533454374999995 0.22595078281249997 0.4265180828125
1 0.2729306484375 0.09584685 0.2829988359375 0.1070282421875 0.290827025 0.11182026875 0.30648769531250003 0.1134176109375 0.3154369578125 0.11022292656249999 0.32326729374999996 0.1022362171875 0.32662192343749996 0.08146862656250001 0.3199105140625 0.06709255 0.2863534671875 0.0415329328125 0.267338165625 0.039935590625 0.26062675625 0.0463249578125 0.2595078296875 0.06709255 0.2617456828125 0.075079259375 0.2729306484375 0.09584685
1 0.6431770921875 0.2955274625 0.6174503796875 0.28274658124999996 0.54586058125 0.21725341875 0.534675615625 0.22204544375 0.49216930625 0.2683705046875 0.4910503796875 0.2891380953125 0.49999964218750004 0.31629290781249997 0.5033564203124999 0.3194897375 0.5134224609375 0.34664455 0.5268452796875 0.3690094828125 0.5492173609375001 0.3977637828125 0.5738251453125 0.4217260578125 0.5838933328125 0.4265180828125 0.612974675 0.4265180828125 0.62639749375 0.4217260578125 0.6353467562499999 0.41213985937500003 0.6442960171875 0.37699619218749997 0.659954540625 0.33706049843749997 0.6610734671875 0.3130982234375 0.6577188359374999 0.30670885625 0.6431770921875 0.2955274625
1 0.43176662187500003 0.6006390796875001 0.44966514531249996 0.6006390796875001 0.4597311859375 0.5926523703125001 0.4597311859375 0.5798714890625 0.45637655468749994 0.5702874375 0.44071588437500003 0.5527166765625 0.41834380312499997 0.5431304796875 0.40268527968749995 0.5447278203125 0.398209575 0.5527166765625 0.398209575 0.562300728125 0.40268527968749995 0.5750794625 0.41834380312499997 0.5942497125 0.43176662187500003 0.6006390796875001
1 0.5425059515624999 0.53035174375 0.5369134671875 0.5702874375 0.5380302453125 0.602236421875 0.544743803125 0.6325880640625 0.5604023265625 0.6613423640625 0.5861290375 0.68370515 0.612974675 0.6932913484375 0.64541494375 0.6900966640624999 0.6588377624999999 0.6821078078125 0.6666659515625 0.6725237578125001 0.672258434375 0.654952996875 0.6700227296875 0.6230040125 0.665549171875 0.6086257890625 0.6510074265625 0.5878603453125 0.592840446875 0.5447278203125 0.5559287703125 0.5271570609375 0.5425059515624999 0.53035174375
1 0.8501118562500001 0.522365034375 0.8411625953125 0.5399357953125 0.8400436687499999 0.5607033859375 0.8467572265625 0.583066171875 0.8557043406249999 0.5958470546875 0.8713650109375 0.6038337640625 0.8903803124999999 0.602236421875 0.9004485015625001 0.5942497125 0.91275239375 0.5734821218749999 0.916107025 0.562300728125 0.916107025 0.5463251625 0.9116334671875 0.5351437703124999 0.90268420625 0.528754403125 0.8780764203125001 0.5255597187500001 0.865772528125 0.5175708625000001 0.856823265625 0.5175708625000001 0.8501118562500001 0.522365034375
1 0.7751674265624999 0.72044830625 0.7651013875 0.7380190671875 0.7438482328125 0.7619813421875 0.73825575 0.7747600765625 0.73825575 0.7907356421875 0.746086084375 0.80031969375 0.7662203125 0.8035143765624999 0.7997773609375 0.7891383000000001 0.8098433999999999 0.7587866578125 0.808724475 0.744408434375 0.803131990625 0.7316296999999999 0.7908280984375 0.7188488171875 0.7807599109375001 0.7172514765625 0.7751674265624999 0.72044830625
1 0.32326729374999996 0.8450474124999999 0.33109548125 0.8530341218749999 0.36353360156250003 0.8546336109375 0.404920984375 0.8466447546874999 0.4161080984375 0.8402553859375 0.42617413906249996 0.841852728125 0.4832221921875 0.808306403125 0.50223749375 0.7859414703125001 0.49999964218750004 0.77635741875 0.48657682343750003 0.7667733671875 0.46532366875 0.7332270421875 0.4463083671875 0.7220456484375 0.4060399109375 0.71245945 0.38702460781250003 0.7140567921875001 0.37360178906249997 0.7236429906249999 0.3590600453125 0.7188488171875 0.3534675609375 0.7236429906249999 0.3534675609375 0.728435015625 0.36912823281249996 0.7507978015625 0.3702450109375 0.7619813421875 0.3545864875 0.7955276671875 0.35011293125 0.8146957703125001 0.3389258171875 0.8322686765625 0.32662192343749996 0.8370607031249999 0.32326729374999996 0.8450474124999999
1 0.5234906484375 0.7779547609375 0.534675615625 0.77156539375 0.5402680984375 0.763578684375 0.539149171875 0.7507978015625 0.5089489031250001 0.7300323578125 0.47651078281250003 0.7252403328125 0.4697993734375 0.7316296999999999 0.4697993734375 0.7396164093750001 0.47651078281250003 0.755591975 0.48769575 0.7699680515625 0.498880715625 0.7779547609375 0.5234906484375 0.7779547609375
1 0.548098434375 0.8722043703125 0.535794540625 0.8722043703125 0.5335566890625 0.876996396875 0.535794540625 0.8913746203124999 0.552571990625 0.9073480390625001 0.574944071875 0.9089453796875 0.5883668906249999 0.8993613296875 0.5883668906249999 0.8881799359375 0.5827744078125 0.8801910796874999 0.548098434375 0.8722043703125
1 0.6588377624999999 0.8306713359375 0.6543620578125 0.8194877953124999 0.6409392390625 0.8130984281250001 0.6040275609375 0.80990374375 0.598435078125 0.8162931125 0.598435078125 0.82428196875 0.6029086359375 0.8306713359375 0.62639749375 0.841852728125 0.6498885015625 0.841852728125 0.655480984375 0.8386580453124999 0.6588377624999999 0.8306713359375
1 0.5819845140625 1 0.5559287703125 0.9808300578125 0.5302020578125 0.9568699296875 0.521252796875 0.9552725875 0.5145413875 0.9584672718749999 0.4977639375 0.9808300578125 0.494407159375 0.9920135968749999 0.4949666 1 0.5819845140625 1
1 0.8344511859375 0.9568699296875 0.8299776281250001 0.9456863890625 0.80536984375 0.929712971875 0.7829977625 0.9265182875000001 0.7762863531249999 0.9329076546874999 0.7774052796875 0.9456863890625 0.7829977625 0.9568699296875 0.8076055484375001 0.9744406906249999 0.82214729375 0.9744406906249999 0.8299776281250001 0.9680513234375001 0.8344511859375 0.9568699296875
1 1 0.9201267734374999 0.99328930625 0.9201267734374999 0.9843400453125 0.9265182875000001 0.9809854140625 0.9329076546874999 0.9832211187500001 0.9456863890625 0.9944082328125001 0.9616619546875 1 0.9783596937500001 1 0.9201267734374999
4 0.2290628640625 1 0.22595078281249997 0.9744406906249999 0.22147722656250002 0.963259296875 0.21364689062500003 0.9616619546875 0.17114058125 0.97124600625 0.15324420625 0.979232715625 0.1521252796875 0.9872194249999999 0.154042303125 1 0.2290628640625 1
4 1 0.5814684906250001 0.99328930625 0.578274146875 0.9373601796875001 0.5399357953125 0.932886621875 0.533546428125 0.9183448765625 0.5271570609375 0.9004485015625001 0.5127788375 0.895972796875 0.504792128125 0.8892613875000001 0.504792128125 0.8736007156250001 0.49680541875 0.8232662187500001 0.4616617515625 0.8076055484375001 0.4632590921875 0.8076055484375001 0.47124580156249996 0.798658434375 0.4824271953125 0.78635239375 0.5191703515625 0.7651013875 0.5670927546875 0.7572710515625001 0.5942497125 0.7114101125000001 0.7028754 0.7058154812499999 0.7268376734374999 0.6834455484374999 0.7779547609375 0.6800887703125 0.7907356421875 0.6812076953124999 0.80031969375 0.67114165625 0.8146957703125001 0.6700227296875 0.82907399375 0.6577188359374999 0.8434500703125 0.655480984375 0.8578282937499999 0.6510074265625 0.865815003125 0.65212420625 0.8738017125 0.6431770921875 0.8881799359375 0.6398203125 0.9073480390625001 0.648769575 0.91852943125 0.6588377624999999 0.91852943125 0.6644302453125001 0.9137374062499999 0.6856812531250001 0.9089453796875 0.7237140046875 0.8865804468749999 0.7371368234375 0.8849831046875 0.7438482328125 0.8785937374999999 0.7706938703125 0.8690096875 0.7774052796875 0.8546336109375 0.8008941390625001 0.8562309515625 0.8299776281250001 0.8434500703125 0.838926890625 0.8434500703125 0.8422815218749999 0.8530341218749999 0.8445193734374999 0.8530341218749999 0.84899293125 0.8450474124999999 0.8646536015624999 0.8370607031249999 0.879195346875 0.821087284375 0.9183448765625 0.817890453125 0.940714809375 0.8035143765624999 0.9642058171875 0.7987223515624999 1 0.782182834375 1 0.5814684906250001
4 0.24496608437499998 0.4456861859375 0.23713574999999998 0.440894159375 0.231543265625 0.42971276718749996 0.22147722656250002 0.44408884375 0.22371293125 0.47763516875 0.2349000453125 0.5159735203125 0.238254675 0.52076769375 0.2483228640625 0.52076769375 0.2695738703125 0.5031947859375 0.2930648765625 0.49041605156249996 0.3120801796875 0.47284314375000003 0.3668903796875 0.43769947656249997 0.37695856875 0.4265180828125 0.37695856875 0.41853137343749997 0.3288597765625 0.39137441562499997 0.2986573609375 0.3945690984375 0.290827025 0.40095846718750006 0.258388903125 0.40415314999999996 0.2472039375 0.40894517500000005 0.243847159375 0.4137372015625 0.2460850109375 0.416931884375 0.2617456828125 0.416931884375 0.2662192390625 0.424920740625 0.2662192390625 0.43131010937500003 0.253915346875 0.436102134375 0.25167749375000004 0.43131010937500003 0.24496608437499998 0.43131010937500003 0.24496608437499998 0.43769947656249997 0.24944178906249997 0.440894159375 0.24496608437499998 0.4456861859375
1 0.8366890375 0.7539946328125 0.8366890375 0.77156539375 0.8422815218749999 0.7827467859375 0.863534675 0.792332984375 0.8736007156250001 0.7891383000000001 0.8736007156250001 0.7699680515625 0.8612968234375 0.75239514375 0.843400446875 0.7476031187500001 0.8366890375 0.7539946328125
1 0.9787475609375 0.670926415625 0.96644366875 0.66293970625 0.9519019234374999 0.6661343890625 0.9463094406250001 0.6741210984375 0.9463094406250001 0.68370515 0.9563754812499999 0.7092647671875 0.9709172265625 0.710862109375 0.9843400453125 0.694888690625 0.9843400453125 0.6805104671875 0.9787475609375 0.670926415625
1 0.26062675625 0.8498394375 0.2695738703125 0.8594256359375001 0.27740420625 0.86262031875 0.27964205781249996 0.8578282937499999 0.2964195078125 0.8466447546874999 0.307606621875 0.8306713359375 0.3087255484375 0.8194877953124999 0.3020141390625 0.8067090609375 0.2863534671875 0.7907356421875 0.2751685015625 0.784344128125 0.2639813875 0.7827467859375 0.25167749375000004 0.7987223515624999 0.25055856875 0.817890453125 0.26062675625 0.8498394375
1 0.253915346875 0.9025560125000001 0.243847159375 0.8929719609375001 0.231543265625 0.894569303125 0.22595078281249997 0.9041533546875 0.22595078281249997 0.923323603125 0.230424340625 0.929712971875 0.2460850109375 0.9265182875000001 0.2550342734375 0.9137374062499999 0.253915346875 0.9025560125000001
1 0.403802809375 1 0.40044742656250004 0.99041625625 0.391498165625 0.979232715625 0.374720715625 0.97124600625 0.35794111875 0.97124600625 0.35011293125 0.979232715625 0.347875078125 0.9856220828125 0.348935175 1 0.403802809375 1
1 0.42729306562499997 0.8434500703125 0.41722702500000003 0.8402553859375 0.4060399109375 0.8498394375 0.40156635312500005 0.86262031875 0.40156635312500005 0.8738017125 0.4038020578125 0.876996396875 0.414989171875 0.876996396875 0.4351234 0.8722043703125 0.4395969578125 0.8674123453125 0.4395969578125 0.8578282937499999 0.42729306562499997 0.8434500703125
1 0.5234906484375 0.905750696875 0.5167792390625 0.9025560125000001 0.51118675625 0.9041533546875 0.5145413875 0.9217262625 0.5302020578125 0.9408943640625 0.54586058125 0.939297021875 0.5536909171875 0.9313103125 0.552571990625 0.9249209453124999 0.541387025 0.9217262625 0.5234906484375 0.905750696875
1 0.7781513734375001 1 0.7796431312500001 0.9968056234375 0.7774052796875 0.9856220828125 0.76957494375 0.979232715625 0.7583899781250001 0.979232715625 0.749440715625 0.9888189140625 0.7505596125 1 0.7781513734375001 1
1 0.8601800453124999 0.83386601875 0.8534664875000001 0.841852728125 0.8557043406249999 0.8482420953125 0.865772528125 0.8546336109375 0.899329575 0.865815003125 0.9183448765625 0.86262031875 0.9261752124999999 0.8546336109375 0.9261752124999999 0.841852728125 0.9116334671875 0.8354633609375 0.9004485015625001 0.821087284375 0.892618165625 0.821087284375 0.8601800453124999 0.83386601875
1 0.8143169578125 0.5750794625 0.7975395078124999 0.5750794625 0.7841166890625 0.5894576875 0.785235615625 0.5990417375 0.8008941390625001 0.6150151562499999 0.8120812531249999 0.6198093296875 0.82214729375 0.6198093296875 0.825504071875 0.6150151562499999 0.825504071875 0.5894576875 0.8143169578125 0.5750794625
1 0.6610734671875 0.2124592453125 0.67114165625 0.20766722031249998 0.678971990625 0.19808316875 0.6823266218749999 0.18849911875 0.6800887703125 0.1709262109375 0.672258434375 0.16453684375 0.6185671593750001 0.151758109375 0.6073821921875 0.156550134375 0.6040275609375 0.16453684375 0.605144340625 0.1757182359375 0.619686084375 0.1996805109375 0.6409392390625 0.2140565875 0.6610734671875 0.2124592453125