5 0.5035883890624999 0.4744400953125 0.4928234734375 0.4744400953125 0.47846818124999996 0.48402603906249997 0.4772720796875 0.490415975 0.4832525875 0.5047928109375001 0.494019575 0.5063897765625 0.50717669375 0.4968059109375 0.5083727953125 0.48721996875 0.5035883890624999 0.4744400953125
3 0.1710534671875 0.11501501562500001 0.21889960625 0.0846643765625 0.2236840125 0.0766774765625 0.2177035046875 0.06549456875000001 0.2105268953125 0.06070367343750001 0.19975990625 0.06070367343750001 0.1854066859375 0.0670936109375 0.1614825796875 0.0910543125 0.1614825796875 0.11501501562500001 0.1710534671875 0.11501501562500001
5 0.1220091515625 0.1261979234375 0.12559745625000002 0.1214049515625 0.1244013546875 0.1118210859375 0.1196169484375 0.1038341859375 0.10765593124999999 0.1038341859375 0.09449674062499999 0.1134180515625 0.0956928421875 0.1277948875 0.100479321875 0.134184825 0.10645982968750001 0.134184825 0.1220091515625 0.1261979234375
5 0.6674646828124999 0.46645319531249996 0.661484175 0.46166229999999997 0.64712888125 0.46645319531249996 0.639952271875 0.47284313125 0.639952271875 0.48402603906249997 0.644736678125 0.4920129390625 0.663876378125 0.48881693281249994 0.6698568859375 0.4824290734375 0.6674646828124999 0.46645319531249996
5 0.393540815625 0.260382428125 0.3851681046875 0.260382428125 0.3720089125 0.2715653359375 0.369616709375 0.2795522359375 0.37679331875 0.292332109375 0.38636420625 0.29073514375 0.398325221875 0.2795522359375 0.398325221875 0.2699683703125 0.393540815625 0.260382428125
5 0.00478496875 0.2795522359375 0.00478496875 0.29073514375 0.009569375 0.300319009375 0.0215303921875 0.300319009375 0.0358856859375 0.2939290734375 0.0358856859375 0.2811492015625 0.031101278125 0.27316229999999997 0.0167459859375 0.27316229999999997 0.00478496875 0.2795522359375
5 0.906699528125 0.16134153281250002 0.9114839359375001 0.154951596875 0.9102878343749999 0.14536773125 0.90310915 0.1389777953125 0.8971286421875 0.1389777953125 0.8875598296874999 0.14536773125 0.8815793203125001 0.1533546328125 0.882775421875 0.1661345046875 0.8947364390624999 0.169328434375 0.906699528125 0.16134153281250002
5 0.793061578125 0.2555915328125 0.7858849671875 0.24760463281249998 0.77751225625 0.24760463281249998 0.7691395437499999 0.25399456875 0.7643530640625 0.2651754 0.7679434421875 0.27316229999999997 0.77751225625 0.27476134218750004 0.790669375 0.2651754 0.793061578125 0.2555915328125
5 0.49521567656250004 0.1389777953125 0.4844507625 0.146964696875 0.4760759765625 0.15974456875 0.47846818124999996 0.1709274765625 0.48564686406249996 0.17731533593749998 0.494019575 0.17412140625 0.504784490625 0.158147603125 0.504784490625 0.1485616609375 0.49521567656250004 0.1389777953125
1 0.72129133125 0.4792330671875 0.723683534375 0.468050159375 0.7200952296875001 0.4520763578125 0.7093303140625 0.44249249218750003 0.6854062078125 0.44568642187499996 0.6674646828124999 0.45846629375000003 0.6650724796875 0.4648562296875 0.66626858125 0.4744400953125 0.6722490890625 0.4824290734375 0.6913867171875 0.48881693281249994 0.7129186203125 0.48721996875 0.72129133125 0.4792330671875
1 0.0693786046875 0.260382428125 0.0514350078125 0.2555915328125 0.034689584375 0.2571884984375 0.0322973796875 0.27316229999999997 0.0358856859375 0.2827482421875 0.037081787500000005 0.3067089453125 0.039473990625 0.3099049515625 0.047846701562499996 0.30830591093750004 0.05980771875 0.295528115625 0.07894741875 0.2891381796875 0.0849279265625 0.2795522359375 0.0909084359375 0.260382428125 0.0885162328125 0.24920159687500001 0.08014352031250001 0.24760463281249998 0.0693786046875 0.260382428125
1 0.42344543124999995 0.2811492015625 0.44497526093750006 0.2507985625 0.4366025484375 0.2348247609375 0.4222493296875 0.226837859375 0.406697934375 0.23003178906250002 0.398325221875 0.24121469687500002 0.393540815625 0.2651754 0.3995213234375 0.27635830625 0.4078940359375 0.2827482421875 0.42344543124999995 0.2811492015625
1 0.28468934375 0.648563259375 0.2894737515625 0.6565501593749999 0.303826971875 0.6629400953125 0.32177056875 0.6629400953125 0.3313393828125 0.6581471249999999 0.337319890625 0.6501602234375 0.33971209375 0.6357833859375 0.3349276875 0.61182060625 0.33014328125 0.6054306703125001 0.32177056875 0.6006397765625 0.3050230734375 0.599040734375 0.2942581578125 0.602236740625 0.28468934375 0.61182060625 0.282297140625 0.6357833859375 0.28468934375 0.648563259375
1 0.7069381109374999 0.784344728125 0.7153108234375 0.77156485625 0.7200952296875001 0.739617253125 0.7177030265625 0.7364212453125 0.6973692984375 0.7428111828125 0.681817903125 0.7412142171875 0.6746412937499999 0.747604153125 0.6746412937499999 0.75718801875 0.696173196875 0.784344728125 0.7069381109374999 0.784344728125
1 0.44497526093750006 0.96006485625 0.4617227578125 0.9376990421875 0.4617227578125 0.9153353031250001 0.45574224843750005 0.9057514375 0.44497526093750006 0.8993615015625 0.4222493296875 0.8977645375 0.40310962968749997 0.9153353031250001 0.3995213234375 0.9265182109375001 0.40071742656250003 0.9408950484374999 0.411482340625 0.9536749203125 0.42344543124999995 0.96006485625 0.44497526093750006 0.96006485625
1 0.1088520328125 0.9504789140625001 0.1088520328125 0.9345051124999999 0.10645982968750001 0.9313091046875 0.0825357234375 0.929712140625 0.068182503125 0.9361020765625 0.068182503125 0.9584658140625001 0.07655521562499999 0.9712456875000001 0.0825357234375 0.97444169375 0.09808711875000001 0.9680517578125001 0.1088520328125 0.9504789140625001
3 0.1172247453125 0.0910543125 0.1172247453125 0.1038341859375 0.12559745625000002 0.11821102187500002 0.132776140625 0.11501501562500001 0.137560546875 0.095847284375 0.13516834375 0.07348147031249999 0.12559745625000002 0.0766774765625 0.1172247453125 0.0910543125
3 0.22727231875 0.7907346640624999 0.22129180937499998 0.78594169375 0.1961716015625 0.8003185296875 0.1734456703125 0.8051115015624999 0.16267868125 0.8130984031249999 0.1566981734375 0.8274752390625 0.16028647812500002 0.833865175 0.1710534671875 0.833865175 0.1854066859375 0.8226843453124999 0.19975990625 0.8178913734375 0.22129180937499998 0.8418520765625 0.23564502968749998 0.8450480828125 0.2440198140625 0.8386581468750001 0.24162761093750001 0.821085303125 0.22727231875 0.7907346640624999
1 0.5239241906250001 0.062300639062499996 0.5131572015625 0.068690575 0.5011961859375 0.0846643765625 0.494019575 0.1038341859375 0.4928234734375 0.12300399375 0.496411778125 0.1357817890625 0.50717669375 0.1517576671875 0.5275124953125 0.172524440625 0.5382774109375 0.17412140625 0.55502490625 0.1533546328125 0.5669859234375 0.14377076718749998 0.5693781265625 0.1357817890625 0.5693781265625 0.1118210859375 0.5657898218749999 0.0974442484375 0.5526306296875 0.0766774765625 0.537081309375 0.06389760312500001 0.5239241906250001 0.062300639062499996
1 0.517941609375 0.613417571875 0.5083727953125 0.62939345 0.50717669375 0.6421733234375 0.5346891046875 0.65495111875 0.5466501218750001 0.653354153125 0.570574228125 0.62619744375 0.570574228125 0.6070297124999999 0.568182025 0.602236740625 0.5598093140625 0.602236740625 0.5466501218750001 0.61821054375 0.5322969015625 0.613417571875 0.517941609375 0.613417571875
3 0.8269981124999999 0.2091051125 0.80638660625 0.20313051093749998 0.8117701 0.21269984062499997 0.8225122125000001 0.22943993593749998 0.8252029234375 0.2438022359375 0.83236916875 0.2509750796875 0.8359450359375 0.2473803515625 0.839533340625 0.2366127796875 0.8269981124999999 0.2091051125
5 0.4928234734375 0.11821102187500002 0.480860384375 0.1134180515625 0.47009546875 0.11821102187500002 0.4641149609375 0.1261979234375 0.4653110625 0.1389777953125 0.4736837734375 0.14377076718749998 0.4904312703125 0.1357817890625 0.494019575 0.1277948875 0.4928234734375 0.11821102187500002
1 1 0.7228729890625 0.99162689375 0.722044409375 0.9844502828125 0.7284343453125001 0.9832541812500001 0.739617253125 0.9976074015625 0.760384025 1 0.7623810796875 1 0.7228729890625
3 0.7691395437499999 0.90255543125 0.7822966625000001 0.918531309375 0.79545378125 0.92491916875 0.81459348125 0.92491916875 0.83253500625 0.918531309375 0.8421058921875 0.904152396875 0.845694196875 0.8897755593750001 0.8444980953125001 0.8833856234375 0.8397136890624999 0.88019169375 0.830142803125 0.8961654953125 0.8157895828124999 0.8993615015625 0.7966498828125 0.892971565625 0.7834927640625 0.875398721875 0.7703356453125 0.875398721875 0.7655512390625 0.8817886578125 0.7691395437499999 0.90255543125
1 0.5610054156250001 0.46325926562499997 0.5346891046875 0.4520763578125 0.5203358859375 0.45047939374999996 0.50717669375 0.468050159375 0.504784490625 0.4792330671875 0.50717669375 0.490415975 0.5131572015625 0.49520686875 0.537081309375 0.498402875 0.5466501218750001 0.4920129390625 0.5610054156250001 0.4744400953125 0.5610054156250001 0.46325926562499997
1 0.891148134375 0.0830674125 0.891148134375 0.107028115625 0.8983247437499999 0.1261979234375 0.9138761390625 0.15016070312500002 0.9234449515625001 0.1565485625 0.9318176640625 0.1565485625 0.9461729562500001 0.14536773125 0.956937871875 0.12939392968750002 0.961722278125 0.1134180515625 0.961722278125 0.0910543125 0.956937871875 0.0750805109375 0.943780753125 0.0543137375 0.9258371562500001 0.0447277953125 0.9102878343749999 0.052714696875 0.891148134375 0.0830674125
3 0.9461729562500001 0.6166135781250001 0.9521534656249999 0.6006397765625 0.9521534656249999 0.5846638984375 0.9461729562500001 0.57508003125 0.9222488500000001 0.5766769968750001 0.8899520328125 0.5702870609375 0.8839715234375 0.5830669328125 0.8839715234375 0.6070297124999999 0.8863637265625 0.613417571875 0.8995208453125001 0.6198075078125 0.9389942734375 0.6230035140625 0.9461729562500001 0.6166135781250001