3 0.10254 0.3098384828125 0.10254 0.2907484765625 0.094726 0.276063703125 0.09082 0.276063703125 0.085938 0.2819380125 0.08007800000000001 0.299558940625 0.078124 0.32745941093750003 0.083984 0.33920803125 0.088868 0.33920803125 0.094726 0.33186464375 0.10254 0.3098384828125
1 0.15820399999999998 0.318648946875 0.161132 0.3127746375 0.16015600000000002 0.302497096875 0.15625 0.298091865625 0.14843800000000001 0.30102801874999996 0.149414 0.3157127921875 0.15820399999999998 0.318648946875
1 0.31543 0.2672532390625 0.310546 0.259911853125 0.29687600000000003 0.255506621875 0.28711000000000003 0.24522707968750002 0.27832 0.243760003125 0.27246000000000004 0.24669615781249998 0.264648 0.26431708593750003 0.264648 0.2863432453125 0.270508 0.302497096875 0.277344 0.3113075609375 0.28711000000000003 0.31717986875 0.30371000000000004 0.3113075609375 0.3125 0.2966227875 0.31543 0.2672532390625
1 0.40625 0.3803221953125 0.423828 0.3803221953125 0.435546 0.3744498875 0.441406 0.3627012671875 0.44043 0.3230541796875 0.4375 0.31424371562500003 0.41601600000000005 0.30102801874999996 0.399414 0.299558940625 0.394726 0.309984590625 0.390136 0.316739546875 0.385742 0.3292227046875 0.384766 0.33480079687500003 0.384766 0.3524237265625 0.391602 0.3659316375 0.39843799999999996 0.3744498875 0.40625 0.3803221953125
1 0.501954 0.3656394234375 0.507812 0.32452325625 0.5068360000000001 0.30836940468749996 0.499024 0.29515370937499996 0.488282 0.28781232343749996 0.47168 0.28781232343749996 0.46582 0.29368663281249996 0.46093799999999996 0.31424371562500003 0.461914 0.330395565625 0.467774 0.3582960359375 0.475586 0.3700446546875 0.488282 0.3744498875 0.49707 0.372980809375 0.501954 0.3656394234375
1 0.621094 0.33920803125 0.628906 0.337738953125 0.632812 0.330395565625 0.670898 0.21145430156249997 0.670898 0.2041109140625 0.6650400000000001 0.1967695265625 0.6494139999999999 0.19530045000000001 0.6337900000000001 0.2026438375 0.614258 0.2217318421875 0.606446 0.23788569375000002 0.598632 0.2731275484375 0.59961 0.29368663281249996 0.607422 0.32011802500000003 0.621094 0.33920803125
1 0.831054 0.40969174375 0.83496 0.4008812796875 0.8330080000000001 0.389132659375 0.8027340000000001 0.33920803125 0.7880860000000001 0.3289284890625 0.7880860000000001 0.32158510156250003 0.78125 0.3098384828125 0.77832 0.2966227875 0.766602 0.28781232343749996 0.759766 0.299558940625 0.753906 0.3259903328125 0.7568360000000001 0.3582960359375 0.764648 0.37885511875 0.77832 0.3994122015625 0.798828 0.414096975 0.816406 0.41556605312499995 0.831054 0.40969174375
1 0.794922 0.2290752296875 0.789062 0.22320091875 0.776368 0.220264765625 0.759766 0.22613707343749997 0.7568360000000001 0.23788569375000002 0.757812 0.255506621875 0.766602 0.27753278125 0.7724599999999999 0.2804689359375 0.789062 0.2804689359375 0.795898 0.2745966265625 0.797852 0.2393547703125 0.794922 0.2290752296875
1 0.020508000000000002 0.3700446546875 0.023438 0.3744498875 0.03711 0.377386040625 0.041992 0.3656394234375 0.03418 0.353890803125 0.02832 0.353890803125 0.020508000000000002 0.3627012671875 0.020508000000000002 0.3700446546875
1 0.12793000000000002 0.4478717546875 0.12304600000000002 0.455213140625 0.12304600000000002 0.4654926828125 0.125 0.47283406875 0.13086 0.4772393015625 0.135742 0.47283406875 0.138672 0.45374406250000004 0.135742 0.44933883124999996 0.12793000000000002 0.4478717546875
1 0.08496000000000001 0.3935398921875 0.08007800000000001 0.397945125 0.07910199999999999 0.4111608203125 0.083984 0.4243765171875 0.08984400000000001 0.4243765171875 0.09375 0.4214383609375 0.095704 0.4111608203125 0.092774 0.3994122015625 0.08496000000000001 0.3935398921875
1 0.386718 0.45080790937500004 0.35937600000000003 0.43318698125 0.356446 0.43318698125 0.35156200000000004 0.4405283671875 0.34668 0.45814929531250004 0.34668 0.4772393015625 0.353516 0.49045499687499994 0.362304 0.49632930625 0.373046 0.49779638281249994 0.391602 0.48311361093749994 0.392578 0.4654926828125 0.386718 0.45080790937500004
1 0.455078 0.48898591874999997 0.461914 0.48311361093749994 0.46875 0.46989791406250003 0.469726 0.45668221875 0.46093799999999996 0.42731267031250003 0.455078 0.4170331296875 0.44824200000000003 0.4111608203125 0.439454 0.4111608203125 0.432618 0.41556605312499995 0.425782 0.4243765171875 0.41894600000000004 0.45374406250000004 0.41894600000000004 0.471364990625 0.42675799999999997 0.49486022968750004 0.43457 0.49779638281249994 0.455078 0.48898591874999997
1 0.635742 0.389132659375 0.62793 0.3861965046875 0.618262 0.392070815625 0.6181639999999999 0.408222665625 0.624024 0.42731267031250003 0.628906 0.431717903125 0.634766 0.4287817484375 0.639648 0.4214383609375 0.6406240000000001 0.397945125 0.635742 0.389132659375
1 0.783204 0.5726873296874999 0.783204 0.5535973234375 0.776368 0.52716593125 0.769532 0.51101408125 0.763672 0.5022036171875001 0.753906 0.49779638281249994 0.7431639999999999 0.4992654609375 0.737304 0.50367069375 0.731446 0.5198245453125 0.731446 0.5418507046875 0.736328 0.556535478125 0.74707 0.5712182515625 0.762696 0.584433946875 0.776368 0.585903025 0.779296 0.5829668703124999 0.783204 0.5726873296874999
1 0.834892 0.496563478125 0.84623 0.48377409531250004 0.843388 0.4596183734375 0.809374 0.4738328015625 0.815048 0.48803322031249996 0.834892 0.496563478125
1 0.863232 0.46104341875 0.8613479999999999 0.45393620468749996 0.8556739999999999 0.442569865625 0.8415039999999999 0.43405361718749996 0.827324 0.442569865625 0.826386 0.4624664625 0.863232 0.46104341875
1 0.936524 0.40235035625000004 0.9267580000000001 0.412627896875 0.9257820000000001 0.42584359374999997 0.9306639999999999 0.43759221249999997 0.941406 0.4390592890625 0.9492179999999999 0.4287817484375 0.9492179999999999 0.4111608203125 0.9443360000000001 0.40235035625000004 0.936524 0.40235035625000004
1 0.8544919999999999 0.5345073171875 0.8466799999999999 0.5433177812500001 0.8457039999999999 0.5550664015625 0.84961 0.5624077875 0.858398 0.5653459421875 0.8642580000000001 0.5594716328125 0.8652340000000001 0.5433177812500001 0.862304 0.5359763953125001 0.8544919999999999 0.5345073171875
2 0.7488859999999999 0.721644615625 0.7567280000000001 0.7717333640625 0.78416 0.8159177812499999 0.8370599999999999 0.845389403125 0.882128 0.8483255578125 0.9095599999999999 0.8129816265625 0.9075979999999999 0.748164071875 0.874288 0.6774441859375 0.819434 0.6437594734375 0.78416 0.6538768953125 0.762608 0.680396353125 0.7488859999999999 0.721644615625
2 0.740098278125 1 0.7390920000000001 0.983860996875 0.699902 0.9396625703125 0.6450400000000001 0.9514532203125 0.6176079999999999 0.98975131875 0.6142008890625 1 0.740098278125 1
1 0.16569012656249998 1 0.17870999999999998 0.982377909375 0.17870999999999998 0.9632899046875 0.172852 0.954479440625 0.173828 0.9471360531249999 0.170898 0.9412637437500001 0.167968 0.9221737390625 0.15625 0.9030837328124999 0.14843800000000001 0.9030837328124999 0.141602 0.9089580421875001 0.135742 0.9221737390625 0.135742 0.935389434375 0.14355400000000001 0.9735674453125001 0.14262935000000002 1 0.16569012656249998 1
1 0.339844 0.9530103625 0.341796 0.9618208265625 0.34961000000000003 0.9691622125 0.360352 0.9691622125 0.37207 0.9647569812500001 0.386718 0.9500742078125001 0.393554 0.9383255890625 0.396484 0.9251098921875001 0.39746000000000004 0.9060198875 0.392578 0.8913371140624999 0.378906 0.888398959375 0.37207 0.8781194171875001 0.36621000000000004 0.8751832625 0.33593799999999996 0.8839937265625 0.331054 0.9016146546874999 0.33496000000000004 0.9148303515625 0.34082 0.923640815625 0.339844 0.9530103625
1 0.378906 0.7782681578124999 0.384766 0.7679886171875 0.386718 0.7547729203125 0.385742 0.7254033734374999 0.38086000000000003 0.7136567546875 0.37207 0.7033772125 0.37207 0.697502903125 0.365234 0.6872253625 0.355468 0.6842872078125 0.34961000000000003 0.6901615171875 0.347656 0.7033772125 0.333984 0.7180619874999999 0.330078 0.740088146875 0.339844 0.76945569375 0.35156200000000004 0.7826733906250001 0.36621000000000004 0.7856095453124999 0.378906 0.7782681578124999
1 0.30468799999999996 0.6490453515625 0.305664 0.6710715109375001 0.311524 0.685756284375 0.32812399999999997 0.6872253625 0.336914 0.68282013125 0.353516 0.6637301250000001 0.361328 0.6372987328125 0.361328 0.6167396484375 0.357422 0.607929184375 0.341796 0.60499303125 0.333008 0.5961825671875001 0.322266 0.5947134890625 0.313476 0.6035239531250001 0.299804 0.6064601078125 0.295898 0.6123344171875 0.294922 0.622613959375 0.30468799999999996 0.6490453515625
4 0.1481697078125 0 0.150312 0.29154105937499997 0.199112 0.0457127 0.290616 0.017267831249999997 0.26164418437500003 0 0.1481697078125 0
1 0.806360884375 0 0.795898 0.007342548437500001 0.77832 0.0058734718749999994 0.773438 0.008809625 0.7724599999999999 0.0220273234375 0.776368 0.0440534828125 0.780274 0.0558001015625 0.78711 0.06607964375 0.80371 0.0748901078125 0.82129 0.076359184375 0.8388680000000001 0.06314148750000001 0.8408200000000001 0.057269179687500005 0.839844 0.0249634765625 0.83789 0.0161530125 0.830078 0.0029373171875 0.8255198968749999 0 0.806360884375 0
1 0.585938 0.10425765312499999 0.585938 0.0925110359375 0.566406 0.088105803125 0.5468759999999999 0.06901579687500001 0.535156 0.071953953125 0.53125 0.0925110359375 0.53125 0.11160104062500001 0.533204 0.11747335 0.56543 0.1497790515625 0.576172 0.14537381875 0.579102 0.13950151093750002 0.580078 0.1248167375 0.585938 0.10425765312499999
1 0 0.17063026875 0.0078119999999999995 0.165932903125 0.018554 0.1527172078125 0.02246 0.14096858750000002 0.021484 0.10279057656249999 0.011718000000000001 0.08957488125 0.00293 0.0925110359375 0 0.095264540625 0 0.17063026875
1 0.0757657 0 0.08203200000000001 0.0323048640625 0.08496000000000001 0.0396482515625 0.094726 0.0440534828125 0.101562 0.0323048640625 0.108276184375 0 0.0757657 0
4 0.025741999999999998 0.9084296546875 0.08064400000000001 0.9405432156250001 0.078808 0.8231270703125 0.042822 0.8148610062499999 0.025741999999999998 0.9084296546875
1 0.10569226406250001 1 0.11621 0.9574155953125001 0.11523399999999999 0.9045528109375001 0.11132800000000001 0.9016146546874999 0.106446 0.9016146546874999 0.09961 0.9104251187499999 0.08789 0.9559465171875001 0.084806309375 1 0.10569226406250001 1
1 0.313476 0.923640815625 0.313476 0.913363275 0.305664 0.9001475781250001 0.29687600000000003 0.8942732687499999 0.286132 0.8928041906249999 0.279296 0.9001475781250001 0.27832 0.930984203125 0.271484 0.9779726765625 0.27832 0.9911903750000001 0.295898 0.994126528125 0.30468799999999996 0.9853160640624999 0.30371000000000004 0.9441998984375 0.313476 0.923640815625
1 0.511718 0.8928041906249999 0.503906 0.8928041906249999 0.493164 0.9060198875 0.49218799999999996 0.9221737390625 0.495118 0.9265789703125 0.5068360000000001 0.928046046875 0.513672 0.9221737390625 0.5156240000000001 0.9016146546874999 0.511718 0.8928041906249999
1 0.594726 0.8839937265625 0.5869139999999999 0.872247109375 0.580078 0.872247109375 0.574218 0.876652340625 0.56543 0.8972094234375 0.56543 0.9162994281250001 0.570312 0.928046046875 0.5869139999999999 0.928046046875 0.594726 0.9148303515625 0.594726 0.8839937265625
1 0.763672 0.8942732687499999 0.760742 0.888398959375 0.751954 0.8869318828124999 0.746094 0.8913371140624999 0.731446 0.913363275 0.730468 0.9207046609375 0.74707 0.93392035625 0.759766 0.935389434375 0.764648 0.928046046875 0.7656240000000001 0.9118941968750001 0.763672 0.8942732687499999
1 0.8652340000000001 0.876652340625 0.8593759999999999 0.872247109375 0.8408200000000001 0.8693089531249999 0.8232419999999999 0.872247109375 0.82129 0.8854628046874999 0.8222659999999999 0.8986784999999999 0.8369139999999999 0.9089580421875001 0.844726 0.9207046609375 0.8486319999999999 0.923640815625 0.8535159999999999 0.9221737390625 0.8642580000000001 0.8986784999999999 0.8652340000000001 0.876652340625
1 0.955078 0.888398959375 0.945312 0.876652340625 0.9345700000000001 0.8707780312500001 0.92871 0.872247109375 0.92871 0.8898680359375 0.9218759999999999 0.9045528109375001 0.922852 0.9177685062500001 0.9394539999999999 0.9324512796875 0.956054 0.9324512796875 0.95996 0.9251098921875001 0.95996 0.9104251187499999 0.955078 0.888398959375
1 0.7099599999999999 0.71512383125 0.7099599999999999 0.704846290625 0.704102 0.701908134375 0.668946 0.7077824453125 0.666992 0.7136567546875 0.668946 0.723936296875 0.682618 0.7533038421875 0.692382 0.7591781531249999 0.699218 0.7547729203125 0.7099599999999999 0.71512383125
1 0.63086 0.584433946875 0.6318360000000001 0.5756234828125 0.629882 0.5712182515625 0.614258 0.5726873296874999 0.59961 0.5829668703124999 0.59375 0.5991187203125 0.595704 0.6152725734375 0.6005860000000001 0.622613959375 0.612304 0.622613959375 0.620118 0.602054875 0.63086 0.584433946875
1 0.59082 0.7063133671874999 0.580078 0.6710715109375001 0.575196 0.6666662796875 0.566406 0.669604434375 0.558594 0.6872253625 0.558594 0.6989719812499999 0.561524 0.7077824453125 0.5712900000000001 0.7195310640625 0.582032 0.720998140625 0.58789 0.7180619874999999 0.59082 0.7136567546875 0.59082 0.7063133671874999
1 0.53418 0.6534505828125 0.539062 0.6505144281249999 0.551758 0.6314244234374999 0.5556639999999999 0.622613959375 0.557618 0.6064601078125 0.5537099999999999 0.587372103125 0.545898 0.5756234828125 0.5380860000000001 0.569751175 0.526368 0.569751175 0.516602 0.5770925609375 0.509766 0.591777334375 0.507812 0.6123344171875 0.511718 0.622613959375 0.511718 0.6387658093749999 0.5156240000000001 0.6505144281249999 0.520508 0.6534505828125 0.53418 0.6534505828125
1 0.50293 0.741557225 0.512696 0.720998140625 0.512696 0.6960358265625 0.5087900000000001 0.6842872078125 0.503906 0.679881975 0.48925799999999997 0.6784148984375 0.47949200000000003 0.6901615171875 0.47461000000000003 0.704846290625 0.472656 0.7327467609375 0.47754 0.7533038421875 0.48144600000000004 0.757709075 0.488282 0.756239996875 0.50293 0.741557225
1 0.469726 0.59764964375 0.45996 0.5991187203125 0.455078 0.607929184375 0.45410199999999995 0.622613959375 0.45996 0.6328935 0.46875 0.6328935 0.47461000000000003 0.6240830359375 0.475586 0.6064601078125 0.469726 0.59764964375
1 0.21502 0.801188975 0.22352599999999997 0.7841404671875 0.208408 0.6875175765625 0.201796 0.634949009375 0.199902 0.5852285296875 0.166836 0.636372053125 0.21502 0.801188975
1 0.12011799999999999 0.7327467609375 0.131836 0.7327467609375 0.140624 0.67547674375 0.139648 0.6475762734375 0.136718 0.6372987328125 0.12793000000000002 0.6387658093749999 0.11914 0.6475762734375 0.09961 0.6593248921875 0.094726 0.681351053125 0.09375 0.700441059375 0.09668 0.71512383125 0.100586 0.7224672187500001 0.12011799999999999 0.7327467609375
1 0.377007065625 1 0.37207 0.9809108328124999 0.36621000000000004 0.970631290625 0.357422 0.9735674453125001 0.35253999999999996 0.99559560625 0.3527652046875 1 0.377007065625 1
1 1 0.7010450796875001 0.986328 0.7107185984375 0.981446 0.7180619874999999 0.981446 0.7268724515625 0.9882820000000001 0.7371519921874999 0.996094 0.7430243015625 1 0.742416715625 1 0.7010450796875001
3 0.05957 0.8091047828125 0.052734 0.8135100140624999 0.044922000000000004 0.8296618656250001 0.05078200000000001 0.851688025 0.057618 0.8604984890624999 0.073242 0.8619675671874999 0.07617199999999999 0.8546261812499999 0.07617199999999999 0.835536175 0.06836 0.814977090625 0.05957 0.8091047828125
3 0.10995999999999999 0.11763546875 0.10785199999999999 0.13666743125 0.126308 0.19057298125 0.1321 0.18343574375 0.141064 0.15411223125 0.143702 0.123185540625 0.14001 0.10891306875 0.143174 0.07483206406250001 0.139482 0.06372991875 0.10995999999999999 0.11763546875
3 0.141064 0.111292815625 0.14792 0.1263578671875 0.149502 0.07403748125000001 0.143174 0.0875033609375 0.141064 0.111292815625
3 0.144228 0.076417228125 0.14792 0.06214475625 0.147392 0.043905375 0.148448 0.02566799375 0.143174 0.022495667187500002 0.137374 0.03280523125 0.136318 0.047077701562500004 0.140538 0.06531508281250001 0.144228 0.076417228125
1 0 0 0 0.0507173359375 0.0039059999999999997 0.048458715624999996 0.020508000000000002 0.0264325546875 0.021484 0.0029373171875 0.0202200890625 0 0 0
1 0.288086 0.08223149375 0.28418 0.086636725 0.280274 0.11306811718750001 0.282226 0.11894242656250001 0.30468799999999996 0.123347659375 0.31543 0.11306811718750001 0.316406 0.10279057656249999 0.314454 0.09838534531250001 0.293946 0.08370057187499999 0.288086 0.08223149375
1 0.299804 0.0558001015625 0.294922 0.06607964375 0.292968 0.086636725 0.308594 0.0969162671875 0.31836000000000003 0.09104195781249999 0.322266 0.08223149375 0.32031200000000004 0.0675487203125 0.308594 0.0558001015625 0.299804 0.0558001015625
1 0.49023399999999995 0.1718052109375 0.50586 0.16152767031249998 0.518554 0.142437665625 0.5224599999999999 0.12041150468749999 0.518554 0.11306811718750001 0.503906 0.123347659375 0.49023399999999995 0.12041150468749999 0.486328 0.11306811718750001 0.486328 0.10572673125000001 0.49121 0.086636725 0.48144600000000004 0.0807644171875 0.469726 0.08957488125 0.46093799999999996 0.10425765312499999 0.457032 0.1160062734375 0.45605399999999996 0.12922196875 0.45800799999999997 0.142437665625 0.467774 0.16005859375 0.482422 0.170338134375 0.49023399999999995 0.1718052109375
1 0.617188 0.0851696484375 0.625976 0.0792953390625 0.637696 0.0616744109375 0.643554 0.058736256249999994 0.654296 0.0440534828125 0.65625 0.038179173437500005 0.65625 0.0220273234375 0.651368 0.00440439375 0.645508 0.0029373171875 0.6337900000000001 0.007342548437500001 0.613282 0.0234944 0.59668 0.0440534828125 0.592774 0.05139486875 0.592774 0.0602053328125 0.604492 0.08370057187499999 0.617188 0.0851696484375
1 0.682618 0.0249634765625 0.69043 0.0367100953125 0.700196 0.03524301875 0.704102 0.0249634765625 0.7031240000000001 0.0161530125 0.69336 0.0058734718749999994 0.683594 0.007342548437500001 0.682618 0.0249634765625
1 0.7275400000000001 0.1160062734375 0.719726 0.10279057656249999 0.697266 0.0939801125 0.691406 0.09838534531250001 0.689454 0.10572673125000001 0.69043 0.1380324328125 0.7031240000000001 0.15418428281250002 0.713868 0.158589515625 0.719726 0.15418428281250002 0.7275400000000001 0.13362720156250002 0.7275400000000001 0.1160062734375
1 0.8681639999999999 0.0969162671875 0.8652340000000001 0.0939801125 0.8554679999999999 0.0969162671875 0.8535159999999999 0.10279057656249999 0.8544919999999999 0.11160104062500001 0.857422 0.1160062734375 0.867188 0.1160062734375 0.86914 0.1086628859375 0.8681639999999999 0.0969162671875
1 0.9082039999999999 0.2099852234375 0.9111319999999999 0.2158595328125 0.920898 0.217326609375 0.9257820000000001 0.21145430156249997 0.9257820000000001 0.201174759375 0.9218759999999999 0.19236429531250002 0.910156 0.1938333734375 0.9082039999999999 0.2099852234375
1 0 0.3081862390625 0.004882 0.3054332515625 0.014648 0.2863432453125 0.013672 0.27165847187500003 0 0.2510999203125 0 0.3081862390625
1 0.041992 0.217326609375 0.042968 0.19823860468750001 0.047852 0.1864899859375 0.046876 0.1762124453125 0.036132 0.1747433671875 0.023438 0.18502290937500002 0.014648 0.201174759375 0.013672 0.2143904546875 0.015623999999999999 0.220264765625 0.02246 0.2276061515625 0.03711 0.22613707343749997 0.041992 0.217326609375
1 0.12695399999999998 0.24522707968750002 0.12695399999999998 0.259911853125 0.13086 0.27165847187500003 0.135742 0.27753278125 0.139648 0.2687223171875 0.141602 0.2349495390625 0.134766 0.23054430625000003 0.12695399999999998 0.24522707968750002
1 0.13379000000000002 0.30836940468749996 0.142578 0.3127746375 0.144532 0.302497096875 0.143066 0.2782673203125 0.134766 0.2892814015625 0.13281199999999999 0.299558940625 0.13379000000000002 0.30836940468749996