2 1 0.17924031093749998 0.991568971875 0.16708860781249998 0.9856661046875 0.1417721515625 0.9797632374999999 0.12784810156249998 0.967959528125 0.11645569687499999 0.948567284375 0.10632911406250001 0.9426644187500001 0.10632911406250001 0.9317025296875 0.112658228125 0.9156836421874999 0.1354430375 0.9072512640625 0.1544303796875 0.9055655984375001 0.17088607656250002 0.9165254640624999 0.1848101265625 0.9173693093749999 0.20253164531249998 0.9215844859375 0.21265822812500002 0.9224283312500001 0.234177215625 0.9190549750000001 0.27088607656249997 0.9367615515625 0.35316455625 0.9426644187500001 0.3670886078125 0.9519386171875001 0.37974683593749997 0.9603709953124999 0.3848101265625 0.9721747046875 0.38607595 0.98313659375 0.377215190625 0.9856661046875 0.369620253125 1 0.3472046421875 1 0.17924031093749998
1 0.7849908937500001 0.5430379750000001 0.7925794265625 0.534177215625 0.8060708265625 0.5278481015625001 0.813659359375 0.5278481015625001 0.8178745359375 0.5227848093749999 0.8229335578124999 0.5012658234375 0.8212478921875 0.47341772187500003 0.8145032046875 0.4594936703125 0.8094441828125 0.45569620312500003 0.78920809375 0.456962025 0.7504215859375 0.4721518984375 0.730185496875 0.48607595000000003 0.713322765625 0.505063290625 0.709105565625 0.5227848093749999 0.709105565625 0.534177215625 0.7116350765624999 0.5455696203125 0.7217531203124999 0.5632911390625 0.7310293421875 0.5721518984375 0.7478920734375001 0.5835443031249999 0.7571662734375 0.58227848125 0.7664424953125 0.5632911390625 0.7807757171875 0.544303796875 0.7849908937500001 0.5430379750000001
1 0.5682967953125 0.7367088609375 0.5514340640625 0.730379746875 0.5446873531249999 0.7329113921875 0.5370988203125 0.7455696203125 0.5337274875 0.76075949375 0.5328836421875 0.7936708859375 0.5421578421875 0.81392405 0.5480607078124999 0.83924050625 0.5472168640625 0.8721518984375001 0.55059021875 0.8759493671874999 0.5632377734375 0.8759493671874999 0.5792586843749999 0.8683544296875001 0.598650928125 0.844303796875 0.609612815625 0.8202531640625 0.609612815625 0.7987341765625 0.60455379375 0.7746835437499999 0.5961214171875 0.7632911390625 0.5682967953125 0.7367088609375
1 0.061550759375 0.5278481015625001 0.035413828125000005 0.5240506328125 0.025295784375 0.5291139234375 0.018549071875 0.5430379750000001 0.0059015171875 0.591139240625 0.005059696875 0.616455696875 0.01011871875 0.64683544375 0.018549071875 0.6683544296874999 0.03625565 0.6936708859375 0.047217537500000004 0.6949367093750001 0.075886003125 0.665822784375 0.1037106234375 0.6227848093749999 0.10708195625000001 0.6139240499999999 0.1087696453125 0.5924050640625 0.1037106234375 0.5734177218750001 0.0986516015625 0.5632911390625 0.0750421578125 0.5354430375 0.061550759375 0.5278481015625001
1 0.18718448593749998 0.8468354437500001 0.179595953125 0.844303796875 0.166104553125 0.85316455625 0.155986509375 0.8670886078125 0.1500836421875 0.883544303125 0.14755413125 0.8987341765625001 0.14755413125 0.922784809375 0.1534569984375 0.9405063296874999 0.1652607078125 0.9468354437500001 0.1804377734375 0.943037975 0.18718448593749998 0.9379746828125001 0.2032033734375 0.9151898734374999 0.209950084375 0.8886075953124999 0.20910623906249998 0.8721518984375001 0.2032033734375 0.86075949375 0.18718448593749998 0.8468354437500001
1 0.0208275625 0 0.0239966265625 0.035189873437500005 0.038894434374999995 0.061277975 0.04882833125 0.053822784375 0.06206475625 0.0389103796875 0.0653794265625 0.024 0.0678664421875 0.0016324046875000001 0.0682916515625 0 0.0208275625 0
1 0.11940174218749999 0 0.1180438453125 0.0367088609375 0.12394671093750001 0.0721518984375 0.135750421875 0.09620253125 0.14671231093749998 0.10632911406250001 0.15935986562499999 0.10886075937499999 0.166104553125 0.10379746875 0.18128161874999998 0.069620253125 0.18802630625 0.040506329687499995 0.193085328125 0.0025316453124999997 0.192996715625 0 0.11940174218749999 0
1 0.0969639125 0.013924049999999999 0.08684586875 0.015189873437500001 0.076727825 0.0354430375 0.0691392921875 0.069620253125 0.072512646875 0.07974683593750001 0.0893753796875 0.0784810125 0.0986516015625 0.0721518984375 0.10202293437500001 0.043037975 0.0969639125 0.013924049999999999
1 0.0741983140625 0.0924050640625 0.06492411406250001 0.1025316453125 0.06323844843750001 0.11012658281250001 0.06408027031249999 0.12531645625 0.06660978125 0.134177215625 0.0733564921875 0.144303796875 0.081786846875 0.14810126562499998 0.09106306875 0.14683544375 0.10118111249999999 0.1367088609375 0.1037106234375 0.130379746875 0.10624013437499999 0.10886075937499999 0.10624013437499999 0.0924050640625 0.10286677968749999 0.0784810125 0.0944344015625 0.0784810125 0.0741983140625 0.0924050640625
1 0.350758853125 0.027848101562499998 0.3279932546875 0.0215189875 0.31871905625 0.026582278124999997 0.3043838109375 0.044303796875 0.3018543 0.05822784843749999 0.29173625625 0.0848101265625 0.2892067453125 0.09746835468750001 0.2892067453125 0.11645569687499999 0.29173625625 0.122784809375 0.2984829671875 0.12531645625 0.310286678125 0.122784809375 0.3212485671875 0.11392405000000001 0.3431703203125 0.0810126578125 0.3482293421875 0.0683544296875 0.354132209375 0.040506329687499995 0.354132209375 0.0354430375 0.350758853125 0.027848101562499998
1 0.36391190625 0 0.35834738593750004 0.015189873437500001 0.3549740296875 0.030379746875000002 0.3549740296875 0.043037975 0.35160269843749997 0.059493670312500004 0.34654367656249996 0.0721518984375 0.3431703203125 0.09620253125 0.3414846546875 0.122784809375 0.3448559859375 0.1291139234375 0.35160269843749997 0.1291139234375 0.369309275 0.112658228125 0.3853281625 0.087341771875 0.39544620625000004 0.05822784843749999 0.3971338953125 0.048101265625 0.3971338953125 0.0215189875 0.39544620625000004 0.013924049999999999 0.389588390625 0 0.36391190625 0
1 0.3929166953125 0.2405063296875 0.39966340625 0.2354430375 0.40978145 0.205063290625 0.41231096093749997 0.1924050640625 0.411467115625 0.177215190625 0.40472242812500003 0.1759493671875 0.394604384375 0.19493670937500002 0.3819568296875 0.21265822812500002 0.380269140625 0.2291139234375 0.384486340625 0.2379746828125 0.3929166953125 0.2405063296875
1 0.72428263125 0.0379746828125 0.723440809375 0.022784809375 0.7183817875 0.015189873437500001 0.70404654375 0.0075949359375 0.693086678125 0.008860759375 0.6871838109375 0.015189873437500001 0.67453625625 0.0417721515625 0.6483973015625 0.08607595 0.6079251265625001 0.14810126562499998 0.60033659375 0.16455696250000001 0.598650928125 0.1759493671875 0.60033659375 0.18227848124999999 0.6104546375 0.183544303125 0.62478988125 0.17848101249999998 0.693086678125 0.134177215625 0.7006752109375001 0.122784809375 0.7166940984375 0.0721518984375 0.72428263125 0.0379746828125
1 0.813659359375 0.22784810156250002 0.817032715625 0.222784809375 0.8195622265625 0.21265822812500002 0.8187183812500001 0.1886075953125 0.8128155140625 0.1683544296875 0.8026974703124999 0.1544303796875 0.790049915625 0.14683544375 0.7723433390625 0.14810126562499998 0.7470482296875 0.17848101249999998 0.7344006750000001 0.2063291140625 0.72428263125 0.25316455625 0.72428263125 0.2784810125 0.7276559859375 0.28987341718750004 0.7327150078125 0.2974683546875 0.7411473859375 0.30379746875 0.7504215859375 0.30506329062500004 0.7715015171874999 0.294936709375 0.7748728500000001 0.28987341718750004 0.7816195609375 0.2645569625 0.7951089375 0.24177215156249998 0.80522698125 0.2316455703125 0.813659359375 0.22784810156250002
1 0.2934239453125 0.3670886078125 0.2934239453125 0.31392405 0.28667723437500003 0.291139240625 0.27150016875 0.27468354375000004 0.26475548125000004 0.2721518984375 0.2571669484375 0.273417721875 0.23608701562499998 0.2886075953125 0.2276566609375 0.30379746875 0.21500910625 0.34177215156249996 0.21079190625000002 0.38101265781250004 0.21079190625000002 0.40759493593749996 0.2141652609375 0.43291139218749997 0.22090995000000002 0.45316455624999996 0.2276566609375 0.46329113906249997 0.2344013484375 0.4670886078125 0.2436755484375 0.4670886078125 0.25126408125 0.46329113906249997 0.260540303125 0.45316455624999996 0.280776390625 0.41392405 0.2934239453125 0.3670886078125
1 0.23608701562499998 0.57468354375 0.2436755484375 0.5759493671875 0.2571669484375 0.5683544296874999 0.2681288359375 0.5582278484375001 0.27234401406250003 0.5506329109375 0.27234401406250003 0.5417721515625 0.266441146875 0.5278481015625001 0.2580107921875 0.51392405 0.25210792656250003 0.508860759375 0.24283372656250002 0.51392405 0.23524519375000003 0.5367088609375 0.23355750468749997 0.556962025 0.23608701562499998 0.57468354375
1 0.3229342328125 0.391139240625 0.317031365625 0.3886075953125 0.3026981453125 0.3924050640625 0.290050590625 0.40759493593749996 0.276559190625 0.44303797500000003 0.27150016875 0.47848101249999997 0.27234401406250003 0.49620253124999997 0.2790887015625 0.5113924046875 0.2841477234375 0.5316455703125 0.290050590625 0.53924050625 0.3060715015625 0.5493670890625 0.3195608765625 0.544303796875 0.330522765625 0.530379746875 0.3397969640625 0.505063290625 0.3448559859375 0.47088607656250003 0.344014165625 0.44050632968750003 0.33642563281250004 0.408860759375 0.3229342328125 0.391139240625
1 0.44097740312499994 0.35316455625 0.43254704843749997 0.351898734375 0.4258003375 0.355696203125 0.41568229375000004 0.36582278437500004 0.40556425 0.3848101265625 0.39629005 0.43797468281249996 0.39544620625000004 0.4594936703125 0.3979757171875 0.47088607656250003 0.40725193906249996 0.47341772187500003 0.41821180468749997 0.4670886078125 0.4258003375 0.4594936703125 0.434232715625 0.44303797500000003 0.4376060703125 0.4278481015625 0.4477241140625 0.40506329062499996 0.44940978125 0.3898734171875 0.4477241140625 0.36455696249999997 0.44097740312499994 0.35316455625
1 0.5522758859375 0.51392405 0.5581787515625 0.45316455624999996 0.555649240625 0.4291139234375 0.5463750421875 0.4113924046875 0.5370988203125 0.41012658281250003 0.5311979765625 0.4151898734375 0.49241146718750006 0.49113924062500003 0.4485659359375 0.5582278484375001 0.4258003375 0.58227848125 0.4131527828125 0.6 0.40640809375 0.6189873421875001 0.40640809375 0.6367088609375 0.4131527828125 0.651898734375 0.41821180468749997 0.656962025 0.4258003375 0.6594936703125 0.46374300156250003 0.656962025 0.5202360875 0.6075949359374999 0.5337274875 0.5898734171875 0.5413160203125 0.569620253125 0.5522758859375 0.51392405
1 0.2639116359375 0.6898734171875 0.260540303125 0.7025316453125 0.260540303125 0.7202531640625 0.26475548125000004 0.7291139234374999 0.2925801015625 0.73924050625 0.306913321875 0.7405063296875001 0.31450185468749997 0.734177215625 0.3161895453125 0.726582278125 0.317031365625 0.70379746875 0.3153457 0.6886075953125 0.3026981453125 0.648101265625 0.30016863437499997 0.644303796875 0.29173625625 0.644303796875 0.270658346875 0.67468354375 0.2639116359375 0.6898734171875
1 0.347385496875 0.7139240499999999 0.342326475 0.7417721515625 0.33642563281250004 0.8 0.3330522765625 0.8658227843749999 0.340640809375 0.8810126578125 0.374368296875 0.90379746875 0.3853281625 0.9075949359375001 0.391231028125 0.905063290625 0.3988195609375 0.8886075953124999 0.40556425 0.848101265625 0.40472242812500003 0.8063291140625 0.3929166953125 0.748101265625 0.3853281625 0.7278481015625 0.3650920734375 0.6974683546875 0.3549740296875 0.6974683546875 0.347385496875 0.7139240499999999
1 0.4797639125 0.9670886078125 0.48650859999999996 0.95316455625 0.484822934375 0.943037975 0.47554873593749997 0.930379746875 0.467960203125 0.9291139234375001 0.46543069062500003 0.9329113921875001 0.46037166875 0.948101265625 0.46037166875 0.9632911390625001 0.46374300156250003 0.969620253125 0.467960203125 0.9721518984375 0.4797639125 0.9670886078125
1 0.535773934375 1 0.518550421875 0.983544303125 0.5109618890625 0.9848101265625001 0.5075885328124999 0.9886075953125 0.5035019328125 1 0.535773934375 1