1 0.4482759859375 0.5147791875000001 0.4482759859375 0.4975363296875 0.4088661328125 0.4950742609375 0.4088661328125 0.512315025 0.4162565265625 0.51970541875 0.43103522187500004 0.5221674875 0.4482759859375 0.5147791875000001
1 0.539408128125 0.3965517234375 0.5640392859375 0.39901379375 0.5738917484375 0.3916254921875 0.5714275859375 0.3719205671875 0.549260590625 0.369458496875 0.534481896875 0.3743847296875 0.5320198281249999 0.3891634234375 0.539408128125 0.3965517234375
1 0.758620196875 0.6650240140625 0.746305665625 0.6625619453125 0.7216745078125 0.672414409375 0.68965505 0.6995076359375 0.6871929796875 0.7142863296875 0.7142862062499999 0.7290650249999999 0.7389152703125 0.72167463125 0.753693965625 0.7019697046875 0.758620196875 0.6650240140625
1 0.6995075125 0.5566511078125 0.7241386703125 0.5541869453125 0.7266007390625 0.5492607140625 0.7241386703125 0.53201995 0.6921192125 0.53201995 0.6871929796875 0.5369461828125 0.6871929796875 0.5492607140625 0.6995075125 0.5566511078125
1 0.7463050499999999 1 0.753693965625 0.9926110843749999 0.753693965625 0.9679799265625 0.7216745078125 0.9581274625 0.709359975 0.960591625 0.70443374375 0.9876848515625 0.71182204375 0.995073153125 0.7331679953125 1 0.7463050499999999 1
1 0.6354685953125 0.682266871875 0.6280782015625 0.669950246875 0.593596675 0.6748764781250001 0.59605874375 0.692117240625 0.60837536875 0.6945814046875001 0.6280782015625 0.692117240625 0.6354685953125 0.682266871875
1 0.42610899062499996 0.4876838671875 0.438423521875 0.49261009843750003 0.4482759859375 0.47044310312500004 0.44581182343750003 0.4384236453125 0.43103522187500004 0.41871871875 0.4014778328125 0.42364495 0.40640406406249996 0.45073817656250004 0.42610899062499996 0.4876838671875
1 0.4088661328125 0.8128088671875 0.428571059375 0.8103447046875001 0.440887684375 0.798030171875 0.438423521875 0.788177709375 0.3990157640625 0.788177709375 0.39408953125 0.793103940625 0.3965516015625 0.8078826359375 0.4088661328125 0.8128088671875
1 0.743841503125 0.7660107140625 0.768472659375 0.7684727828125 0.7758630546874999 0.7635465515625001 0.7783251234375 0.7512320203125 0.7733988921875 0.7438416250000001 0.7389152703125 0.7438416250000001 0.7364532015624999 0.7536940890625 0.743841503125 0.7660107140625
1 0.1502463046875 0.7093600984374999 0.1724133 0.692117240625 0.1798036953125 0.6748764781250001 0.1798036953125 0.6477832515624999 0.1625608375 0.6280783249999999 0.1502463046875 0.6280783249999999 0.1280793109375 0.64039495 0.11083645312499998 0.677340640625 0.11083645312499998 0.692117240625 0.12068891562499999 0.7068959359375 0.1502463046875 0.7093600984374999
1 0 0.7090071828125 0.009851846875 0.7118221671875 0.039409235937499995 0.6995076359375 0.04433546875 0.687193103125 0.036945073437499996 0.672414409375 0.036945073437499996 0.6527094828125 0.0246305421875 0.64039495 0.014778078125 0.620690025 0 0.620690025 0 0.7090071828125
1 0.4513546328125 1 0.438423521875 0.9852206890625 0.4137923640625 0.9852206890625 0.3947924453125 1 0.4513546328125 1
1 0.3037773625 1 0.3004932265625 0.9852206890625 0.28571453125 0.9778323890625 0.2635475375 0.9827586203124999 0.2463046796875 0.9999993843749999 0.24630444843750002 1 0.3037773625 1
1 0.6206899015625 0.1674871921875 0.600984975 0.19704458125 0.60591120625 0.21182327656250002 0.637930665625 0.2192115765625 0.6773405171875 0.2167495078125 0.7142862062499999 0.19458041875 0.7315269703125 0.1748775859375 0.746305665625 0.145320196875 0.751231896875 0.11083657656250001 0.746305665625 0.08128128125 0.7241386703125 0.041871428125 0.71182204375 0.046797659375 0.6724142859375 0.10591034531250001 0.6206899015625 0.1674871921875
1 0.3909073578125 0 0.38423706874999997 0.032018965625 0.3423651484375 0.0665025859375 0.33251268437500003 0.08128128125 0.33251268437500003 0.12068903906249999 0.36453214218749996 0.1576347296875 0.3891633 0.1724134234375 0.41133029531250004 0.1748775859375 0.433497290625 0.1650251234375 0.48768374375 0.08374335000000001 0.5123149015624999 0.0098519703125 0.5123149015624999 0 0.3909073578125 0
1 0.39162536875 0.6059113296875 0.376846675 0.6280783249999999 0.376846675 0.679802709375 0.39162536875 0.7118221671875 0.42364482812500004 0.7487678578125 0.46305467968749997 0.7536940890625 0.48029544375000005 0.7463057875 0.50000036875 0.7266008625 0.5049266015625 0.7167483984375 0.50000036875 0.692117240625 0.46059051718750005 0.6551715515625001 0.4655167484375 0.63300455625 0.46305467968749997 0.6132996312500001 0.438423521875 0.5935967984375 0.4137923640625 0.5935967984375 0.39162536875 0.6059113296875
1 0.6847288171875 0.2142853453125 0.6724142859375 0.2192115765625 0.6305423640625001 0.2684738921875 0.6157636703125 0.2709359609375 0.59605874375 0.2857146546875 0.593596675 0.3103458125 0.6132995078125 0.3399011078125 0.6428568968749999 0.35467980312499997 0.6724142859375 0.35467980312499997 0.68965505 0.347291503125 0.709359975 0.32512241406250003 0.7241386703125 0.29556711875 0.7266007390625 0.26600972968750003 0.7167482765625001 0.238916503125 0.6970433500000001 0.2167495078125 0.6847288171875 0.2142853453125
1 0.3029552953125 0.22413780781249998 0.3103456890625 0.253695196875 0.320196059375 0.263547659375 0.337438915625 0.2709359609375 0.41133029531250004 0.2758621921875 0.428571059375 0.263547659375 0.43103522187500004 0.2290640390625 0.4137923640625 0.18719211875 0.33497475312499997 0.140393965625 0.312807759375 0.140393965625 0.28817660156249997 0.15270849687500002 0.2807883 0.1674871921875 0.2807883 0.18226588593749998 0.3029552953125 0.22413780781249998
1 0.2487688421875 0.460590640625 0.23152807812499998 0.50738879375 0.20197068906250001 0.53201995 0.1847299265625 0.5591131765624999 0.1945802953125 0.5837443343750001 0.22413768437499998 0.6132996312500001 0.2561571421875 0.6280783249999999 0.2734 0.6280783249999999 0.2931028328125 0.6182258625 0.315271921875 0.5862064046875 0.322660221875 0.5147791875000001 0.315271921875 0.4876838671875 0.2955669953125 0.460590640625 0.27832413749999996 0.45320234062500003 0.2586213046875 0.45320234062500003 0.2487688421875 0.460590640625
1 0 0.13054150312499999 0.009851846875 0.13054150312499999 0.08866945781249999 0.13793189687500002 0.0935956890625 0.133005665625 0.08866945781249999 0.11083657656250001 0.06896453125 0.0862075125 0 0.046161943750000003 0 0.13054150312499999
1 0.8891621921875 0 0.8891621921875 0.022166503125 0.9236458125 0.08128128125 0.9384245078125 0.09605997499999999 0.9507390390625 0.10098620625000002 0.9827584968749999 0.09852204375 1 0.09189104375 1 0 0.8891621921875 0
1 0.7610843593750001 0.1576347296875 0.7783251234375 0.18719211875 0.8251232765625 0.22413780781249998 0.852216503125 0.2315261078125 0.8965525859374999 0.2290640390625 0.9039408859375 0.22167573906250002 0.9014788171875001 0.19950665 0.854680665625 0.1256152703125 0.7931038171875 0.051723892187499995 0.7807871921875 0.046797659375 0.7709368234375 0.049261823437500005 0.7561581281249999 0.08374335000000001 0.753693965625 0.12068903906249999 0.7610843593750001 0.1576347296875
1 0.5098528328125 0.736453325 0.5098528328125 0.7610844828125 0.5270935953125 0.775861084375 0.58620628125 0.8078826359375 0.6182257390625 0.8571428578125 0.6428568968749999 0.8596049265625 0.655171428125 0.8546807875000001 0.6847288171875 0.8201971671875 0.6995075125 0.7857135468750001 0.70196958125 0.7512320203125 0.69458128125 0.73152709375 0.655171428125 0.7142863296875 0.593596675 0.6995076359375 0.5541868234375 0.6995076359375 0.5320198281249999 0.7118221671875 0.5098528328125 0.736453325
1 0.438423521875 0.9630536953125001 0.4655167484375 0.960591625 0.4704429796875 0.95566539375 0.4704429796875 0.9310342359374999 0.44581182343750003 0.8842360843750001 0.41133029531250004 0.8448283249999999 0.38423706874999997 0.8399020937499999 0.37192044375 0.8694573890624999 0.37192044375 0.896552709375 0.38423706874999997 0.9310342359374999 0.4014778328125 0.948275 0.438423521875 0.9630536953125001
1 0.5246315265625 0.51970541875 0.5246315265625 0.5344820203125 0.551724753125 0.5788181031249999 0.5541868234375 0.620690025 0.5615772171875 0.63300455625 0.5763538171875 0.64039495 0.640394828125 0.63546871875 0.6502472906250001 0.6280783249999999 0.6502472906250001 0.6034492609375001 0.6132995078125 0.5369461828125 0.600984975 0.4876838671875 0.5911325125 0.475369334375 0.5714275859375 0.475369334375 0.5369460593750001 0.4975363296875 0.5246315265625 0.51970541875
1 0 0.50492663125 0.0320188421875 0.5000004921875 0.049261700000000005 0.48522179843749996 0.0714286953125 0.4384236453125 0.0911336203125 0.41379248750000003 0.09605985156249999 0.38423719218749997 0.0837432265625 0.3719205671875 0.0467975375 0.35221773437500004 0 0.341133334375 0 0.50492663125
1 0.9231974656249999 1 0.90640295625 0.9876848515625 0.8793097296875001 0.9802965515625001 0.8719214281250001 0.9852206890625 0.8698093296874999 1 0.9231974656249999 1
1 0.841205396875 1 0.8300495078125 0.9729061578125 0.82019704375 0.9630536953125001 0.80049211875 0.9630536953125001 0.7906396546875001 0.9802965515625001 0.7906396546875001 1 0.841205396875 1
1 0.58867044375 0.9211817734375 0.593596675 0.889162315625 0.5788179796875 0.8645311578125 0.551724753125 0.8620690890624999 0.5098528328125 0.889162315625 0.492609975 0.9211817734375 0.49753620625000006 0.9507391625 0.5172411328125001 0.960591625 0.529555665625 0.960591625 0.58867044375 0.9211817734375
1 0.3920372640625 1 0.40640406406249996 0.9876848515625 0.4088661328125 0.9729061578125 0.39408953125 0.9458129312500001 0.38177290625000004 0.9408867000000001 0.37438460625 0.960591625 0.37438460625 0.995073153125 0.3842369046875 1 0.3920372640625 1
1 0.3573752046875 1 0.3399009859375 0.8842360843750001 0.3399009859375 0.84729039375 0.330048521875 0.83743793125 0.3103456890625 0.83743793125 0.3029552953125 0.84975455625 0.3029552953125 0.886700246875 0.3103456890625 0.9162555421875 0.31773399062499996 0.9211817734375 0.322660221875 0.9359604687499999 0.315271921875 0.9827586203124999 0.316708090625 1 0.3573752046875 1
1 0.0738907640625 0.9630536953125001 0.0837432265625 0.94334876875 0.0837432265625 0.9211817734375 0.0591141625 0.8596049265625 0.0418713046875 0.8571428578125 0.0344830046875 0.84729039375 0.0197043109375 0.8448283249999999 0.014778078125 0.84975455625 0.0246305421875 0.8596049265625 0.05665 0.9507391625 0.0665024625 0.9630536953125001 0.0738907640625 0.9630536953125001
1 0 0.7733987234375 0.0418713046875 0.7536940890625 0.05418793125 0.7389153937499999 0.06157623125 0.7142863296875 0.0714286953125 0.7093600984374999 0.05665 0.7093600984374999 0.0221684734375 0.72167463125 0 0.7345088 0 0.7733987234375
1 0.0738907640625 0.72167463125 0.06404039375000001 0.7536940890625 0.06404039375000001 0.780787315625 0.0714286953125 0.788177709375 0.0911336203125 0.790639778125 0.10098608437500001 0.780787315625 0.10098608437500001 0.7660107140625 0.08866945781249999 0.7290650249999999 0.0738907640625 0.72167463125
1 0.1985706890625 0.9888907640625 0.14386711875 0.871823153125 0.138128571875 0.9169213046875001 0.16115812812500002 0.9725858374999999 0.1985706890625 0.9888907640625
1 0.095886084375 0.938028940625 0.10453263593749999 0.944753571875 0.11221613281250001 0.9437926109375001 0.1170188421875 0.9313294328125 0.11221613281250001 0.9207630546875001 0.103571675 0.9207630546875001 0.09684704375 0.9265267234375001 0.095886084375 0.938028940625
1 0.1093353453125 0.9773885468750001 0.111255171875 0.98312709375 0.1246793109375 0.9898517234374999 0.1342847296875 0.9898517234374999 0.1342847296875 0.9802463046875 0.128523153125 0.967783128125 0.1170188421875 0.96970505 0.1093353453125 0.9773885468750001
1 0.0575125609375 0.84305505 0.065196059375 0.8535963046875 0.07288164999999999 0.854557265625 0.07670036875 0.8487935953125 0.0776592359375 0.84305505 0.06615702031250001 0.8324886703125 0.0575125609375 0.83633041875 0.0575125609375 0.84305505
1 0.2734 0.793103940625 0.2512309109375 0.798030171875 0.229063915625 0.83004963125 0.226601846875 0.8571428578125 0.24137844843749998 0.9162555421875 0.2536950734375 0.9137934734375 0.2734 0.889162315625 0.28325036875 0.798030171875 0.2734 0.793103940625
1 0.6674880546875 0.8620690890624999 0.6502472906250001 0.8793098515625 0.6256161328125 0.8940885468750001 0.6157636703125 0.9064030781250001 0.6157636703125 0.9162555421875 0.6280782015625 0.9334983984375 0.655171428125 0.9507391625 0.69458128125 0.960591625 0.70443374375 0.95566539375 0.7142862062499999 0.9310342359374999 0.7192124390625 0.886700246875 0.709359975 0.8546807875000001 0.6921192125 0.8423641625 0.6699501234375 0.852216625 0.6674880546875 0.8620690890624999
1 0.8078825125 0.889162315625 0.7881775859375 0.8768477828125001 0.766010590625 0.8793098515625 0.7610843593750001 0.8940885468750001 0.7790641625 0.9086201968750001 0.7940878078125 0.9147774625 0.80049211875 0.9211817734375 0.8103445812500001 0.9285721671875 0.8152708125 0.899014778125 0.8078825125 0.889162315625
1 0.862068965625 0.960591625 0.8793097296875001 0.9458129312500001 0.874383496875 0.9211817734375 0.8729054187499999 0.918472659375 0.8637940890625 0.911084359375 0.8581288171875 0.9064030781250001 0.8399019703124999 0.9014768468750001 0.82019704375 0.9261080046875 0.8251232765625 0.948275 0.8472902703124999 0.960591625 0.862068965625 0.960591625
1 0.9556652703124999 0.95566539375 0.9556652703124999 0.908867240625 0.92118165 0.8596049265625 0.8965525859374999 0.8423641625 0.8571427343750001 0.8423641625 0.852216503125 0.84975455625 0.854680665625 0.8842360843750001 0.874383496875 0.9261080046875 0.9162554187499999 0.9581274625 0.9359603453125 0.9630536953125001 0.9556652703124999 0.95566539375
1 0.4581284484375 0.790639778125 0.46059051718750005 0.8054184734375 0.477833375 0.8152709359375001 0.49014790625 0.8152709359375001 0.5049266015625 0.7857135468750001 0.5049266015625 0.7709369453125 0.49014790625 0.7709369453125 0.4581284484375 0.790639778125
1 0.2955669953125 0.793103940625 0.337438915625 0.7561582515625 0.3448272171875 0.7438416250000001 0.3448272171875 0.73152709375 0.327586453125 0.7118221671875 0.312807759375 0.7093600984374999 0.261083375 0.7536940890625 0.2561571421875 0.7684727828125 0.26847376875 0.7857135468750001 0.2807883 0.793103940625 0.2955669953125 0.793103940625
1 0.2389163796875 0.793103940625 0.2512309109375 0.7339891625 0.2364522171875 0.7167483984375 0.216749384375 0.72413879375 0.1822657640625 0.7512320203125 0.16748706875 0.7709369453125 0.16995123125 0.790639778125 0.20197068906250001 0.8152709359375001 0.226601846875 0.8128088671875 0.2389163796875 0.793103940625
1 0.113300615625 0.6009850984375 0.09605985156249999 0.5985230296874999 0.0591141625 0.6108375609375 0.0418713046875 0.620690025 0.0418713046875 0.64039495 0.049261700000000005 0.6453211828125001 0.0665024625 0.6428570203125 0.105912315625 0.6182258625 0.113300615625 0.6009850984375
1 0.22167561562500002 0.6502453203125 0.2389163796875 0.6502453203125 0.2586213046875 0.64039495 0.2561571421875 0.63300455625 0.216749384375 0.6132996312500001 0.204432759375 0.620690025 0.20935899062500002 0.6428570203125 0.22167561562500002 0.6502453203125
1 0.261083375 0.6453211828125001 0.2586213046875 0.6748764781250001 0.27586206875 0.6970434734375 0.3029552953125 0.7019697046875 0.327586453125 0.687193103125 0.330048521875 0.669950246875 0.2906407640625 0.6428570203125 0.2709358375 0.6379307875 0.261083375 0.6453211828125001
1 0.4088661328125 0.736453325 0.36453214218749996 0.677340640625 0.3497534484375 0.6748764781250001 0.3399009859375 0.684728940625 0.337438915625 0.6970434734375 0.36453214218749996 0.7438416250000001 0.376846675 0.7561582515625 0.4014778328125 0.7561582515625 0.4088661328125 0.7487678578125 0.4088661328125 0.736453325
1 0.6995075125 0.6650240140625 0.6773405171875 0.6650240140625 0.6625618234374999 0.672414409375 0.647783128125 0.687193103125 0.645321059375 0.7019697046875 0.6625618234374999 0.7044338671875 0.6798025859375 0.6995076359375 0.6995075125 0.677340640625 0.6995075125 0.6650240140625
1 0.80049211875 0.7487678578125 0.8152708125 0.7463057875 0.81280874375 0.74137955625 0.8325115765625 0.7167483984375 0.8448282015625 0.687193103125 0.8423640390625 0.6625619453125 0.8177349749999999 0.6453211828125001 0.80295628125 0.6502453203125 0.7832513546875 0.6896551718749999 0.763546428125 0.7142863296875 0.768472659375 0.7266008625 0.80049211875 0.7487678578125
1 0.9532011078125 0.5985230296874999 0.9359603453125 0.5566511078125 0.9113291875 0.5394082515624999 0.8965525859374999 0.5467986453125 0.8719214281250001 0.6502453203125 0.8793097296875001 0.684728940625 0.8965525859374999 0.7167483984375 0.9088671187499999 0.7142863296875 0.9556652703124999 0.6379307875 0.9532011078125 0.5985230296874999
1 1 0.639162409375 0.9975371921875 0.63546871875 0.975370196875 0.6280783249999999 0.960591503125 0.63546871875 0.960591503125 0.6527094828125 0.9802964281250001 0.672414409375 0.9950730296874999 0.6650240140625 1 0.65024589375 1 0.639162409375
1 0.874383496875 0.5591131765624999 0.852216503125 0.5369461828125 0.8399019703124999 0.53201995 0.8300495078125 0.5369461828125 0.8103445812500001 0.6083733984374999 0.8152708125 0.6280783249999999 0.8399019703124999 0.620690025 0.866995196875 0.6009850984375 0.8793097296875001 0.5837443343750001 0.874383496875 0.5591131765624999
1 0.6773405171875 0.6477832515624999 0.6921192125 0.6502453203125 0.70196958125 0.6625619453125 0.70196958125 0.6527094828125 0.7241386703125 0.6379307875 0.7315269703125 0.6182258625 0.7241386703125 0.5862064046875 0.69458128125 0.5591131765624999 0.6748763546875 0.5591131765624999 0.6502472906250001 0.5788181031249999 0.647783128125 0.6083733984374999 0.652709359375 0.62315209375 0.6773405171875 0.6477832515624999
1 0.5172411328125001 0.6674881765625 0.529555665625 0.6625619453125 0.549260590625 0.61576379375 0.546798521875 0.5985230296874999 0.5320198281249999 0.5911326359375 0.5147790640625 0.5935967984375 0.49507413749999996 0.6132996312500001 0.50000036875 0.6280783249999999 0.49014790625 0.6428570203125 0.49014790625 0.6527094828125 0.5172411328125001 0.6674881765625
1 0.1970444578125 0.5098529562499999 0.1871919953125 0.5098529562499999 0.16009876875 0.5246295562500001 0.15763460625 0.5418724140625 0.16748706875 0.5517248765625 0.1798036953125 0.5541869453125 0.20197068906250001 0.5369461828125 0.204432759375 0.51724125625 0.1970444578125 0.5098529562499999
1 0.0738907640625 0.5246295562500001 0.05665 0.5369461828125 0.05665 0.5517248765625 0.0714286953125 0.571427709375 0.08866945781249999 0.571427709375 0.103448153125 0.5591131765624999 0.105912315625 0.5394082515624999 0.09605985156249999 0.5246295562500001 0.0738907640625 0.5246295562500001
1 0.226601846875 0.475369334375 0.216749384375 0.46551687187499996 0.15517253749999999 0.44581194531249996 0.13793177343750002 0.44581194531249996 0.113300615625 0.460590640625 0.118226846875 0.47290726562499996 0.1822657640625 0.4950742609375 0.206896921875 0.5147791875000001 0.216749384375 0.5147791875000001 0.226601846875 0.5049267234375 0.226601846875 0.475369334375
1 0.3054194578125 0.47290726562499996 0.31773399062499996 0.48522179843749996 0.33251268437500003 0.4827576359375 0.337438915625 0.460590640625 0.32512229062500003 0.4433498765625 0.3004932265625 0.4433498765625 0.29802906406249996 0.458128571875 0.3054194578125 0.47290726562499996
1 0.4532022171875 0.4408857140625 0.4482759859375 0.44581194531249996 0.4507380546875 0.47783349687500004 0.47536921249999997 0.5098529562499999 0.49753620625000006 0.5098529562499999 0.50000036875 0.4950742609375 0.49014790625 0.47290726562499996 0.46798091093750005 0.4408857140625 0.4532022171875 0.4408857140625
1 0.50000036875 0.5024625609375 0.49507413749999996 0.5443344828125001 0.5073886703125 0.5541869453125 0.5221673640625 0.5443344828125001 0.529555665625 0.4975363296875 0.5221673640625 0.49261009843750003 0.5073886703125 0.49261009843750003 0.50000036875 0.5024625609375
1 0.4729071421875 0.5443344828125001 0.4655167484375 0.5541869453125 0.4655167484375 0.568965640625 0.48029544375000005 0.5837443343750001 0.5049266015625 0.581280171875 0.5147790640625 0.571427709375 0.5147790640625 0.5566511078125 0.48275960625 0.5418724140625 0.4729071421875 0.5443344828125001
1 0.6822667484375 0.5024625609375 0.655171428125 0.5024625609375 0.6256161328125 0.53201995 0.6256161328125 0.5591131765624999 0.640394828125 0.573891871875 0.660097659375 0.573891871875 0.6798025859375 0.5517248765625 0.68965505 0.5295557875 0.6822667484375 0.5024625609375
1 0.751231896875 0.5517248765625 0.7216745078125 0.5591131765624999 0.7192124390625 0.5788181031249999 0.7266007390625 0.5886705671875 0.743841503125 0.5935967984375 0.753693965625 0.5862064046875 0.7610843593750001 0.573891871875 0.7610843593750001 0.5566511078125 0.751231896875 0.5517248765625
1 0.8349757390624999 0.512315025 0.8497544328125001 0.5221674875 0.9113291875 0.51724125625 0.9482748765625001 0.49014802968750004 0.9655177343749999 0.48522179843749996 0.9778322656249999 0.45320234062500003 0.9778322656249999 0.4310353453125 0.960591503125 0.42364495 0.9334982765625 0.4261091140625 0.874383496875 0.45073817656250004 0.8374378078125 0.4876838671875 0.8349757390624999 0.512315025
1 0.9384245078125 0.3743847296875 0.960591503125 0.35467980312499997 0.958127340625 0.344827340625 0.9310341140625 0.3423652703125 0.9113291875 0.347291503125 0.90640295625 0.357141871875 0.90640295625 0.3866992609375 0.92118165 0.41133041875 0.9359603453125 0.40886625624999995 0.9384245078125 0.3743847296875
1 0.7881775859375 0.42118288125000003 0.7881775859375 0.43596157656249995 0.8152708125 0.45073817656250004 0.8399019703124999 0.44581194531249996 0.854680665625 0.43596157656249995 0.854680665625 0.4261091140625 0.8472902703124999 0.41871871875 0.7931038171875 0.41625664999999995 0.7881775859375 0.42118288125000003
1 0.7266007390625 0.22167573906250002 0.7290649015625 0.2906408859375 0.7241386703125 0.31773411406249996 0.7290649015625 0.347291503125 0.7266007390625 0.38177302968750004 0.7216745078125 0.3866992609375 0.7266007390625 0.3965517234375 0.7266007390625 0.4384236453125 0.7364532015624999 0.44581194531249996 0.763546428125 0.44581194531249996 0.7807871921875 0.43349741406250003 0.7857134234375 0.29802918749999996 0.7807871921875 0.246304803125 0.7733988921875 0.2192115765625 0.7339911328125 0.2142853453125 0.7266007390625 0.22167573906250002
1 0.90640295625 0.3103458125 0.874383496875 0.3103458125 0.862068965625 0.31773411406249996 0.862068965625 0.32512241406250003 0.876847659375 0.3399011078125 0.8940884234375 0.347291503125 0.9261078812499999 0.344827340625 0.9433507390625 0.32512241406250003 0.9310341140625 0.31526995 0.90640295625 0.3103458125
1 0.7167482765625001 0.38423719218749997 0.6995075125 0.3891634234375 0.6724142859375 0.42364495 0.6798025859375 0.43596157656249995 0.6995075125 0.44581194531249996 0.7142862062499999 0.44581194531249996 0.7241386703125 0.43349741406250003 0.7241386703125 0.3940896546875 0.7167482765625001 0.38423719218749997
1 0.647783128125 0.357141871875 0.637930665625 0.3743847296875 0.6428568968749999 0.4064041875 0.655171428125 0.41625664999999995 0.6798025859375 0.41379248750000003 0.6995075125 0.3916254921875 0.6970433500000001 0.3743847296875 0.6798025859375 0.357141871875 0.647783128125 0.357141871875
1 0.6724142859375 0.42857118281249995 0.655171428125 0.42857118281249995 0.6502472906250001 0.43349741406250003 0.6502472906250001 0.44581194531249996 0.657635590625 0.458128571875 0.6921192125 0.4802955671875 0.7068958125 0.47290726562499996 0.7068958125 0.458128571875 0.6995075125 0.44581194531249996 0.6724142859375 0.42857118281249995
1 0.5812800499999999 0.460590640625 0.6132995078125 0.460590640625 0.6206899015625 0.44581194531249996 0.6206899015625 0.41871871875 0.6108374390625 0.41379248750000003 0.5714275859375 0.41625664999999995 0.5738917484375 0.45320234062500003 0.5812800499999999 0.460590640625
1 0.5837442125 0.3719205671875 0.59605874375 0.3891634234375 0.60837536875 0.3891634234375 0.6206899015625 0.3768467984375 0.6206899015625 0.35467980312499997 0.6132995078125 0.347291503125 0.5837442125 0.359606034375 0.5837442125 0.3719205671875
1 0.5172411328125001 0.40886625624999995 0.5049266015625 0.42118288125000003 0.50000036875 0.47044310312500004 0.5073886703125 0.49014802968750004 0.5246315265625 0.49261009843750003 0.539408128125 0.47044310312500004 0.539408128125 0.42857118281249995 0.534481896875 0.41379248750000003 0.5172411328125001 0.40886625624999995
1 0.433497290625 0.38177302968750004 0.42610899062499996 0.3891634234375 0.42610899062499996 0.4064041875 0.438423521875 0.4261091140625 0.4581284484375 0.43596157656249995 0.4729071421875 0.43596157656249995 0.48029544375000005 0.4261091140625 0.477833375 0.39901379375 0.433497290625 0.38177302968750004
1 0.33251268437500003 0.4384236453125 0.3497534484375 0.42857118281249995 0.3596059109375 0.41379248750000003 0.3596059109375 0.3916254921875 0.35221761093750004 0.38423719218749997 0.31773399062499996 0.38177302968750004 0.29802906406249996 0.3866992609375 0.28817660156249997 0.39901379375 0.2906407640625 0.4310353453125 0.3078815265625 0.4433498765625 0.33251268437500003 0.4384236453125
1 0.06896453125 0.29802918749999996 0.0714286953125 0.31526995 0.08866945781249999 0.3374390390625 0.105912315625 0.3374390390625 0.12315307812500001 0.3226603453125 0.12315307812500001 0.31280788125000003 0.103448153125 0.29802918749999996 0.0837432265625 0.29310295625 0.06896453125 0.29802918749999996
1 0 0.21982660156249997 0.002463546875 0.22413780781249998 0.0418713046875 0.2339902703125 0.0591141625 0.22167573906250002 0.0591141625 0.2019708125 0.0418713046875 0.18226588593749998 0.007389778125 0.1674871921875 0 0.1674871921875 0 0.21982660156249997
1 0.44581182343750003 0.256157265625 0.40393990156250004 0.2758621921875 0.3990157640625 0.2906408859375 0.4088661328125 0.31526995 0.4187185953125 0.3201961828125 0.435961453125 0.31773411406249996 0.45566428593749997 0.2881767234375 0.4581284484375 0.2684738921875 0.44581182343750003 0.256157265625
1 0.58620628125 0.2832504921875 0.5837442125 0.253695196875 0.544334359375 0.251231034375 0.5369460593750001 0.261083496875 0.539408128125 0.2906408859375 0.5763538171875 0.29556711875 0.58620628125 0.2832504921875
1 0.647783128125 0.2315261078125 0.645321059375 0.22167573906250002 0.6182257390625 0.2142853453125 0.58620628125 0.19458041875 0.5738917484375 0.19704458125 0.5714275859375 0.22413780781249998 0.5812800499999999 0.246304803125 0.593596675 0.258621428125 0.6132995078125 0.261083496875 0.640394828125 0.246304803125 0.647783128125 0.2315261078125
1 0.748767734375 0.1600988921875 0.7315269703125 0.18226588593749998 0.7315269703125 0.2019708125 0.7413794328125001 0.21182327656250002 0.768472659375 0.2142853453125 0.7758630546874999 0.19950665 0.7758630546874999 0.18473005 0.758620196875 0.1600988921875 0.748767734375 0.1600988921875
1 0.7955658859375 0.2339902703125 0.7832513546875 0.246304803125 0.7832513546875 0.2807884234375 0.80049211875 0.30295541875 0.8226591140625 0.30788165 0.8423640390625 0.29556711875 0.8448282015625 0.26600972968750003 0.8275853453125 0.24137857187499998 0.7955658859375 0.2339902703125
1 0.9359603453125 0.24384273437499998 0.9162554187499999 0.22413780781249998 0.90640295625 0.22413780781249998 0.9039408859375 0.246304803125 0.9113291875 0.2733980296875 0.9384245078125 0.31773411406249996 0.958127340625 0.3275865765625 0.975370196875 0.32512241406250003 0.975370196875 0.30541958125 0.9359603453125 0.24384273437499998
1 0.1403938421875 0.142858128125 0.098521921875 0.13546773437499998 0.0837432265625 0.14778226562500002 0.103448153125 0.1625609609375 0.13793177343750002 0.1600988921875 0.1477842359375 0.150246428125 0.1403938421875 0.142858128125
1 0.15763460625 0.0935958125 0.152708375 0.13054150312499999 0.16009876875 0.15270849687500002 0.1724133 0.1650251234375 0.1970444578125 0.1674871921875 0.21182315312500002 0.145320196875 0.206896921875 0.12068903906249999 0.17733953125 0.0935958125 0.15763460625 0.0935958125
1 0.1428580046875 0.027092734375 0.118226846875 0.0073899015625 0.09605985156249999 0.0073899015625 0.0911336203125 0.0123161328125 0.0911336203125 0.039409359375 0.105912315625 0.0615763546875 0.1477842359375 0.08866958124999999 0.165025 0.08866958124999999 0.16748706875 0.0738908859375 0.1428580046875 0.027092734375
1 0.45566428593749997 0.1674871921875 0.440887684375 0.1674871921875 0.4187185953125 0.1798038171875 0.421182759375 0.2019708125 0.43103522187500004 0.22413780781249998 0.438423521875 0.22413780781249998 0.4581284484375 0.2019708125 0.46059051718750005 0.1748775859375 0.45566428593749997 0.1674871921875
1 0.541872290625 0.155172659375 0.541872290625 0.13793189687500002 0.5246315265625 0.1280794328125 0.5147790640625 0.13793189687500002 0.5123149015624999 0.15270849687500002 0.5270935953125 0.1625609609375 0.541872290625 0.155172659375
1 0.5615772171875 0.10098620625000002 0.5640392859375 0.08866958124999999 0.549260590625 0.0640384234375 0.5197052953125 0.0640384234375 0.492609975 0.08128128125 0.49014790625 0.1157628078125 0.5024624390625 0.133005665625 0.5147790640625 0.133005665625 0.539408128125 0.11083657656250001 0.5615772171875 0.10098620625000002
1 0.5541877265624999 0 0.539408128125 0.014778201562500001 0.534481896875 0.041871428125 0.544334359375 0.0615763546875 0.5738917484375 0.0665025859375 0.593596675 0.044335590625 0.600984975 0.0172423640625 0.5935968859375 0 0.5541877265624999 0
1 0.6477826359375001 0 0.637930665625 0.0098519703125 0.6108374390625 0.0689646546875 0.5541868234375 0.14778226562500002 0.5566509859375001 0.155172659375 0.539408128125 0.1748775859375 0.5320198281249999 0.19704458125 0.539408128125 0.2167495078125 0.5541868234375 0.2167495078125 0.5763538171875 0.18965418750000002 0.6231519703124999 0.09605997499999999 0.6724142859375 0.022166503125 0.6724142859375 0.0024636703125 0.670772071875 0 0.6477826359375001 0
1 1 0.1263185140625 0.9876847296875001 0.140393965625 0.9876847296875001 0.150246428125 0.9928580046875 0.1576347296875 1 0.1612057265625 1 0.1263185140625
1 1 0.08916336875 0.9901467984375 0.10098620625000002 1 0.1075536140625 1 0.08916336875
1 0.314039859375 0 0.3472913796875 0.022166503125 0.3596059109375 0.022166503125 0.36453214218749996 0.0172423640625 0.36453214218749996 0 0.314039859375 0
1 0.2206043796875 0 0.273178078125 0.0430543109375 0.3075863296875 0.044260221875 0.3059847296875 0.038645196874999996 0.2598657765625 0 0.2206043796875 0
1 0.2939905171875 0.08184655156250001 0.29958041875 0.0610592359375 0.292388915625 0.0554442125 0.278793103125 0.0554442125 0.253596675 0.1078573890625 0.252782265625 0.11903928593749999 0.264778571875 0.133843103125 0.27719150312499996 0.1142365765625 0.28758620625 0.10103435937500001 0.2939905171875 0.08184655156250001
1 0.176797290625 0.027856896875 0.19280702031250002 0.051453817187499994 0.21078891562500002 0.067044828125 0.2183991375 0.0626608375 0.21598522187500002 0.0446559109375 0.2064049265625 0.025468103125000002 0.1944086203125 0.011872290625 0.17921120625 0.012659482812500001 0.176797290625 0.027856896875
1 0.4655167484375 0.29802918749999996 0.4482759859375 0.3226603453125 0.438423521875 0.349753571875 0.435961453125 0.369458496875 0.4482759859375 0.38423719218749997 0.4729071421875 0.3916254921875 0.5123149015624999 0.3916254921875 0.529555665625 0.38423719218749997 0.541872290625 0.35221773437500004 0.5369460593750001 0.30788165 0.5221673640625 0.2857146546875 0.5049266015625 0.2807884234375 0.485221675 0.2832504921875 0.4655167484375 0.29802918749999996
4 0.20087645781250002 1 0.2032017234375 0.9989169953125 0.0776592359375 0.7117488921875 0 0.7392732 0 0.898619140625 0.042537000000000005 1 0.20087645781250002 1
4 1 0.7329994921874999 0.9049269703125 0.77504876875 1 0.8811358296874999 1 0.7329994921874999
4 0.12993829375 0 0.2483501234375 0.154284975 0.308030171875 0.03886711875 0.276844315625 0 0.12993829375 0
4 0.932782265625 0.094581896875 0.829335590625 0.0826609609375 0.9825365765624999 0.32539458125 0.9845066499999999 0.14433411406250002 0.932782265625 0.094581896875
1 0.8891621921875 0.8078826359375 0.8965525859374999 0.780787315625 0.8940884234375 0.7512320203125 0.876847659375 0.7339891625 0.8448282015625 0.7266008625 0.8300495078125 0.7463057875 0.8300495078125 0.795566009375 0.8472902703124999 0.8152709359375001 0.859606896875 0.8201971671875 0.8793097296875001 0.8177330046875 0.8891621921875 0.8078826359375
1 0.7192124390625 0.8152709359375001 0.7266007390625 0.8201971671875 0.743841503125 0.8152709359375001 0.7561581281249999 0.788177709375 0.7364532015624999 0.7684727828125 0.71182204375 0.7660107140625 0.7068958125 0.783251478125 0.7192124390625 0.8152709359375001
1 0.337438915625 0.8152709359375001 0.35467967968749997 0.8177330046875 0.376846675 0.790639778125 0.39408953125 0.780787315625 0.39408953125 0.7660107140625 0.369458375 0.7610844828125 0.33251268437500003 0.7684727828125 0.320196059375 0.780787315625 0.3103456890625 0.82758546875 0.320196059375 0.83004963125 0.337438915625 0.8152709359375001
1 1 0.5584979015625 0.9926109609375 0.5517248765625 0.9458128078125 0.5295557875 0.9384245078125 0.5394082515624999 0.9384245078125 0.571427709375 0.9532011078125 0.5985230296874999 0.9556652703124999 0.61576379375 0.960591503125 0.620690025 0.9950730296874999 0.620690025 1 0.6182265390625 1 0.5584979015625
1 0.38177290625000004 0.50738879375 0.37192044375 0.5024625609375 0.35221761093750004 0.50738879375 0.32512229062500003 0.5467986453125 0.33497475312499997 0.571427709375 0.3596059109375 0.5837443343750001 0.4014778328125 0.576353940625 0.40640406406249996 0.571427709375 0.40393990156250004 0.5344820203125 0.38177290625000004 0.50738879375
1 0.7192124390625 0.5024625609375 0.7216745078125 0.5147791875000001 0.758620196875 0.5443344828125001 0.80049211875 0.561577340625 0.8152708125 0.5566511078125 0.81280874375 0.51724125625 0.7931038171875 0.4876838671875 0.743841503125 0.49261009843750003 0.7192124390625 0.5024625609375
1 0.41133029531250004 0.344827340625 0.41133029531250004 0.3275865765625 0.3866991375 0.2881767234375 0.35221761093750004 0.29556711875 0.312807759375 0.32512241406250003 0.320196059375 0.349753571875 0.337438915625 0.369458496875 0.36206797968750004 0.38423719218749997 0.3891633 0.3793109609375 0.41133029531250004 0.344827340625
1 0.8423640390625 0.246304803125 0.8423640390625 0.263547659375 0.8571427343750001 0.2832504921875 0.8842359609375 0.2857146546875 0.90640295625 0.2684738921875 0.90640295625 0.24384273437499998 0.8990146546875 0.236452340625 0.852216503125 0.236452340625 0.8423640390625 0.246304803125
1 0.7676526234375001 0 0.7709368234375 0.014778201562500001 0.7931038171875 0.049261823437500005 0.8300495078125 0.0640384234375 0.876847659375 0.0566501234375 0.8842359609375 0.049261823437500005 0.885685490625 0 0.7676526234375001 0
5 0.6699501234375 0.6995076359375 0.6650238921875 0.7142863296875 0.6798025859375 0.7167483984375 0.6798025859375 0.6995076359375 0.6699501234375 0.6995076359375
5 0.49753620625000006 0.5837443343750001 0.48029544375000005 0.5837443343750001 0.48029544375000005 0.5960588671875 0.49507413749999996 0.5960588671875 0.49753620625000006 0.5837443343750001
5 0.2807883 0.7142863296875 0.2955669953125 0.7192125609375 0.3004932265625 0.7118221671875 0.29802906406249996 0.7019697046875 0.28325036875 0.7019697046875 0.2807883 0.7142863296875
5 0.4729071421875 0.8152709359375001 0.47536921249999997 0.83004963125 0.49014790625 0.82758546875 0.49014790625 0.8152709359375001 0.4729071421875 0.8152709359375001
5 0.0270926109375 0 0.0270926109375 0.0098519703125 0.039409235937499995 0.014778201562500001 0.04433546875 0.0073899015625 0.04248720625 0 0.0270926109375 0
5 0.219211453125 0.83004963125 0.22167561562500002 0.8128088671875 0.206896921875 0.8128088671875 0.20197068906250001 0.8177330046875 0.204432759375 0.82758546875 0.21182315312500002 0.8325117000000001 0.219211453125 0.83004963125
5 0 0.22249663281249998 0.012316009375 0.2266019703125 0.014778078125 0.21182327656250002 0 0.2093592171875 0 0.22249663281249998
5 0.3571438421875 0.581280171875 0.35467967968749997 0.5985230296874999 0.369458375 0.5985230296874999 0.37192044375 0.5862064046875 0.3571438421875 0.581280171875
5 0.08866945781249999 0.347291503125 0.0935956890625 0.35467980312499997 0.105912315625 0.35467980312499997 0.108374384375 0.3399011078125 0.0911336203125 0.3374390390625 0.08866945781249999 0.347291503125
5 0.0862073890625 0.568965640625 0.0714286953125 0.573891871875 0.0738907640625 0.5886705671875 0.08866945781249999 0.5837443343750001 0.0862073890625 0.568965640625
5 0.7364532015624999 0.5960588671875 0.7339911328125 0.6108375609375 0.746305665625 0.6132996312500001 0.748767734375 0.5985230296874999 0.7364532015624999 0.5960588671875
5 0.3423651484375 0.82758546875 0.3497534484375 0.8325117000000001 0.3596059109375 0.83004963125 0.36206797968750004 0.8177330046875 0.3472913796875 0.8128088671875 0.3423651484375 0.82758546875
1 0.923693965625 0.20884199531249997 0.9708124390625 0.1933242609375 0.9638679796874999 0.1451233984375 0.923693965625 0.20884199531249997
2 0.28325036875 0.19704458125 0.26847376875 0.1724134234375 0.2339901484375 0.150246428125 0.20935899062500002 0.155172659375 0.1995065265625 0.1773396546875 0.16009876875 0.2192115765625 0.13793177343750002 0.256157265625 0.1280793109375 0.3374390390625 0.115762684375 0.357141871875 0.108374384375 0.3965517234375 0.12068891562499999 0.4261091140625 0.1453200734375 0.4433498765625 0.1748774625 0.4408857140625 0.1945802953125 0.45320234062500003 0.226601846875 0.45073817656250004 0.2586213046875 0.4261091140625 0.2734 0.3965517234375 0.26600960625000003 0.31773411406249996 0.28325036875 0.19704458125
1 0.859606896875 0.41133041875 0.8842359609375 0.38423719218749997 0.8842359609375 0.357141871875 0.859606896875 0.3374390390625 0.8251232765625 0.3374390390625 0.8152708125 0.344827340625 0.8152708125 0.36453226562499996 0.8251232765625 0.38177302968750004 0.8275853453125 0.403940025 0.8374378078125 0.41379248750000003 0.859606896875 0.41133041875
1 0.763546428125 0.467981034375 0.7610843593750001 0.455664409375 0.7413794328125001 0.45320234062500003 0.7364532015624999 0.463054803125 0.7389152703125 0.475369334375 0.758620196875 0.47783349687500004 0.763546428125 0.467981034375
1 0.49507413749999996 0.12315320156250001 0.4729071421875 0.12315320156250001 0.4581284484375 0.13793189687500002 0.4581284484375 0.1650251234375 0.46305467968749997 0.1748775859375 0.492609975 0.19950665 0.5172411328125001 0.19704458125 0.5221673640625 0.1773396546875 0.5024624390625 0.1280794328125 0.49507413749999996 0.12315320156250001
1 0.758620196875 0.6305424875 0.7881775859375 0.6280783249999999 0.7832513546875 0.6059113296875 0.7610843593750001 0.6059113296875 0.7561581281249999 0.6108375609375 0.758620196875 0.6305424875
1 0.82019704375 0.790639778125 0.81280874375 0.7857135468750001 0.7955658859375 0.788177709375 0.7955658859375 0.8054184734375 0.80049211875 0.8103447046875001 0.8177349749999999 0.8103447046875001 0.82019704375 0.790639778125
1 0 0.5862077593749999 0.014778078125 0.5935967984375 0.0246305421875 0.5862064046875 0.0270926109375 0.573891871875 0.014778078125 0.5640394093750001 0.004925615625 0.5640394093750001 0 0.5673236187499999 0 0.5862077593749999
1 0.5908248078125 1 0.5911325125 0.997537315625 0.5788179796875 0.9926110843749999 0.5640392859375 0.997537315625 0.563546915625 1 0.5908248078125 1
1 0.4482759859375 0.566501478125 0.44581182343750003 0.5467986453125 0.421182759375 0.5492607140625 0.421182759375 0.561577340625 0.428571059375 0.571427709375 0.44334975312499997 0.571427709375 0.4482759859375 0.566501478125
1 0.22167561562500002 0.9655178578125 0.23152807812499998 0.9704440890624999 0.2463046796875 0.9679799265625 0.2512309109375 0.9458129312500001 0.24384261093749998 0.9408867000000001 0.22413768437499998 0.94334876875 0.219211453125 0.95566539375 0.22167561562500002 0.9655178578125
1 0.5714275859375 0.369458496875 0.5763538171875 0.35221773437500004 0.5566509859375001 0.344827340625 0.549260590625 0.35221773437500004 0.551724753125 0.366994334375 0.5615772171875 0.3719205671875 0.5714275859375 0.369458496875
1 0.115762684375 0.8251233984375 0.105912315625 0.8152709359375001 0.09605985156249999 0.8152709359375001 0.0911336203125 0.8201971671875 0.0935956890625 0.8349758625 0.113300615625 0.8423641625 0.115762684375 0.8251233984375
1 0.315271921875 0.6256162562500001 0.315271921875 0.6453211828125001 0.3448272171875 0.6453211828125001 0.3448272171875 0.6256162562500001 0.315271921875 0.6256162562500001
1 0.4704429796875 0.8719215515625001 0.492609975 0.8743836203124999 0.49753620625000006 0.8694573890624999 0.49753620625000006 0.8546807875000001 0.4729071421875 0.84975455625 0.4704429796875 0.8719215515625001
1 0.108374384375 0.5147791875000001 0.1330055421875 0.51970541875 0.1403938421875 0.50738879375 0.13793177343750002 0.4950742609375 0.1330055421875 0.49014802968750004 0.113300615625 0.49014802968750004 0.108374384375 0.4950742609375 0.108374384375 0.5147791875000001
1 0.6724142859375 0.4802955671875 0.6674880546875 0.475369334375 0.647783128125 0.47783349687500004 0.647783128125 0.5000004921875 0.6625618234374999 0.5024625609375 0.6724142859375 0.4975363296875 0.6724142859375 0.4802955671875
1 0.9532011078125 0.6995076359375 0.9458128078125 0.7068959359375 0.9458128078125 0.72167463125 0.9704439656250001 0.72167463125 0.9704439656250001 0.6995076359375 0.9532011078125 0.6995076359375
1 0.37438460625 0.40886625624999995 0.39162536875 0.41133041875 0.3965516015625 0.4064041875 0.3965516015625 0.3866992609375 0.37192044375 0.3866992609375 0.37438460625 0.40886625624999995
1 0.70443374375 0.38423719218749997 0.7192124390625 0.38423719218749997 0.7241386703125 0.3793109609375 0.7241386703125 0.366994334375 0.70196958125 0.347291503125 0.6871929796875 0.349753571875 0.6847288171875 0.36206810312500004 0.70443374375 0.38423719218749997
1 0.6428568968749999 0.4802955671875 0.6330044328125 0.475369334375 0.6034491375 0.47783349687500004 0.6034491375 0.4950742609375 0.60837536875 0.5000004921875 0.6428568968749999 0.4975363296875 0.6428568968749999 0.4802955671875
1 0.11083645312499998 0.467981034375 0.0714286953125 0.46551687187499996 0.06404039375000001 0.475369334375 0.0714286953125 0.49014802968750004 0.103448153125 0.49014802968750004 0.11083645312499998 0.48522179843749996 0.11083645312499998 0.467981034375
1 0.5738917484375 0.6502453203125 0.5541868234375 0.6502453203125 0.529555665625 0.6625619453125 0.5197052953125 0.684728940625 0.5221673640625 0.7019697046875 0.546798521875 0.6995076359375 0.5689655171875 0.6896551718749999 0.5763538171875 0.682266871875 0.5738917484375 0.6502453203125
1 0.7832513546875 0.47783349687500004 0.8054183500000001 0.4827576359375 0.8251232765625 0.47783349687500004 0.82019704375 0.460590640625 0.7955658859375 0.4408857140625 0.7807871921875 0.44581194531249996 0.7783251234375 0.47044310312500004 0.7832513546875 0.47783349687500004
1 0.7955658859375 0.41871871875 0.8177349749999999 0.41133041875 0.8177349749999999 0.3965517234375 0.8103445812500001 0.3891634234375 0.7832513546875 0.3891634234375 0.7783251234375 0.3940896546875 0.7832513546875 0.41625664999999995 0.7955658859375 0.41871871875
1 0.28817660156249997 0.3891634234375 0.3064034484375 0.3827591140625 0.320196059375 0.3768467984375 0.31773399062499996 0.366994334375 0.3078815265625 0.36206810312500004 0.27586206875 0.366994334375 0.27832413749999996 0.38423719218749997 0.28817660156249997 0.3891634234375
1 0.206896921875 0.6995076359375 0.2364522171875 0.6995076359375 0.24384261093749998 0.687193103125 0.24137844843749998 0.677340640625 0.20197068906250001 0.6748764781250001 0.1970444578125 0.679802709375 0.1970444578125 0.692117240625 0.206896921875 0.6995076359375