1 0.984394578125 0.7464000000000001 0.94957969375 0.7312000000000001 0.9399759328125 0.7288 0.9327736124999999 0.7384000000000001 0.9315728921875 0.7632 0.9351750531249999 0.7672 0.94957969375 0.7687999999999999 0.9675864953125 0.7592 0.9783909765625 0.756 0.9819931375 0.7535999999999999 0.984394578125 0.7464000000000001
1 0.9747908171875 0.776 0.966385775 0.7727999999999999 0.954382575 0.7712 0.9459775328125 0.7752 0.94357809375 0.7792 0.9459775328125 0.7944 0.954382575 0.7992 0.9711886562500001 0.7984 0.9783909765625 0.7936 0.9783909765625 0.78 0.9747908171875 0.776
1 0.8463377609375 0.844 0.8643465640624999 0.852 0.871548884375 0.8535999999999999 0.8955572875 0.8535999999999999 0.92196913125 0.8472 0.9339743328125 0.8368 0.9375744921875 0.8295999999999999 0.9315728921875 0.8256 0.9207684109375001 0.8096 0.919567690625 0.78 0.9147668109374999 0.7736 0.90036016875 0.7704 0.8763497640625 0.7696 0.8619451234375 0.7744 0.8583429625000001 0.7792 0.8679467234375 0.7992 0.866746003125 0.8112 0.8607444031249999 0.8192 0.84153688125 0.8328 0.839135440625 0.8375999999999999 0.8463377609375 0.844
1 0.9531818546874999 0.8568 0.9771902562499999 0.8544 0.9975984999999999 0.844 0.9963977796875 0.8368 0.9891954578125001 0.8352 0.9783909765625 0.8375999999999999 0.9675864953125 0.8368 0.94357809375 0.8392 0.9327736124999999 0.844 0.9267700109374999 0.8512000000000001 0.9423773734375 0.8560000000000001 0.9531818546874999 0.8568
1 0.9651870562499999 0.6312 0.9447788140625001 0.6288 0.9399759328125 0.6296 0.9339743328125 0.6344000000000001 0.9411766531250001 0.6512 0.954382575 0.6584 0.9831938578124999 0.6504 0.9951990593750001 0.6432 0.9939983390625 0.6344000000000001 0.984394578125 0.6288 0.973590096875 0.6288 0.9651870562499999 0.6312
1 0.9111646500000001 0.588 0.9315728921875 0.588 0.94957969375 0.5744 0.9507804140625 0.5559999999999999 0.9471782531249999 0.5504 0.9351750531249999 0.544 0.9231698515625 0.5432 0.9111646500000001 0.5448000000000001 0.90036016875 0.548 0.8931578468750001 0.5528 0.8919571265625 0.568 0.8943585671875001 0.5736 0.9027616093749999 0.5831999999999999 0.9111646500000001 0.588
1 0.9499879390625001 0.698264 0.9509725296875 0.6956559999999999 0.952917696875 0.68784 0.9480307640625 0.677416 0.9392314859375 0.673512 0.9343465562500001 0.68328 0.9499879390625001 0.698264
1 0.91480283125 0.734096 0.9206603453125 0.729536 0.9382589031249999 0.719112 0.849303540625 0.72888 0.8581028187499999 0.73344 0.91480283125 0.734096
1 0.82592951875 0.6896 0.8307323999999999 0.692 0.8379347203125 0.688 0.8487392015624999 0.6928 0.8583429625000001 0.6936 0.871548884375 0.6976 0.897958728125 0.7088 0.9099639296875001 0.7104 0.9207684109375001 0.7144 0.9315728921875 0.716 0.9423773734375 0.7144 0.9483789734375 0.7104 0.9483789734375 0.7024 0.9267700109374999 0.6928 0.9147668109374999 0.692 0.9015608890625 0.6832 0.8931578468750001 0.6808 0.8787512046874999 0.6728 0.8703481640625 0.6656 0.8703481640625 0.6576 0.8751510453125 0.6488 0.8919571265625 0.6288 0.8919571265625 0.6184000000000001 0.8835540859375 0.6168 0.8619451234375 0.628 0.8451390421875 0.6416000000000001 0.8379347203125 0.6512 0.8247308 0.6584 0.8211286390625 0.6632 0.81992791875 0.6752 0.8247308 0.6824 0.82592951875 0.6896
1 0.8163257578125 0.6976 0.8247308 0.692 0.8247308 0.6768 0.817526478125 0.6567999999999999 0.8103241578124999 0.648 0.8019211171875 0.6464000000000001 0.7935180749999999 0.6536 0.7899159140625 0.6616 0.7899159140625 0.6704 0.7923173546875 0.6784 0.7971182359375 0.6839999999999999 0.7971182359375 0.6912 0.8067219968750001 0.6968 0.8163257578125 0.6976
1 0.7466979890625 0.7352000000000001 0.7515008703125 0.7256 0.747898709375 0.7104 0.7310926281250001 0.7032 0.7106843859375 0.7008 0.7022813453125 0.6968 0.6902761421875 0.6976 0.67467078125 0.7176 0.6758695 0.7328 0.683073821875 0.74 0.6914768625 0.744 0.704682784375 0.7464000000000001 0.726289746875 0.7448 0.7406963890625 0.74 0.7466979890625 0.7352000000000001
1 0.7406963890625 0.7032 0.7539023109375 0.6992 0.763506071875 0.6928 0.7659055109375 0.6872 0.7647067921875 0.6768 0.75510303125 0.6648 0.74549726875 0.6648 0.725091028125 0.6816 0.715485265625 0.6856 0.698679184375 0.688 0.6950790234374999 0.6904 0.698679184375 0.696 0.71188510625 0.7008 0.7406963890625 0.7032
1 0.2617050515625 0.4176 0.25330201093750004 0.4264 0.25330201093750004 0.43520000000000003 0.26650593125 0.4424 0.2773104125 0.4424 0.28811489375 0.43600000000000005 0.2893156140625 0.42560000000000003 0.2773104125 0.4168 0.2617050515625 0.4176
1 0.57262956875 0.5519999999999999 0.5666259671875 0.5488000000000001 0.5546227671875 0.5472 0.5222093234375 0.5464 0.515007003125 0.5496000000000001 0.5126055625 0.5544 0.5126055625 0.5608 0.516205721875 0.5664 0.5294116437499999 0.5751999999999999 0.534214525 0.576 0.5606243671875 0.5711999999999999 0.5738302890625 0.564 0.5762297281250001 0.5599999999999999 0.57262956875 0.5519999999999999
2 0.5282109234375 0.736 0.537814684375 0.74 0.546217725 0.7384000000000001 0.5582229265625 0.74 0.5630258078125 0.7424000000000001 0.607442453125 0.7464000000000001 0.6362537359375 0.7456 0.6482589375 0.7408 0.667466459375 0.7256 0.6854732609374999 0.6888 0.6842745421875 0.6752 0.6758695 0.6624 0.661464859375 0.6519999999999999 0.6050430125 0.6208 0.59423853125 0.6 0.5858334890625 0.592 0.5618250875 0.588 0.5126055625 0.5888 0.4933980390625 0.5952 0.48499299687499997 0.6008 0.47658995624999995 0.616 0.46818691562500003 0.6208 0.4525815546875 0.6248 0.43217331249999996 0.6408 0.40216130781250004 0.6559999999999999 0.39015610624999997 0.6672 0.385353225 0.6872 0.3985591484375 0.7168 0.41896739062500005 0.7368 0.43817491249999996 0.744 0.4525815546875 0.7464000000000001 0.47419051718749994 0.7448 0.5174064421875 0.736 0.5282109234375 0.736
1 0.39495698749999997 0.728 0.3913568265625 0.712 0.379351625 0.7032 0.3421373015625 0.7008 0.3289313796875 0.7064 0.31812689843749997 0.7184 0.3205283390625 0.7344 0.3289313796875 0.7432000000000001 0.3505403421875 0.748 0.3649449828125 0.7472000000000001 0.38055234531250004 0.7432000000000001 0.3913568265625 0.736 0.39495698749999997 0.728
1 0.360144103125 0.6736 0.3445387421875 0.6744 0.33373426093749997 0.6832 0.3361337 0.6952 0.3445387421875 0.6984 0.360144103125 0.6984 0.3649449828125 0.6968 0.370948584375 0.6912 0.366145703125 0.6768 0.360144103125 0.6736
1 0.2893156140625 0.6976 0.3097238578125 0.692 0.3313328203125 0.6816 0.33253354062499996 0.6736 0.33013210000000004 0.6688 0.32532921875 0.6656 0.31332601875 0.6632 0.26650593125 0.6776 0.26290577187499997 0.6816 0.26290577187499997 0.6872 0.26650593125 0.6928 0.27610969218750003 0.6968 0.2893156140625 0.6976
1 0.43217331249999996 0.5976 0.42016811093750006 0.6024 0.4153652296875 0.5992 0.4009605875 0.596 0.36134482343749996 0.5944 0.349339621875 0.5968 0.33973586093749997 0.6064 0.338535140625 0.6152 0.3421373015625 0.6352 0.3505403421875 0.6496000000000001 0.366145703125 0.6632 0.3745507453125 0.6656 0.387754665625 0.6648 0.42377027187499994 0.6432 0.4717890765625 0.6088 0.472989796875 0.6008 0.46938763593750005 0.5984 0.43217331249999996 0.5976
1 0.28811489375 0.592 0.306121696875 0.5816 0.3049209765625 0.5736 0.298919375 0.5711999999999999 0.2701080921875 0.5671999999999999 0.2593036109375 0.5568 0.25210129062500003 0.5448000000000001 0.25330201093750004 0.5376000000000001 0.24849912968750001 0.532 0.241296809375 0.528 0.2316930484375 0.528 0.2220892875 0.5352 0.21728640625 0.5432 0.2184871265625 0.5551999999999999 0.241296809375 0.568 0.24489696875 0.5808 0.25330201093750004 0.5896 0.2773104125 0.5928 0.28811489375 0.592
1 0.2725095328125 0.7432000000000001 0.31092457812499996 0.7432000000000001 0.3157254578125 0.7408 0.3001200953125 0.7144 0.28811489375 0.7048 0.274908971875 0.704 0.2653052109375 0.6992 0.26050433125 0.6928 0.2376946484375 0.688 0.23289376874999998 0.6824 0.2280908875 0.6816 0.2184871265625 0.6752 0.2124855265625 0.6744 0.20528120468750002 0.6696 0.1968781625 0.6704 0.1968781625 0.6792 0.20888336562499998 0.6976 0.21128480624999998 0.72 0.2160856859375 0.7288 0.225689446875 0.7376 0.2424975296875 0.7416 0.26650593125 0.7416 0.2725095328125 0.7432000000000001
2 0 0.7834202953125 0.004442725 0.783256 0.083181959375 0.769128 0.1619091859375 0.74088 0.2027977140625 0.7156480000000001 0.20431062187500001 0.700512 0.189171540625 0.67024 0.16039627812499999 0.631896 0 0.678752121875 0 0.7834202953125
1 0.0822213828125 0.661336 0.08307389375 0.6664 0.099123521875 0.66584 0.11517314999999999 0.661896 0.1413688640625 0.6512 0.140528359375 0.648944 0.1067220796875 0.650072 0.0822213828125 0.661336
1 0.8751510453125 0.5248 0.8775504843749999 0.5336000000000001 0.8811526453124999 0.5384 0.8943585671875001 0.5456000000000001 0.9123653703124999 0.544 0.930372171875 0.5392 0.9351750531249999 0.536 0.9411766531250001 0.5248 0.9471782531249999 0.5224 0.951981134375 0.508 0.9507804140625 0.4896 0.9399759328125 0.4768 0.9207684109375001 0.4704 0.9123653703124999 0.4704 0.9015608890625 0.47359999999999997 0.8919571265625 0.48 0.8919571265625 0.4896 0.882353365625 0.4976 0.8763497640625 0.5096 0.8775504843749999 0.5168 0.8751510453125 0.5248
1 0.8919571265625 0.47919999999999996 0.887154246875 0.47519999999999996 0.8787512046874999 0.4728 0.866746003125 0.4744 0.8583429625000001 0.4816 0.8595436828125 0.4944 0.8643465640624999 0.5 0.871548884375 0.5016 0.8847548062499999 0.4984 0.8931578468750001 0.4896 0.8919571265625 0.47919999999999996
1 0.7298919078125 0.5711999999999999 0.74549726875 0.5704 0.75510303125 0.5671999999999999 0.7647067921875 0.5608 0.7719091125 0.5456000000000001 0.7707083921875 0.536 0.76110463125 0.5224 0.7430978296874999 0.516 0.7310926281250001 0.5168 0.7106843859375 0.524 0.704682784375 0.528 0.6998799046874999 0.5376000000000001 0.698679184375 0.5528 0.7022813453125 0.5584 0.7178867062500001 0.5671999999999999 0.7298919078125 0.5711999999999999
1 0.5930378109375 0.5912 0.6194476546875001 0.5936 0.6410566171875 0.5896 0.656661978125 0.5816 0.6710686203125 0.5711999999999999 0.6758695 0.5608 0.6758695 0.5511999999999999 0.6662657390625 0.5432 0.6434580578125 0.5376000000000001 0.6362537359375 0.5304 0.6302521359375 0.528 0.629051415625 0.524 0.6218490953125 0.5256000000000001 0.6122453343750001 0.5136000000000001 0.602641571875 0.508 0.591837090625 0.508 0.5762297281250001 0.5144 0.5582229265625 0.5264 0.55702220625 0.5336000000000001 0.559423646875 0.5376000000000001 0.581032609375 0.5528 0.5930378109375 0.5664 0.5906363703124999 0.5831999999999999 0.5930378109375 0.5912
1 0.42737043124999996 0.5888 0.440576353125 0.5936 0.453782275 0.596 0.4609845953125 0.5944 0.47779067656249996 0.596 0.4861937171875 0.5944 0.4909965984375 0.5904 0.494598759375 0.5664 0.5210086031250001 0.5448000000000001 0.52341004375 0.5392 0.5198078828125 0.5304 0.4969982 0.5136000000000001 0.48139283749999995 0.512 0.459783875 0.524 0.4525815546875 0.536 0.434574753125 0.548 0.40576146875 0.5519999999999999 0.40576146875 0.5671999999999999 0.4093636296875 0.5736 0.42737043124999996 0.5888
1 0.379351625 0.584 0.392557546875 0.5816 0.4009605875 0.5736 0.3997598671875 0.5576 0.385353225 0.5519999999999999 0.343338021875 0.5168 0.3289313796875 0.5152 0.31332601875 0.5256000000000001 0.3097238578125 0.5304 0.30852313750000004 0.5408000000000001 0.3145267390625 0.5544 0.3289313796875 0.568 0.34693818125 0.5784 0.349339621875 0.5831999999999999 0.379351625 0.584
1 0.24969985 0.5296000000000001 0.2653052109375 0.5328 0.28811489375 0.532 0.301320815625 0.528 0.30852313750000004 0.528 0.3241305 0.5168 0.3289313796875 0.5104 0.33013210000000004 0.504 0.327730659375 0.496 0.30852313750000004 0.4784 0.30252153593750003 0.476 0.295317215625 0.47759999999999997 0.28811489375 0.4768 0.2677066515625 0.4848 0.25810289062499997 0.4928 0.2424975296875 0.512 0.24369825 0.524 0.24969985 0.5296000000000001
1 0.0660256671875 0.524 0.069627828125 0.5184 0.0672263875 0.5096 0.0576226265625 0.5032 0.052821746875 0.496 0.04441870625 0.4928 0.0384151046875 0.48719999999999997 0.031212784375000004 0.48719999999999997 0.025209182812499998 0.48319999999999996 0.0168061421875 0.484 0.0060016609375 0.4888 0.0024015 0.4944 0.004800940625 0.5048 0.013205981250000002 0.5208 0.0276106234375 0.5328 0.034812943750000006 0.5344 0.045617425 0.5336000000000001 0.0660256671875 0.524
1 1 0.4116927078125 0.9951990593750001 0.4144 0.990396178125 0.42160000000000003 0.9747908171875 0.43360000000000004 0.9711886562500001 0.43920000000000003 0.9747908171875 0.4464 0.9795916968749999 0.44960000000000006 0.9975984999999999 0.45519999999999994 1 0.45533335468749997 1 0.4116927078125
1 0.9591834546875001 0.4192 0.9699879359375 0.4192 0.9819931375 0.41600000000000004 0.9939983390625 0.4072 0.9963977796875 0.4016 0.9951990593750001 0.392 0.9855932984375 0.3896 0.9615848953125001 0.3928 0.94957969375 0.3912 0.9399759328125 0.392 0.9375744921875 0.3968 0.9387752125000001 0.4072 0.9471782531249999 0.4144 0.9591834546875001 0.4192
1 1 0.34249966249999997 0.9963977796875 0.344 0.9819931375 0.3424 0.9759895359374999 0.3464 0.9555812937500001 0.3464 0.94957969375 0.3424 0.9423773734375 0.3408 0.8919571265625 0.3384 0.86914744375 0.3488 0.8655452828125 0.3592 0.871548884375 0.372 0.8835540859375 0.3792 0.8919571265625 0.3816 0.9087632093750001 0.3816 0.936373771875 0.3744 0.9483789734375 0.3752 0.954382575 0.38 0.9627856156249999 0.376 0.9675864953125 0.3792 0.9951990593750001 0.3776 1 0.37866653125 1 0.34249966249999997
1 0.94957969375 0.45119999999999993 0.9603841750000001 0.4424 0.9639863359374999 0.43600000000000005 0.9627856156249999 0.4264 0.9567820140625001 0.42000000000000004 0.9351750531249999 0.4104 0.9135660906249999 0.392 0.9039623296875 0.3928 0.8859535265625 0.4056 0.8703481640625 0.4128 0.8571422421875001 0.43360000000000004 0.8619451234375 0.44880000000000003 0.8811526453124999 0.4688 0.8907564062500001 0.4728 0.94957969375 0.45119999999999993
1 0.8463377609375 0.4328 0.82592951875 0.42560000000000003 0.8163257578125 0.4264 0.8091234375 0.4304 0.800720396875 0.44160000000000005 0.8103241578124999 0.45599999999999996 0.8223293593750001 0.46159999999999995 0.839135440625 0.4624 0.8571422421875001 0.4568 0.8583429625000001 0.44560000000000005 0.8535420828125 0.43760000000000004 0.8463377609375 0.4328
2 0.6422573375 0.4896 0.6326535765625 0.496 0.6410566171875 0.5256000000000001 0.6554612578125 0.5312 0.6878747015625 0.5256000000000001 0.698679184375 0.5256000000000001 0.7358935078125 0.5152 0.75630175 0.5152 0.7743105531250001 0.5096 0.8235300796875 0.5 0.8307323999999999 0.4928 0.8307323999999999 0.4856 0.8187271984375 0.46159999999999995 0.8031218375 0.45919999999999994 0.7743105531250001 0.4704 0.76110463125 0.472 0.7382949484375 0.48 0.725091028125 0.4808 0.6842745421875 0.4888 0.67467078125 0.4864 0.6422573375 0.4896
1 0.5738302890625 0.4768 0.575031009375 0.46799999999999997 0.5582229265625 0.45919999999999994 0.531813084375 0.4408 0.52341004375 0.43920000000000003 0.510204121875 0.45119999999999993 0.5066019609375 0.4584 0.505401240625 0.46959999999999996 0.510204121875 0.4824 0.5366139640625 0.49119999999999997 0.5522213265625 0.49119999999999997 0.5678266875 0.484 0.5738302890625 0.4768
1 0.3157254578125 0.4816 0.3265299390625 0.4896 0.3373344203125 0.5096 0.3529417828125 0.5144 0.3781509046875 0.5184 0.385353225 0.5272 0.3913568265625 0.5312 0.3997598671875 0.5328 0.42016811093750006 0.5328 0.4333740328125 0.5288 0.4477786734375 0.5272 0.500600359375 0.4976 0.5042025203125 0.488 0.5042025203125 0.45919999999999994 0.50780268125 0.44880000000000003 0.5066019609375 0.42160000000000003 0.4873944375 0.4056 0.46338603593750005 0.396 0.440576353125 0.3792 0.4285711515625 0.3744 0.403362028125 0.368 0.354142503125 0.3672 0.338535140625 0.3688 0.30732241718750003 0.3856 0.2941184953125 0.3968 0.290516334375 0.404 0.2893156140625 0.4208 0.292917775 0.42560000000000003 0.290516334375 0.4424 0.295317215625 0.45599999999999996 0.3157254578125 0.4816
1 0.22929160781250002 0.41200000000000003 0.25690217031249996 0.4088 0.28571345312499996 0.4 0.2941184953125 0.392 0.2893156140625 0.3896 0.25810289062499997 0.3896 0.2376946484375 0.3936 0.20288176406249997 0.3968 0.1968781625 0.3992 0.19567744375 0.40800000000000003 0.20528120468750002 0.41200000000000003 0.22929160781250002 0.41200000000000003
1 0.392557546875 0.3288 0.36254554375 0.32320000000000004 0.35774266250000003 0.324 0.3529417828125 0.3296 0.36254554375 0.3376 0.397358428125 0.3496 0.42496899062500004 0.3544 0.44297779375 0.3544 0.4501801140625 0.3512 0.44537723281249997 0.3432 0.42737043124999996 0.3408 0.392557546875 0.3288
1 0.20408248437499998 0.352 0.19927960312499998 0.3544 0.160864559375 0.3544 0.150060078125 0.3568 0.1404563171875 0.3544 0.12124879531249999 0.3536 0.112845753125 0.356 0.1008405515625 0.364 0.0960376703125 0.3704 0.09483695 0.38 0.09843911093749999 0.3872 0.106842153125 0.3936 0.1272503953125 0.4 0.1404563171875 0.3984 0.156061678125 0.3896 0.1704683203125 0.3848 0.1908765625 0.38639999999999997 0.20288176406249997 0.38239999999999996 0.21728640625 0.38239999999999996 0.23049232812499998 0.3872 0.24489696875 0.3872 0.2773104125 0.3728 0.28211329375 0.36560000000000004 0.28211329375 0.35760000000000003 0.274908971875 0.348 0.2400960890625 0.3424 0.23049232812499998 0.3464 0.225689446875 0.3528 0.2208885671875 0.3496 0.21728640625 0.3496 0.2124855265625 0.3536 0.20408248437499998 0.352
2 0 0.4818287984375 0.004800940625 0.48319999999999996 0.02280974375 0.48 0.058823346875 0.4808 0.0684271078125 0.476 0.0672263875 0.44480000000000003 0.060024067187499995 0.43200000000000005 0 0.43200000000000005 0 0.4818287984375
1 0.8967580078124999 0.3184 0.8907564062500001 0.33039999999999997 0.8955572875 0.3368 0.9081628484375001 0.33992 0.936373771875 0.3352 0.9483789734375 0.33039999999999997 0.9651870562499999 0.3184 0.9747908171875 0.2976 0.973590096875 0.28959999999999997 0.968787215625 0.28559999999999997 0.9627856156249999 0.2848 0.9483789734375 0.2784 0.9411766531250001 0.27759999999999996 0.930372171875 0.272 0.9075624890625 0.2528 0.90036016875 0.2504 0.8847548062499999 0.2512 0.8703481640625 0.2576 0.8583429625000001 0.2664 0.8535420828125 0.2736 0.854742803125 0.28159999999999996 0.873950325 0.2912 0.8847548062499999 0.3016 0.8931578468750001 0.3064 0.8967580078124999 0.3184
1 0.7839143140625 0.3296 0.795917515625 0.33599999999999997 0.8031218375 0.33599999999999997 0.8079227171875001 0.33039999999999997 0.8019211171875 0.3056 0.8019211171875 0.2944 0.8067219968750001 0.2808 0.82592951875 0.2656 0.8427376015625001 0.26 0.8607444031249999 0.2512 0.8643465640624999 0.2448 0.8619451234375 0.2392 0.8571422421875001 0.23679999999999998 0.8367340000000001 0.2344 0.8223293593750001 0.2352 0.8079227171875001 0.24 0.7755092718750001 0.2464 0.7647067921875 0.25680000000000003 0.76110463125 0.2752 0.769507671875 0.3024 0.7839143140625 0.3296
1 0.678270940625 0.31120000000000003 0.6950790234374999 0.316 0.7058815046875 0.316 0.71188510625 0.3128 0.7274904671875 0.2952 0.75510303125 0.272 0.758703190625 0.26 0.7539023109375 0.2472 0.7406963890625 0.2432 0.71188510625 0.24 0.6914768625 0.24559999999999998 0.6758695 0.2544 0.6626655796875001 0.2736 0.661464859375 0.288 0.6662657390625 0.3008 0.678270940625 0.31120000000000003
2 0.48259355781249996 0.3928 0.49219731875 0.4 0.4957974796875 0.4072 0.510204121875 0.42160000000000003 0.5366139640625 0.4424 0.5906363703124999 0.472 0.6422573375 0.4824 0.6494596578125 0.4808 0.6554612578125 0.484 0.6698679000000001 0.4816 0.68067238125 0.48319999999999996 0.6914768625 0.48 0.7190874265625 0.4768 0.725091028125 0.47359999999999997 0.7370942281249999 0.472 0.7503001499999999 0.46719999999999995 0.7743105531250001 0.45199999999999996 0.7791114328125001 0.45119999999999993 0.7875144734374999 0.44560000000000005 0.8031218375 0.42960000000000004 0.81992791875 0.4072 0.8211286390625 0.3888 0.8187271984375 0.38 0.8067219968750001 0.3672 0.7899159140625 0.36 0.7815128734375001 0.3592 0.763506071875 0.3496 0.7515008703125 0.3472 0.7214888671875 0.3328 0.7106843859375 0.3296 0.65906341875 0.3008 0.6410566171875 0.2952 0.6218490953125 0.284 0.5690274078125 0.2624 0.5330138046874999 0.244 0.5222093234375 0.2408 0.49219731875 0.22240000000000001 0.48259355781249996 0.22080000000000002 0.46818691562500003 0.22400000000000003 0.45498099375 0.22959999999999997 0.44537723281249997 0.2384 0.440576353125 0.2632 0.44297779375 0.2824 0.4417770734375 0.3056 0.4477786734375 0.33039999999999997 0.45738243437500004 0.3464 0.46458675625 0.3664 0.48259355781249996 0.3928
1 0.43937563281249997 0.2928 0.4369741921875 0.288 0.408162909375 0.2824 0.397358428125 0.27759999999999996 0.385353225 0.268 0.3781509046875 0.2664 0.3745507453125 0.2736 0.376950184375 0.288 0.3865539453125 0.304 0.3937582671875 0.3096 0.40216130781250004 0.312 0.42016811093750006 0.31120000000000003 0.43817491249999996 0.2984 0.43937563281249997 0.2928
1 0.160864559375 0.3272 0.18007208125000002 0.3384 0.1968781625 0.3432 0.2184871265625 0.344 0.2352932078125 0.3424 0.241296809375 0.33999999999999997 0.2400960890625 0.3144 0.2424975296875 0.30720000000000003 0.25210129062500003 0.2952 0.268907371875 0.2832 0.26650593125 0.27440000000000003 0.26050433125 0.26880000000000004 0.23289376874999998 0.2576 0.2184871265625 0.2584 0.20288176406249997 0.2768 0.18007208125000002 0.2912 0.1620652796875 0.2968 0.156061678125 0.2968 0.14885935781249998 0.3008 0.14885935781249998 0.3096 0.160864559375 0.3272
1 0 0.3809818640625 0.0108045421875 0.38 0.0216090234375 0.3752 0.031212784375000004 0.3664 0.0300120640625 0.35760000000000003 0.026409903125000002 0.3552 0 0.34933345312499997 0 0.3809818640625
1 0.1080428734375 0.32480000000000003 0.120048075 0.316 0.12365023593749999 0.2944 0.11524519375 0.2848 0.10924359374999999 0.28159999999999996 0.111645034375 0.27440000000000003 0.097238390625 0.2712 0.0660256671875 0.2712 0.05522118593749999 0.27599999999999997 0.048018865625000004 0.2848 0.045617425 0.3024 0.0492195859375 0.3096 0.07202926875 0.32480000000000003 0.0792315890625 0.32639999999999997 0.102041271875 0.32639999999999997 0.1080428734375 0.32480000000000003
1 0.1164459140625 0.27040000000000003 0.1272503953125 0.268 0.12484895468749999 0.2528 0.1164459140625 0.2488 0.09483695 0.2232 0.08763462968749999 0.21760000000000002 0.07803086875000001 0.2152 0.064824946875 0.2264 0.0492195859375 0.252 0.042017265625 0.2592 0.039615825 0.268 0.043217985937499995 0.27040000000000003 0.0576226265625 0.27280000000000004 0.0732299890625 0.27040000000000003 0.1164459140625 0.27040000000000003
1 0 0.26391127812500004 0.0012007796875 0.2632 0.015605421875 0.2464 0.039615825 0.2344 0.0468181453125 0.22559999999999997 0.048018865625000004 0.2096 0.04441870625 0.2032 0.037214384375 0.1976 0.026409903125000002 0.1936 0.0036022203125 0.19519999999999998 0 0.19691451875 0 0.26391127812500004
1 0.166866159375 0.236 0.18007208125000002 0.2352 0.1980788828125 0.22879999999999998 0.2100840859375 0.22080000000000002 0.2160856859375 0.21280000000000002 0.21368624687499999 0.2024 0.1920772828125 0.19519999999999998 0.144058478125 0.2008 0.133253996875 0.2064 0.13085255625 0.2112 0.13205327656250002 0.2184 0.1428577578125 0.22799999999999998 0.15246151875 0.23279999999999998 0.166866159375 0.236
1 0.5114048421875 0.1936 0.5030018 0.192 0.48859515781249996 0.1984 0.48499299687499997 0.2048 0.48499299687499997 0.2136 0.489795878125 0.2192 0.50780268125 0.22160000000000002 0.5222093234375 0.2144 0.52341004375 0.2032 0.5114048421875 0.1936
1 0.31932761875 0.2448 0.3241305 0.2432 0.327730659375 0.23679999999999998 0.327730659375 0.2184 0.32532921875 0.21280000000000002 0.31332601875 0.1968 0.29771865468750003 0.1888 0.2917170546875 0.188 0.2893156140625 0.1832 0.2869141734375 0.1832 0.2869141734375 0.1872 0.279711853125 0.1888 0.273710253125 0.1936 0.2725095328125 0.2184 0.2785111328125 0.23359999999999997 0.2941184953125 0.2432 0.301320815625 0.24559999999999998 0.31932761875 0.2448
1 0.6062417328125 0.1984 0.6038422921875 0.1936 0.5834340499999999 0.18 0.57262956875 0.1752 0.546217725 0.1736 0.531813084375 0.176 0.52341004375 0.18080000000000002 0.5210086031250001 0.19039999999999999 0.527010203125 0.2056 0.5402161249999999 0.21200000000000002 0.5522213265625 0.2144 0.5846347703125 0.2136 0.59423853125 0.21200000000000002 0.6038422921875 0.2064 0.6062417328125 0.1984
4 0 0.41003855 0.0063618765625 0.40816800000000003 0.059063490625000006 0.378448 0.11582153906249999 0.328472 0.13407048593749998 0.270384 0.12393840781250001 0.21094400000000002 0.07933965468750001 0.15016000000000002 0 0.2085948359375 0 0.41003855
1 0.2965179359375 0.33039999999999997 0.32292977968750003 0.33199999999999996 0.3445387421875 0.32799999999999996 0.3637462640625 0.3184 0.370948584375 0.3096 0.3757494640625 0.2968 0.3757494640625 0.2872 0.3721493046875 0.27999999999999997 0.366145703125 0.2768 0.3349329796875 0.27280000000000004 0.3241305 0.2696 0.31332601875 0.2696 0.30732241718750003 0.2712 0.2941184953125 0.28159999999999996 0.2809125734375 0.284 0.2701080921875 0.28959999999999997 0.2641064921875 0.3032 0.2713088125 0.3176 0.28211329375 0.3256 0.2965179359375 0.33039999999999997
1 0.5738302890625 0.5 0.5474184453125 0.4952 0.5138062828125001 0.4968 0.5030018 0.5016 0.5018010796875 0.5104 0.510204121875 0.5192 0.5210086031250001 0.5248 0.534214525 0.5272 0.553422046875 0.5264 0.5678266875 0.5192 0.5762297281250001 0.5064 0.5738302890625 0.5
1 0.26650593125 0.616 0.25330201093750004 0.62 0.2184871265625 0.6376000000000001 0.19927960312499998 0.644 0.1944787234375 0.6488 0.1980788828125 0.6552 0.2100840859375 0.6607999999999999 0.224490728125 0.6719999999999999 0.24849912968750001 0.6776 0.2617050515625 0.6768 0.28571345312499996 0.6688 0.3145267390625 0.6552 0.3373344203125 0.6368 0.3373344203125 0.6088 0.3445387421875 0.5936 0.343338021875 0.5808 0.3373344203125 0.576 0.32292977968750003 0.5744 0.31332601875 0.5848 0.30852313750000004 0.5871999999999999 0.301320815625 0.5864 0.292917775 0.5912 0.28211329375 0.6024 0.2725095328125 0.608 0.26650593125 0.616
1 0.620648375 0.6296 0.6302521359375 0.632 0.6482589375 0.6448 0.6770702203125001 0.6607999999999999 0.6854732609374999 0.6607999999999999 0.7226895875 0.6472 0.7322933484374999 0.6456000000000001 0.741897109375 0.6392 0.758703190625 0.62 0.7599039109375 0.6136 0.73349406875 0.5968 0.7286911875000001 0.5904 0.720288146875 0.5848 0.7034820640625 0.5768 0.6902761421875 0.576 0.6758695 0.5776 0.6698679000000001 0.58 0.6554612578125 0.5904 0.6362537359375 0.5984 0.6266499750000001 0.6048 0.614646775 0.6208 0.620648375 0.6296
4 0.7806603625 0.535408 0.762557503125 0.621336 0.795365184375 0.736656 0.8507804265625 0.739672 0.9831218156249999 0.7163039999999999 0.9129897437500001 0.606256 0.8553051406250001 0.491688 0.7806603625 0.535408
1 1 0.6445333859375 0.9975984999999999 0.6424000000000001 0.99279761875 0.6464000000000001 0.9627856156249999 0.6559999999999999 0.957982734375 0.6616 0.9603841750000001 0.6776 0.9747908171875 0.688 0.9855932984375 0.6912 0.9975984999999999 0.6912 1 0.6904725984375 1 0.6445333859375
1 0.8975097078125 0 0.8943585671875001 0.0048000000000000004 0.8847548062499999 0.0104 0.8811526453124999 0.0152 0.879951925 0.0256 0.8847548062499999 0.0304 0.8943585671875001 0.0312 0.9135660906249999 0.02 0.9411766531250001 0.008 0.9615848953125001 0.004 0.9675872468750001 0 0.8975097078125 0
2 0 0 0 0.07635349687500001 0.042017265625 0.0744 0.05522118593749999 0.072 0.0660256671875 0.0728 0.0732299890625 0.0696 0.08643390937499999 0.0696 0.091236790625 0.0712 0.1356534359375 0.0696 0.15966383906249998 0.072 0.18847512187499998 0.072 0.20528120468750002 0.0688 0.20888336562499998 0.064 0.21488496562499998 0.0328 0.21488496562499998 0.016800000000000002 0.2208885671875 0.004 0.2208885671875 0 0 0
1 0.2917170546875 0.0832 0.3049209765625 0.0824 0.3205283390625 0.07680000000000001 0.33253354062499996 0.068 0.3361337 0.0608 0.3361337 0.0448 0.33253354062499996 0.0368 0.3241305 0.032 0.316926178125 0.0304 0.3001200953125 0.0312 0.28571345312499996 0.036 0.273710253125 0.044 0.2653052109375 0.058399999999999994 0.26650593125 0.07039999999999999 0.273710253125 0.0784 0.2917170546875 0.0832
1 0.25810289062499997 0 0.25810289062499997 0.0104 0.26650593125 0.0216 0.2809125734375 0.0304 0.316926178125 0.032 0.3289313796875 0.035199999999999995 0.3481389015625 0.033600000000000005 0.354142503125 0.0312 0.354142503125 0.024 0.33373426093749997 0.019200000000000002 0.321729059375 0.013600000000000001 0.3021373859375 0 0.25810289062499997 0
1 0.3913568265625 0.1072 0.4093636296875 0.1096 0.42737043124999996 0.1072 0.4369741921875 0.1024 0.45498099375 0.09759999999999999 0.459783875 0.0944 0.459783875 0.0864 0.453782275 0.08159999999999999 0.4417770734375 0.0624 0.440576353125 0.0512 0.4477786734375 0.038400000000000004 0.44897939375 0.029599999999999998 0.4417770734375 0.0248 0.42496899062500004 0.0208 0.397358428125 0.019200000000000002 0.392557546875 0.02 0.385353225 0.027200000000000002 0.39015610624999997 0.0472 0.38055234531250004 0.0624 0.360144103125 0.08 0.35774266250000003 0.088 0.3637462640625 0.0944 0.3913568265625 0.1072
1 0.5630258078125 0.088 0.581032609375 0.076 0.5846347703125 0.0696 0.5846347703125 0.055200000000000006 0.57863116875 0.0448 0.5666259671875 0.036 0.559423646875 0.033600000000000005 0.5438182859375 0.0328 0.5282109234375 0.0376 0.5186071625 0.0432 0.5126055625 0.0576 0.5126055625 0.07039999999999999 0.5174064421875 0.08 0.5282109234375 0.0872 0.5546227671875 0.0896 0.5630258078125 0.088
1 0.71825955 0 0.7058815046875 0.0104 0.6902761421875 0.016800000000000002 0.6890754218749999 0.0248 0.7238903078125001 0.038400000000000004 0.7310926281250001 0.0376 0.7406963890625 0.0328 0.7490994296875 0.0248 0.75630175 0.012 0.7573933140625 0 0.71825955 0
1 0.6422573375 0.1288 0.656661978125 0.1312 0.667466459375 0.13520000000000001 0.6794716609375 0.13520000000000001 0.7106843859375 0.1288 0.7406963890625 0.1288 0.7683069515625001 0.1216 0.7767099921875 0.1176 0.7839143140625 0.11200000000000002 0.795917515625 0.08080000000000001 0.7947187953125 0.0744 0.7779107125 0.0448 0.7719091125 0.0424 0.7406963890625 0.0424 0.720288146875 0.0392 0.704682784375 0.029599999999999998 0.6650670203125 0.0144 0.6494596578125 0.0152 0.6362537359375 0.02 0.6218490953125 0.035199999999999995 0.620648375 0.0472 0.6278506953125 0.0624 0.6458574968749999 0.0856 0.6470582171875 0.1008 0.6386551765624999 0.11839999999999999 0.6386551765624999 0.124 0.6422573375 0.1288
1 0.3721493046875 0.1544 0.3937582671875 0.144 0.3961577078125 0.13440000000000002 0.3913568265625 0.1288 0.387754665625 0.1272 0.3565419421875 0.1248 0.3421373015625 0.1192 0.3313328203125 0.11200000000000002 0.3241305 0.0992 0.31092457812499996 0.1 0.29771865468750003 0.1072 0.295317215625 0.1224 0.301320815625 0.1264 0.32292977968750003 0.1296 0.33253354062499996 0.136 0.3361337 0.1496 0.34093658125 0.15360000000000001 0.3529417828125 0.1552 0.3721493046875 0.1544
2 0.0840344703125 0.148 0.09963983125 0.15760000000000002 0.112845753125 0.16 0.1620652796875 0.1816 0.1704683203125 0.1816 0.18847512187499998 0.1888 0.1980788828125 0.1864 0.219687846875 0.16240000000000002 0.2208885671875 0.1528 0.2184871265625 0.1488 0.1356534359375 0.11439999999999999 0.1272503953125 0.11279999999999998 0.0660256671875 0.0888 0.051621026562500005 0.0856 0.042017265625 0.09040000000000001 0.031212784375000004 0.1008 0.02280974375 0.11359999999999999 0.0216090234375 0.1216 0.0300120640625 0.1288 0.05522118593749999 0.1376 0.064824946875 0.1384 0.07202926875 0.1456 0.0840344703125 0.148
1 0 0.8500645234374999 0.0180068625 0.852 0.0360136640625 0.8503999999999999 0.0732299890625 0.8352 0.0960376703125 0.8168 0.097238390625 0.8071999999999999 0.08763462968749999 0.7824 0.0792315890625 0.776 0.0708285484375 0.7736 0.020408303125 0.78 0 0.7860443953125 0 0.8500645234374999
1 0.4417770734375 0.8304 0.42616971093749995 0.8224 0.4009605875 0.8176 0.39015610624999997 0.8176 0.3781509046875 0.8208 0.370948584375 0.8288 0.3721493046875 0.8368 0.3781509046875 0.8448 0.38415450624999997 0.8455999999999999 0.392557546875 0.8503999999999999 0.41056435 0.8480000000000001 0.42616971093749995 0.8432000000000001 0.43817491249999996 0.8368 0.4417770734375 0.8304
1 0.633854296875 0.8016 0.6710686203125 0.8023999999999999 0.6770702203125001 0.7984 0.6854732609374999 0.8 0.69627774375 0.796 0.7130858265625 0.7744 0.7166859859375 0.7624 0.725091028125 0.7544 0.720288146875 0.7488 0.7022813453125 0.7496 0.698679184375 0.7512 0.6854732609374999 0.7464000000000001 0.6698679000000001 0.7512 0.6242505359375 0.7488 0.5714288484375001 0.7504 0.5606243671875 0.7456 0.546217725 0.7464000000000001 0.546217725 0.7535999999999999 0.5522213265625 0.768 0.5714288484375001 0.7928 0.587034209375 0.8008 0.6110446140625 0.8 0.6230498156250001 0.8008 0.6278506953125 0.8032 0.633854296875 0.8016
4 0.525989590625 0.888088 0.540384225 0.886344 0.6241424703125 0.8758800000000001 0.6634100265625 0.8671599999999999 0.7092075 0.8488479999999999 0.758943334375 0.8305279999999999 0.7968900984375 0.8096 0.8610205687500001 0.7738400000000001 0.8911166234375001 0.748552 0.1451611390625 0.748552 0.1561577359375 0.75832 0.1871663375 0.779864 0.20758658749999997 0.791024 0.2718491375 0.827568 0.37549731406250003 0.870824 0.4513928421875 0.8819839999999999 0.525989590625 0.888088
1 0.451380834375 0.9056 0.44537723281249997 0.8960000000000001 0.43937563281249997 0.8912000000000001 0.42496899062500004 0.8888 0.4009605875 0.8992000000000001 0.3985591484375 0.9032 0.3997598671875 0.9128000000000001 0.4153652296875 0.9224 0.42496899062500004 0.9256 0.4417770734375 0.9263999999999999 0.4501801140625 0.9216 0.451380834375 0.9056
4 1 0.8692646859375 0.9968420453125001 0.86852 0.9302160781250001 0.86852 0.8817650125000001 0.877608 0.82120068125 0.8997999999999999 0.772737609375 0.9401680000000001 0.7591114359375 0.97952 0.757304978125 1 0.9823354875 1 1 0.9884276546875 1 0.8692646859375
1 0.2917170546875 0.1752 0.30732241718750003 0.1712 0.3145267390625 0.1656 0.31332601875 0.1552 0.30372225625 0.1504 0.2965179359375 0.1504 0.2869141734375 0.15360000000000001 0.22689016718750002 0.1824 0.224490728125 0.19119999999999998 0.23289376874999998 0.192 0.2677066515625 0.18560000000000001 0.2917170546875 0.1752
2 0.3289313796875 0.2088 0.34093658125 0.2144 0.3589433828125 0.2136 0.4045627484375 0.1968 0.42377027187499994 0.192 0.4477786734375 0.1816 0.4561817140625 0.18080000000000002 0.47658995624999995 0.1728 0.48499299687499997 0.172 0.4957974796875 0.1656 0.510204121875 0.1608 0.515007003125 0.1568 0.5126055625 0.1488 0.4969982 0.1272 0.489795878125 0.1224 0.46818691562500003 0.1264 0.3985591484375 0.1496 0.376950184375 0.1592 0.3649449828125 0.16 0.316926178125 0.176 0.31332601875 0.18560000000000001 0.3289313796875 0.2088
2 1 0.17786618125 0.9939983390625 0.1672 0.9627856156249999 0.1456 0.9603841750000001 0.1416 0.9615848953125001 0.13520000000000001 0.9531818546874999 0.1152 0.9423773734375 0.1024 0.924370571875 0.0896 0.9135660906249999 0.0848 0.887154246875 0.08 0.8631458437499999 0.08 0.8151270390625 0.0856 0.8055212765625 0.092 0.7983189562499999 0.10640000000000001 0.7815128734375001 0.1176 0.7503001499999999 0.1296 0.7358935078125 0.1328 0.725091028125 0.1376 0.7022813453125 0.1528 0.69627774375 0.1608 0.6914768625 0.176 0.693878303125 0.1936 0.6974784640625 0.2032 0.7178867062500001 0.2352 0.7539023109375 0.24159999999999998 0.7647067921875 0.24159999999999998 0.7995196765625 0.236 0.8439383218750001 0.23279999999999998 0.8607444031249999 0.236 0.90516305 0.2496 0.9291714515624999 0.2512 0.9483789734375 0.2488 0.9639863359374999 0.24159999999999998 0.9759895359374999 0.2312 0.99279761875 0.2104 0.999999940625 0.1944 1 0.19439927968749998 1 0.17786618125
1 1 0.112114296875 0.9855932984375 0.11279999999999998 0.9783909765625 0.11679999999999999 0.9747908171875 0.1224 0.973590096875 0.1368 0.9771902562499999 0.1424 0.9819931375 0.1456 1 0.1508499453125 1 0.112114296875
2 0.0768301484375 0.5671999999999999 0.0708285484375 0.58 0.0708285484375 0.5864 0.0660256671875 0.5936 0.0624255078125 0.6216 0.064824946875 0.6264000000000001 0.07202926875 0.6304000000000001 0.0792315890625 0.6304000000000001 0.08763462968749999 0.6336 0.09963983125 0.6296 0.102041271875 0.6336 0.106842153125 0.6344000000000001 0.1140464734375 0.64 0.12244951562499999 0.6336 0.13805487656249998 0.632 0.1428577578125 0.6296 0.1848729609375 0.6344000000000001 0.1908765625 0.6312 0.19927960312499998 0.6152 0.20288176406249997 0.58 0.2124855265625 0.5536 0.21488496562499998 0.5384 0.2208885671875 0.532 0.22689016718750002 0.5152 0.2509005703125 0.46799999999999997 0.26050433125 0.45759999999999995 0.2617050515625 0.44720000000000004 0.25330201093750004 0.44000000000000006 0.2460976890625 0.44000000000000006 0.23889536875 0.43760000000000004 0.2160856859375 0.42160000000000003 0.20048032343750002 0.4176 0.1728697609375 0.4176 0.1416570375 0.4104 0.1356534359375 0.4064 0.12965183593750002 0.4064 0.12244951562499999 0.4032 0.11524519375 0.404 0.09363823125000001 0.3896 0.0792315890625 0.39039999999999997 0.07202926875 0.3856 0.064824946875 0.3856 0.05522118593749999 0.392 0.05522118593749999 0.4016 0.0684271078125 0.4384 0.07202926875 0.4584 0.0768301484375 0.46159999999999995 0.0732299890625 0.4688 0.07803086875000001 0.4896 0.0768301484375 0.5671999999999999
1 0.510204121875 0.1008 0.5030018 0.1 0.494598759375 0.10640000000000001 0.494598759375 0.1192 0.5222093234375 0.1568 0.5438182859375 0.16799999999999998 0.5618250875 0.16799999999999998 0.607442453125 0.1512 0.6230498156250001 0.1416 0.629051415625 0.13520000000000001 0.6326535765625 0.12079999999999999 0.6410566171875 0.10800000000000001 0.639855896875 0.1008 0.6314528562499999 0.0984 0.6062417328125 0.1 0.5978386921875 0.10400000000000001 0.5882349296875 0.11279999999999998 0.5678266875 0.1152 0.5546227671875 0.11279999999999998 0.5414168453125 0.11279999999999998 0.510204121875 0.1008
1 0.2785111328125 0.152 0.2785111328125 0.1416 0.274908971875 0.1312 0.2677066515625 0.1224 0.2593036109375 0.11679999999999999 0.24489696875 0.11200000000000002 0.23649392812499997 0.10640000000000001 0.22329000781250002 0.1072 0.20408248437499998 0.11439999999999999 0.1968781625 0.1216 0.1968781625 0.13520000000000001 0.20768264531249997 0.1424 0.21728640625 0.14479999999999998 0.224490728125 0.152 0.2593036109375 0.1592 0.27610969218750003 0.1552 0.2785111328125 0.152
1 0.6362537359375 0.2048 0.656661978125 0.2064 0.6638663 0.2032 0.6758695 0.18 0.6890754218749999 0.1712 0.6902761421875 0.16240000000000002 0.6710686203125 0.1496 0.6626655796875001 0.1496 0.6422573375 0.1656 0.6218490953125 0.1672 0.6110446140625 0.1728 0.60984389375 0.184 0.6134460546875 0.192 0.6230498156250001 0.2 0.6362537359375 0.2048
1 0.9915968984375001 0.9568 0.9963977796875 0.9496 0.9951990593750001 0.9391999999999999 0.9879947390625 0.9359999999999999 0.9447788140625001 0.9384 0.9387752125000001 0.9408 0.936373771875 0.9488 0.9423773734375 0.9551999999999999 0.9531818546874999 0.9592 0.9783909765625 0.9616 0.9915968984375001 0.9568
1 0.957982734375 0.8928 0.9531818546874999 0.8880000000000001 0.9315728921875 0.8864000000000001 0.92196913125 0.8880000000000001 0.9135660906249999 0.892 0.9135660906249999 0.9071999999999999 0.9267700109374999 0.9183999999999999 0.9351750531249999 0.9168 0.957982734375 0.9016 0.957982734375 0.8928
1 0.7875144734374999 0.8848 0.7743105531250001 0.8896000000000001 0.7707083921875 0.9032 0.7719091125 0.9071999999999999 0.78871519375 0.9151999999999999 0.800720396875 0.9087999999999999 0.8031218375 0.8976000000000001 0.7971182359375 0.8888 0.7875144734374999 0.8848
1 0.7431361109375 1 0.7515008703125 0.9904 0.7575024703125 0.9728 0.7575024703125 0.9528000000000001 0.75510303125 0.9432 0.74549726875 0.9256 0.7406963890625 0.9199999999999999 0.7346947890625 0.9183999999999999 0.7310926281250001 0.9199999999999999 0.7298919078125 0.9279999999999999 0.7370942281249999 0.9528000000000001 0.7370942281249999 0.9688000000000001 0.7274904671875 0.984 0.7190874265625 0.9896 0.720288146875 0.9960000000000001 0.7151431546875 1 0.7431361109375 1
1 0.7058815046875 0.9144 0.698679184375 0.8904 0.6914768625 0.8784000000000001 0.6854732609374999 0.8752000000000001 0.6662657390625 0.876 0.6626655796875001 0.8775999999999999 0.65906341875 0.884 0.65306181875 0.9216 0.6554612578125 0.924 0.6626655796875001 0.9256 0.693878303125 0.9248 0.7022813453125 0.9208000000000001 0.7058815046875 0.9144
1 0.6266499750000001 0.8880000000000001 0.6122453343750001 0.8864000000000001 0.6002401328125 0.892 0.6002401328125 0.9071999999999999 0.60984389375 0.9119999999999999 0.6230498156250001 0.9119999999999999 0.6326535765625 0.9064 0.6350550171875 0.9007999999999999 0.633854296875 0.8944000000000001 0.6266499750000001 0.8880000000000001
1 0.6578626984375 0.9248 0.6278506953125 0.9248 0.620648375 0.9272 0.6266499750000001 0.9359999999999999 0.6554612578125 0.9456 0.683073821875 0.9448000000000001 0.693878303125 0.9416 0.69627774375 0.9384 0.69627774375 0.9328 0.6926775828125 0.9304 0.6578626984375 0.9248
1 0.714286546875 0.9856 0.7190874265625 0.976 0.7190874265625 0.9616 0.715485265625 0.9536 0.709483665625 0.9471999999999999 0.698679184375 0.9423999999999999 0.6698679000000001 0.9488 0.6638663 0.9568 0.6662657390625 0.9768000000000001 0.672269340625 0.9856 0.683073821875 0.9936 0.6878747015625 0.9944000000000001 0.7034820640625 0.9936 0.714286546875 0.9856
1 0.6808571078125001 1 0.6794716609375 0.992 0.6710686203125 0.984 0.6638663 0.9808 0.6602641390625 0.9832000000000001 0.6554612578125 0.9944000000000001 0.6410566171875 0.9928000000000001 0.633854296875 0.9960000000000001 0.6304236671875 1 0.6808571078125001 1
2 0.5759792406249999 1 0.577406434375 0.9986879999999999 0.6304082296875 0.968416 0.6031458749999999 0.922 0.538042821875 0.89072 0.5259295546875 0.8937519999999999 0.4047908859375 0.9583280000000001 0.339675825 0.9603440000000001 0.332921321875 1 0.5759792406249999 1
1 0.3637462640625 0.9576 0.37335002500000003 0.9576 0.3961577078125 0.9480000000000001 0.3997598671875 0.9432 0.3997598671875 0.932 0.3889553859375 0.9256 0.3781509046875 0.9256 0.370948584375 0.9288000000000001 0.3421373015625 0.9279999999999999 0.3361337 0.9328 0.3361337 0.9432 0.33973586093749997 0.9488 0.3637462640625 0.9576
1 0.327730659375 0.9656 0.33373426093749997 0.9496 0.3349329796875 0.9304 0.33013210000000004 0.924 0.30852313750000004 0.9263999999999999 0.295317215625 0.9311999999999999 0.28811489375 0.9304 0.279711853125 0.9384 0.2809125734375 0.9488 0.3145267390625 0.968 0.321729059375 0.9696 0.327730659375 0.9656
1 0.297119296875 1 0.2941184953125 0.9976 0.28571345312499996 0.9848000000000001 0.2785111328125 0.9616 0.279711853125 0.9248 0.273710253125 0.9199999999999999 0.2593036109375 0.9359999999999999 0.25570145 0.9536 0.25810289062499997 0.9768000000000001 0.2653052109375 0.992 0.2710678671875 1 0.297119296875 1
1 0.2170059828125 1 0.24998802343749998 0.949488 0.25783873281249997 0.938152 0.0733140390625 0.9407679999999999 0.07069646874999999 0.9477439999999999 0.075929609375 0.958208 0.111048503125 1 0.2170059828125 1
2 0 0.9855499875 0.020408303125 0.9864 0.031212784375000004 0.984 0.052821746875 0.9856 0.060024067187499995 0.984 0.069627828125 0.9743999999999999 0.069627828125 0.952 0.0672263875 0.9432 0.06362622812499999 0.9400000000000001 0.05522118593749999 0.9376 0.0168061421875 0.9400000000000001 0.0108045421875 0.9368000000000001 5.9375e-8 0.9368000000000001 0 0.9368000140625 0 0.9855499875
1 0.8319331203125 0.852 0.8367340000000001 0.8448 0.8367340000000001 0.8352 0.8307323999999999 0.8304 0.8067219968750001 0.8215999999999999 0.8031218375 0.8160000000000001 0.7983189562499999 0.8160000000000001 0.78871519375 0.8192 0.780312153125 0.8263999999999999 0.7719091125 0.8295999999999999 0.7719091125 0.8375999999999999 0.7839143140625 0.8512000000000001 0.7947187953125 0.8592000000000001 0.8163257578125 0.8592000000000001 0.8319331203125 0.852
1 0.7899159140625 0.8648 0.786313753125 0.8615999999999999 0.7599039109375 0.8583999999999999 0.7539023109375 0.8552 0.7322933484374999 0.8576 0.7178867062500001 0.8503999999999999 0.7106843859375 0.852 0.7058815046875 0.8560000000000001 0.7106843859375 0.8768 0.7190874265625 0.892 0.725091028125 0.9103999999999999 0.7346947890625 0.9112 0.78871519375 0.8736 0.7899159140625 0.8648
1 0.48499299687499997 0.8712 0.4669861953125 0.8720000000000001 0.45738243437500004 0.8775999999999999 0.459783875 0.8855999999999999 0.478991396875 0.8936 0.499399640625 0.8936 0.5186071625 0.8904 0.5246107640625 0.8864000000000001 0.5222093234375 0.8784000000000001 0.4969982 0.8752000000000001 0.48499299687499997 0.8712
1 0.5474184453125 0.8064 0.5246107640625 0.796 0.510204121875 0.7952 0.5066019609375 0.7984 0.4933980390625 0.8023999999999999 0.47658995624999995 0.8039999999999999 0.47058835625000006 0.8088 0.472989796875 0.8160000000000001 0.478991396875 0.8208 0.5042025203125 0.8288 0.5246107640625 0.8288 0.546217725 0.8215999999999999 0.55102060625 0.8176 0.55102060625 0.8119999999999999 0.5474184453125 0.8064
1 0.602641571875 0.8640000000000001 0.5930378109375 0.86 0.5822333296875 0.8583999999999999 0.5774304484375 0.8552 0.5738302890625 0.8496 0.5714288484375001 0.8320000000000001 0.5654252468750001 0.8272 0.5498198859375 0.8256 0.527010203125 0.8311999999999999 0.5210086031250001 0.836 0.52341004375 0.8496 0.548619165625 0.868 0.559423646875 0.8816 0.5642265281250001 0.8832000000000001 0.5834340499999999 0.8824 0.602641571875 0.8744 0.602641571875 0.8640000000000001
1 0.5990394125 0.8192 0.591837090625 0.8231999999999999 0.5930378109375 0.8304 0.6194476546875001 0.8455999999999999 0.6434580578125 0.844 0.65306181875 0.8368 0.6446587781249999 0.8295999999999999 0.629051415625 0.8272 0.60984389375 0.8192 0.5990394125 0.8192
1 0.6710686203125 0.8656 0.6818731015624999 0.8560000000000001 0.6950790234374999 0.8488 0.6998799046874999 0.8416 0.7130858265625 0.8336 0.7274904671875 0.8328 0.747898709375 0.8224 0.7503001499999999 0.8151999999999999 0.7382949484375 0.8055999999999999 0.7310926281250001 0.8032 0.6914768625 0.8135999999999999 0.6758695 0.8208 0.6542625390625 0.8384 0.6482589375 0.8503999999999999 0.6482589375 0.8608 0.6554612578125 0.868 0.6710686203125 0.8656
1 0.75630175 0.7872 0.7466979890625 0.7872 0.7370942281249999 0.7952 0.7358935078125 0.8032 0.7539023109375 0.8183999999999999 0.7647067921875 0.8224 0.7755092718750001 0.8231999999999999 0.780312153125 0.8176 0.7755092718750001 0.8055999999999999 0.75630175 0.7872
1 0.8151270390625 0.7976 0.8235300796875 0.792 0.8379347203125 0.7872 0.855941521875 0.7744 0.8523413625 0.7672 0.8367340000000001 0.768 0.8295316796875 0.7656 0.8103241578124999 0.7712 0.786313753125 0.7847999999999999 0.7791114328125001 0.7936 0.780312153125 0.8 0.791116634375 0.8008 0.8151270390625 0.7976
1 0.8427376015625001 0.7488 0.8091234375 0.7488 0.7983189562499999 0.7512 0.7791114328125001 0.7592 0.780312153125 0.768 0.795917515625 0.7664 0.8103241578124999 0.768 0.8283309593749999 0.7656 0.8511406421875 0.7672 0.854742803125 0.764 0.854742803125 0.7535999999999999 0.8427376015625001 0.7488
1 0.5402161249999999 0.7464000000000001 0.52341004375 0.7464000000000001 0.5126055625 0.7512 0.4957974796875 0.7672 0.4969982 0.776 0.5090034015625 0.78 0.5174064421875 0.7792 0.534214525 0.7824 0.5522213265625 0.7816 0.553422046875 0.772 0.5402161249999999 0.7464000000000001
1 0.5066019609375 0.7847999999999999 0.48139283749999995 0.7664 0.46938763593750005 0.7632 0.4417770734375 0.7504 0.4225695515625 0.7456 0.3985591484375 0.7448 0.3961577078125 0.7464000000000001 0.3961577078125 0.7544 0.42016811093750006 0.7672 0.44297779375 0.7736 0.453782275 0.7816 0.494598759375 0.796 0.5042025203125 0.796 0.5066019609375 0.7944 0.5066019609375 0.7847999999999999
1 0.429771871875 0.7727999999999999 0.4141665109375 0.7664 0.408162909375 0.768 0.397358428125 0.7664 0.3937582671875 0.7696 0.385353225 0.7704 0.37335002500000003 0.7807999999999999 0.376950184375 0.7896 0.387754665625 0.796 0.42016811093750006 0.7944 0.43937563281249997 0.7912 0.44537723281249997 0.7888 0.4501801140625 0.7816 0.4417770734375 0.7752 0.429771871875 0.7727999999999999
1 0.2917170546875 0.7816 0.3049209765625 0.7904 0.31812689843749997 0.7936 0.338535140625 0.7936 0.3565419421875 0.7856 0.370948584375 0.7847999999999999 0.3757494640625 0.7752 0.39015610624999997 0.7615999999999999 0.39015610624999997 0.7527999999999999 0.3865539453125 0.7496 0.370948584375 0.7512 0.360144103125 0.7575999999999999 0.3565419421875 0.7624 0.35174106250000003 0.7632 0.3445387421875 0.768 0.3205283390625 0.7727999999999999 0.2917170546875 0.7816
1 0.25210129062500003 0.7784 0.268907371875 0.7784 0.2965179359375 0.7824 0.298919375 0.7816 0.301320815625 0.7736 0.3097238578125 0.776 0.31812689843749997 0.7696 0.3241305 0.7615999999999999 0.32532921875 0.7527999999999999 0.321729059375 0.748 0.3049209765625 0.7456 0.2677066515625 0.748 0.25330201093750004 0.7472000000000001 0.23649392812499997 0.7527999999999999 0.23289376874999998 0.7632 0.23649392812499997 0.7696 0.25210129062500003 0.7784
1 0.247298409375 0.7776 0.22689016718750002 0.7727999999999999 0.21728640625 0.7736 0.21368624687499999 0.7847999999999999 0.21728640625 0.7968 0.22929160781250002 0.8055999999999999 0.241296809375 0.8064 0.2460976890625 0.8048 0.25570145 0.7976 0.25690217031249996 0.7856 0.247298409375 0.7776
1 0.43937563281249997 0.8800000000000001 0.45498099375 0.8792 0.46938763593750005 0.8672000000000001 0.48259355781249996 0.8632 0.483794278125 0.8576 0.4981989203125 0.8464 0.5018010796875 0.8352 0.4969982 0.8295999999999999 0.472989796875 0.8240000000000001 0.4561817140625 0.8256 0.4501801140625 0.8304 0.4477786734375 0.844 0.44297779375 0.8528 0.41656595 0.8632 0.4153652296875 0.8720000000000001 0.43937563281249997 0.8800000000000001
1 0.376950184375 0.9176 0.3721493046875 0.8936 0.3673464234375 0.884 0.360144103125 0.8768 0.349339621875 0.8736 0.34093658125 0.8775999999999999 0.3313328203125 0.8888 0.327730659375 0.9208000000000001 0.3361337 0.9279999999999999 0.366145703125 0.9279999999999999 0.37335002500000003 0.9248 0.376950184375 0.9176
1 0.3349329796875 0.8512000000000001 0.33973586093749997 0.852 0.34693818125 0.8568 0.36254554375 0.8720000000000001 0.370948584375 0.8704000000000001 0.3781509046875 0.8648 0.379351625 0.8528 0.3673464234375 0.828 0.34093658125 0.8144 0.31932761875 0.8071999999999999 0.306121696875 0.8048 0.292917775 0.8064 0.2893156140625 0.8096 0.28811489375 0.8168 0.29771865468750003 0.8256 0.31092457812499996 0.8328 0.3157254578125 0.8384 0.321729059375 0.8368 0.3313328203125 0.844 0.3349329796875 0.8512000000000001
1 0.25810289062499997 0.8824 0.290516334375 0.8848 0.3121252984375 0.8832000000000001 0.3349329796875 0.8775999999999999 0.34093658125 0.8712 0.3373344203125 0.8656 0.3289313796875 0.8632 0.31092457812499996 0.8656 0.26050433125 0.8656 0.24969985 0.8672000000000001 0.24489696875 0.8720000000000001 0.24969985 0.8784000000000001 0.25810289062499997 0.8824
1 0.2593036109375 0.9279999999999999 0.268907371875 0.9208000000000001 0.2725095328125 0.9119999999999999 0.2785111328125 0.9071999999999999 0.273710253125 0.8984 0.26050433125 0.8896000000000001 0.25330201093750004 0.8904 0.2460976890625 0.8848 0.23889536875 0.8855999999999999 0.23649392812499997 0.8904 0.21728640625 0.9032 0.2124855265625 0.9119999999999999 0.2160856859375 0.9231999999999999 0.2316930484375 0.932 0.247298409375 0.932 0.2593036109375 0.9279999999999999
1 0.27610969218750003 0.8632 0.2809125734375 0.8583999999999999 0.2809125734375 0.8503999999999999 0.274908971875 0.8352 0.2701080921875 0.8295999999999999 0.24369825 0.8119999999999999 0.2316930484375 0.8088 0.2184871265625 0.8128 0.20408248437499998 0.8240000000000001 0.19327800312500001 0.8423999999999999 0.1920772828125 0.8535999999999999 0.19567744375 0.8624 0.20528120468750002 0.8640000000000001 0.247298409375 0.8608 0.25210129062500003 0.8624 0.27610969218750003 0.8632
1 0.163266 0.8560000000000001 0.15246151875 0.8640000000000001 0.15246151875 0.876 0.1620652796875 0.8816 0.177670640625 0.8816 0.18847512187499998 0.8736 0.1872744015625 0.8624 0.1764699203125 0.8552 0.163266 0.8560000000000001
1 0.064824946875 0.9144 0.075629428125 0.9136 0.0792315890625 0.9087999999999999 0.08763462968749999 0.9039999999999999 0.09003607031250001 0.8992000000000001 0.1056414328125 0.8896000000000001 0.1272503953125 0.8824 0.1356534359375 0.8816 0.1404563171875 0.8768 0.1416570375 0.8695999999999999 0.13685415625 0.8632 0.1080428734375 0.8480000000000001 0.09963983125 0.8496 0.091236790625 0.8568 0.0816330296875 0.8712 0.0672263875 0.8816 0.04441870625 0.8928 0.0360136640625 0.892 0.033614225 0.8992000000000001 0.064824946875 0.9144
1 0.0960376703125 0.8295999999999999 0.09963983125 0.8375999999999999 0.111645034375 0.8455999999999999 0.120048075 0.8488 0.128451115625 0.8488 0.1416570375 0.852 0.1620652796875 0.8503999999999999 0.1836742421875 0.8448 0.19327800312500001 0.8384 0.19567744375 0.8328 0.1944787234375 0.8272 0.1836742421875 0.8231999999999999 0.1764699203125 0.8160000000000001 0.17526919999999999 0.7984 0.18007208125000002 0.788 0.18007208125000002 0.7792 0.17407048125 0.7736 0.150060078125 0.7647999999999999 0.1428577578125 0.7696 0.13085255625 0.7687999999999999 0.1188473546875 0.772 0.1164459140625 0.776 0.120048075 0.7952 0.1188473546875 0.8096 0.10924359374999999 0.8231999999999999 0.0960376703125 0.8295999999999999
1 0 0.8739377578124999 0.009603821875 0.8728 0.025209182812499998 0.868 0.039615825 0.8664 0.048018865625000004 0.8608 0.0492195859375 0.8552 0.045617425 0.8503999999999999 0.0192075828125 0.8528 0.0084031015625 0.8512000000000001 0 0.8525263000000001 0 0.8739377578124999