1 0.6139239234375 0.266948771875 0.5981006328125 0.2584750421875 0.5537970890625 0.2796614625 0.5569613296875 0.3220343015625 0.5664561390625 0.3305080296875 0.5949363921875 0.3305080296875 0.604431203125 0.3220343015625 0.6170881640625 0.2923720546875 0.6139239234375 0.266948771875
3 0.3860756328125 0.8601685171875 0.45253095 0.8601685171875 0.47784905 0.805085084375 0.47151848125000007 0.79237239375 0.40822740468749996 0.805085084375 0.3860756328125 0.83050836875 0.3860756328125 0.8601685171875
3 0.2658219625 0.13983025468750002 0.2658219625 0.156779809375 0.2784810125 0.17796622812500001 0.306961265625 0.1991526484375 0.325948796875 0.1991526484375 0.32278455625 0.18220309375 0.287973734375 0.1271196609375 0.275316771875 0.1271196609375 0.2658219625 0.13983025468750002
3 0.34177267968749997 0 0.3575953796875 0.025424428125 0.41139164531250005 0.038135021875 0.43670974687499997 0.021185465625 0.43987398750000006 0.0042380078125 0.4303788328125 0 0.34177267968749997 0
1 0.10443107656249999 0.41525370781250004 0.12974708906250002 0.41101684374999997 0.14240405 0.3644071390625 0.1360755703125 0.3177974359375 0.1265828484375 0.3093216109375 0.088607784375 0.313558475 0.07278449375 0.38983042343749996 0.10443107656249999 0.41525370781250004
5 0.4305379109375 0.18262677968750002 0.4365196828125 0.2092791734375 0.4484811390625 0.2119492375 0.48038044375 0.035846695312499996 0.4664243671875 0.014492478125 0.4305379109375 0.18262677968750002
5 0.34088651875 0.21461930156250003 0.2591446828125 0.23864358125 0.2671210765625 0.27601608125 0.34287904999999996 0.2359756140625 0.34088651875 0.21461930156250003
5 0.6144293671875001 0.7241106359375 0.6324373421875 0.710338728125 0.6105696203125001 0.638007903125 0.5951264562499999 0.6397026484375 0.6144293671875001 0.7241106359375
5 0.626582975 0.39406728750000003 0.6170881640625 0.3220343015625 0.604431203125 0.313558475 0.5917721515625 0.3305080296875 0.6012648734375 0.4322032625 0.6234187343750001 0.4322032625 0.626582975 0.39406728750000003
5 0.17088639218749999 0.542372225 0.139239809375 0.41525370781250004 0.1234186078125 0.406779978125 0.1075953171875 0.41525370781250004 0.1075953171875 0.4322032625 0.1518988609375 0.6059314828125 0.162657278125 0.6033893640625 0.1674046828125 0.6033893640625 0.1740506328125 0.5805081984375 0.17088639218749999 0.542372225
5 0.0087744046875 0 0.069620253125 0.1991526484375 0.07594873437500001 0.216102203125 0.09810050625 0.2203390671875 0.1075953171875 0.2118653390625 0.1075953171875 0.1864399578125 0.049757246875 0 0.0087744046875 0