1 0.6515686406250001 0.4799996 0.6236926828125 0.4766669 0.6062717765625 0.4933325 0.602786759375 0.5133329 0.6306627171875 0.5633339 0.6376306625 0.5599991 0.662021603125 0.5066675 0.662021603125 0.49666730000000003 0.6515686406250001 0.4799996
1 0.7560982578125001 0.4833323 0.7700341468749999 0.4833323 0.7874571421875001 0.49666730000000003 0.7979101046875 0.4899998 0.7979101046875 0.46666670000000005 0.7926836234375 0.45333379999999995 0.7700341468749999 0.4266659 0.752613240625 0.4266659 0.7369337984375 0.43666609999999995 0.7247393734375 0.45999920000000005 0.7264808359375 0.4799996 0.735192334375 0.4933325 0.7560982578125001 0.4833323
5 0.744999303125 0.0611672 0.732821603125 0.0641324 0.732821603125 0.0683324 0.7468641109374999 0.0629669 0.744999303125 0.0611672
1 0.7770041812499999 0.7533335 0.757839721875 0.7566662 0.7508717765624999 0.7699990999999999 0.7508717765624999 0.796667 0.7630662015625 0.8066672 0.783972125 0.8066672 0.78919860625 0.7999997 0.78919860625 0.7766666 0.7770041812499999 0.7533335
1 0.735192334375 0.7500008 0.7229958187500001 0.7500008 0.7055749125 0.7733339 0.7090599296875 0.8066672 0.7229958187500001 0.8166674 0.7317073171875 0.8133326000000001 0.742160278125 0.7899995 0.7439017421874999 0.760001 0.735192334375 0.7500008
1 0.597560278125 0.1100006 0.5905923343749999 0.1133333 0.5627184671875 0.166667 0.5627184671875 0.1833326 0.583624390625 0.21333319999999997 0.597560278125 0.21333319999999997 0.62020975625 0.18666739999999998 0.6306627171875 0.1533341 0.6184662015625 0.12000079999999999 0.597560278125 0.1100006
1 0.7125428578124999 0.1766672 0.691636934375 0.1766672 0.6864104531249999 0.18666739999999998 0.6864104531249999 0.2000003 0.6933804875 0.21000049999999998 0.7038334500000001 0.21000049999999998 0.7125428578124999 0.20333299999999999 0.716027875 0.18666739999999998 0.7125428578124999 0.1766672
1 0.522648084375 0.3533339 0.5087101046875 0.3533339 0.4982571421875 0.3699995 0.4965156796875 0.3899999 0.522648084375 0.4000001 0.529616028125 0.3899999 0.529616028125 0.3699995 0.522648084375 0.3533339
1 0.38675958125 0.3200006 0.367595121875 0.3333335 0.3536592328125 0.3566666 0.3519156796875 0.3799997 0.3902446 0.3966674 0.4006975609375 0.3666668 0.40766550468749996 0.326666 0.38675958125 0.3200006
1 0.3170738671875 0.5633339 0.30836236875 0.5699993 0.30662090625 0.586667 0.31184738749999996 0.5999999 0.3275268296875 0.5966672 0.3292682921875 0.5733341000000001 0.325783275 0.5666666 0.3170738671875 0.5633339
1 0.289197909375 0.413333 0.277003484375 0.413333 0.270035540625 0.4266659 0.270035540625 0.4400009 0.27874494843750003 0.45333379999999995 0.2909414640625 0.44999900000000004 0.2996508703125 0.4400009 0.2996508703125 0.4266659 0.289197909375 0.413333
1 0.3275268296875 0.2699996 0.3292682921875 0.2933327 0.3536592328125 0.3166658 0.3667254359375 0.3090008 0.3658536578125 0.2833325 0.3536592328125 0.25666669999999997 0.3275268296875 0.2699996
1 0.3588857140625 0.1399991 0.350174215625 0.1399991 0.3414627171875 0.1533341 0.3414627171875 0.1633343 0.3449477359375 0.1699997 0.362368640625 0.1699997 0.3658536578125 0.1533341 0.3588857140625 0.1399991
1 0.277003484375 0.24999920000000003 0.264809059375 0.24666649999999998 0.22996515624999997 0.2733323 0.2247386765625 0.3000002 0.2334501734375 0.3166658 0.2630655046875 0.3200006 0.28571498281249996 0.3066677 0.2926829265625 0.2933327 0.2926829265625 0.2799998 0.277003484375 0.24999920000000003
1 0.2135891640625 1 0.2142857140625 0.9933341 0.21080069687499997 0.9766664 0.2020912890625 0.9633335000000001 0.181185365625 0.956666 0.1724738671875 0.9700010000000001 0.16898885 0.9999995 0.1689891109375 1 0.2135891640625 1
1 0.11742227499999999 1 0.1184675953125 0.9966668000000001 0.1184675953125 0.9799991 0.108014634375 0.9600008000000001 0.0905916375 0.956666 0.0801386765625 0.9866666000000001 0.0801386765625 1 0.11742227499999999 1
1 0.048779790625 0.1266662 0.0400703828125 0.1433339 0.0400703828125 0.1699997 0.048779790625 0.18666739999999998 0.06097630625 0.18666739999999998 0.0679442515625 0.1699997 0.0679442515625 0.1499993 0.059232753125 0.1266662 0.048779790625 0.1266662
1 0.034843903125 0.39333260000000003 0.01742090625 0.39333260000000003 0.0087114984375 0.4100003 0.0087114984375 0.43666609999999995 0.019164459375 0.45333379999999995 0.033100348437499996 0.45333379999999995 0.043553309375 0.43666609999999995 0.0452968640625 0.413333 0.034843903125 0.39333260000000003
2 0.3024934984375 0 0.3588857140625 0.0499994 0.43553937343750004 0.1066658 0.44599233437499997 0.1033331 0.440765853125 0.0666671 0.3797894671875 0 0.3024934984375 0
2 0.8797902437499999 0.0966677 0.8536578390624999 0.12333350000000001 0.8449484328124999 0.1533341 0.8449484328124999 0.1966676 0.8675958187499999 0.26333419999999996 0.8797902437499999 0.2799998 0.8902432062500001 0.2799998 0.891986759375 0.2200007 0.909407665625 0.1833326 0.9337986062500001 0.1633343 0.982578396875 0.1566668 0.9860634140625001 0.1433339 0.9686404187500001 0.1133333 0.9390250874999999 0.0866675 0.9059226484374999 0.08333270000000001 0.8797902437499999 0.0966677
2 1 0.5054899640625 0.9860634140625001 0.4866671 0.9547045296875 0.46333399999999997 0.9198606265624999 0.44999900000000004 0.8902432062500001 0.45666650000000003 0.8675958187499999 0.4833323 0.8763073171875 0.5333333 0.8902432062500001 0.5533337 0.9634139375 0.6033326 0.987804878125 0.6266657 1 0.6478770265625 1 0.5054899640625
2 0.77224170625 1 0.754354703125 0.9633335000000001 0.7317073171875 0.9400004 0.69860696875 0.9366676999999999 0.6724745640625 0.9533333 0.6515686406250001 0.9899993 0.6495357875 1 0.77224170625 1
2 0.46864181250000003 0.8133326000000001 0.46515679375 0.8933342 0.4808362375 0.9500006000000001 0.5034836234375 0.9799991 0.522648084375 0.9899993 0.5505219515625 0.9866666000000001 0.5749128921875 0.9666662 0.595818815625 0.9233326999999999 0.6045303140625 0.8766665 0.601045296875 0.8099999 0.595818815625 0.7899995 0.573171428125 0.7500008 0.5505219515625 0.7333331000000001 0.519163065625 0.7333331000000001 0.4930306625 0.7533335 0.47560975625 0.7866668 0.46864181250000003 0.8133326000000001
2 0.074911759375 1 0.0749121953125 0.9999995 0.0905916375 0.9533333 0.0923351921875 0.9099997999999999 0.0766557484375 0.8733337999999999 0.0505233453125 0.8500007 0 0.8439582703124999 0 1 0.074911759375 1
2 0.120209059375 0.6033326 0.11672404218750002 0.6400007 0.11672404218750002 0.7366658 0.120209059375 0.7633337 0.14111498281249998 0.7866668 0.17421533125 0.7899995 0.22822369375 0.7666664 0.2613240421875 0.7333331000000001 0.2735184671875 0.71 0.2804885015625 0.6633338 0.2752620203125 0.586667 0.264809059375 0.5466662 0.2473860625 0.5166677 0.2020912890625 0.4833323 0.1724738671875 0.4833323 0.1480829265625 0.5066675 0.13066202031250002 0.5533337 0.120209059375 0.6033326
1 0.656795121875 0.8433332 0.656795121875 0.8633336 0.663763065625 0.8966668999999999 0.681183971875 0.9199999999999999 0.7038334500000001 0.9066671 0.7125428578124999 0.883334 0.71080139375 0.8433332 0.6968634140625001 0.8166674 0.68815400625 0.8099999 0.663763065625 0.8200001 0.656795121875 0.8433332
1 0.674216028125 0.08333270000000001 0.6655045296875 0.0966677 0.681183971875 0.130001 0.6898954703125 0.130001 0.6951219515625 0.1033331 0.691636934375 0.0866675 0.674216028125 0.08333270000000001
1 0.831010453125 0.9500006000000001 0.8153310109374999 0.9266675 0.7944250875 0.9333329000000001 0.78919860625 0.9633335000000001 0.7961665499999999 0.9833339000000001 0.8275254359374999 0.9833339000000001 0.8327519156250001 0.9700010000000001 0.831010453125 0.9500006000000001
1 0.7770041812499999 0.6766667 0.76655121875 0.673334 0.7560982578125001 0.6866669 0.754354703125 0.71 0.759581184375 0.7200002 0.7717777 0.7233329000000001 0.7857135890625 0.7066673 0.7874571421875001 0.6933323 0.7770041812499999 0.6766667
1 0.8188160281249999 0.2799998 0.7996515671875 0.2833325 0.7944250875 0.3100004 0.8013930312499999 0.34333369999999996 0.8083630656249999 0.3499991 0.8205574906249999 0.34666640000000004 0.8414634140624999 0.3166658 0.8397219515625001 0.2966675 0.8188160281249999 0.2799998
1 0.8675958187499999 0.029998999999999998 0.8641108015625001 0.0233336 0.8379783968750001 0.026666299999999997 0.836236934375 0.0666671 0.8449484328124999 0.0733325 0.8658543546875 0.0499994 0.8675958187499999 0.029998999999999998
1 0.921602090625 0.3866672 0.909407665625 0.376667 0.897213240625 0.3799997 0.8937282234374999 0.3966674 0.9006961671875 0.4200005 0.914634146875 0.4200005 0.9233456453125 0.4100003 0.921602090625 0.3866672
1 0.8449484328124999 0.5966672 0.8397219515625001 0.6133328 0.836236934375 0.6933323 0.8397219515625001 0.6999998 0.85540139375 0.7033324999999999 0.8658543546875 0.659999 0.8815337984375 0.6266657 0.898954703125 0.6033326 0.898954703125 0.5833343 0.8937282234374999 0.5733341000000001 0.8780487812500001 0.5733341000000001 0.8449484328124999 0.5966672
1 0.843204878125 0.796667 0.848431359375 0.8133326000000001 0.8606278749999999 0.8266676000000001 0.8728222999999999 0.8233328 0.8815337984375 0.7866668 0.8710808359375 0.7666664 0.8536578390624999 0.7633337 0.843204878125 0.7733339 0.843204878125 0.796667
1 0.9006961671875 0.8899994 0.9059226484374999 0.8999995999999999 0.9163756093750001 0.9033323 0.9320550515624999 0.8866666999999999 0.9303135890625001 0.8733337999999999 0.9181191640625 0.8533334 0.9059226484374999 0.8500007 0.902439721875 0.8566661 0.9006961671875 0.8899994
1 0.9912898953125 0.0466667 0.982578396875 0.036666500000000005 0.9721254359374999 0.0399992 0.970383971875 0.0666671 0.9756104531249999 0.0733325 0.987804878125 0.0699998 0.9912898953125 0.0466667
1 1 0.238787153125 0.9843198609374999 0.2333336 0.9790933796875001 0.239999 0.977351915625 0.26333419999999996 0.9860634140625001 0.2966675 1 0.2806679796875 1 0.238787153125
1 0.754354703125 0.026666299999999997 0.742160278125 0.0533342 0.7454696859375 0.059333899999999995 0.7506961671875 0.06499970000000001 0.76655121875 0.0666671 0.7979101046875 0.0466667 0.7996515671875 0.029998999999999998 0.7909400703125 0.0166661 0.7735191640625 0.0133334 0.754354703125 0.026666299999999997
1 0.8257839718750001 0.0900002 0.8031365859375 0.0900002 0.7944250875 0.10000039999999999 0.7944250875 0.130001 0.7996515671875 0.13666640000000002 0.8275254359374999 0.13666640000000002 0.8327519156250001 0.130001 0.8327519156250001 0.1033331 0.8257839718750001 0.0900002
1 0.8135895468750001 0.5200004 0.7996515671875 0.5233331 0.7944250875 0.5400008 0.7961665499999999 0.5566664 0.8083630656249999 0.5699993 0.8188160281249999 0.5666666 0.824042509375 0.5533337 0.824042509375 0.5300005999999999 0.8135895468750001 0.5200004
1 0.8952032031250001 0 0.9128926828124999 0.036666500000000005 0.9250871078125 0.033333800000000004 0.9303135890625001 0.0166661 0.9303135890625001 0 0.8952032031250001 0
1 0.9140122171874999 1 0.9372815328125 0.9633335000000001 0.9372815328125 0.9500006000000001 0.9059226484374999 0.9366676999999999 0.8797902437499999 0.9600008000000001 0.8780487812500001 0.9700010000000001 0.9002618281249999 1 0.9140122171874999 1
1 1 0.9466658000000001 0.993031359375 0.9466658000000001 0.977351915625 0.9666662 0.977351915625 0.9799991 0.9843198609374999 0.9966668000000001 1 0.9902380000000001 1 0.9466658000000001
1 1 0.3838884234375 0.9912898953125 0.3866672 0.9843198609374999 0.4000001 0.9982578390624999 0.4200005 1 0.42047662656250007 1 0.3838884234375
5 0.744372125 0.053399300000000004 0.731567246875 0.054600499999999996 0.732194425 0.0611672 0.7452961671875 0.059966 0.744372125 0.053399300000000004
2 0.30818884999999996 0.7553327000000001 0.3240418125 0.760001 0.39895400625 0.7766666 0.40331080156250004 0.7736657 0.39895400625 0.7200002 0.3919860625 0.7033324999999999 0.3658536578125 0.6799994 0.3362362375 0.6833342 0.32055679375 0.7033324999999999 0.31184738749999996 0.7266676999999999 0.30818884999999996 0.7553327000000001
4 0.7540599296875 0.2437328 0.7509407671874999 0.0707999 0.50081811875 0.4956677 0.6044592328125 0.4956677 0.702631359375 0.3927992 0.7540599296875 0.2437328
3 0.0278738671875 0.6266657 0.0209059234375 0.659999 0.0452968640625 0.6966671 0.054006271875 0.6966671 0.0644592328125 0.6400007 0.043553309375 0.6266657 0.0278738671875 0.6266657
1 0.108014634375 0.043334 0.10975609687500001 0.0699998 0.1184675953125 0.0866675 0.1289205578125 0.08333270000000001 0.132403484375 0.0533342 0.125435540625 0.036666500000000005 0.11324111562500001 0.033333800000000004 0.108014634375 0.043334
3 0.2491296171875 0.8433332 0.22648013906250003 0.8666663 0.2142857140625 0.8999995999999999 0.2125442515625 0.9466658000000001 0.2613240421875 0.9333329000000001 0.25958257812499996 0.8466659 0.2491296171875 0.8433332
1 0.28222996562499997 0.1433339 0.277003484375 0.1333337 0.2630655046875 0.13666640000000002 0.2630655046875 0.1699997 0.28222996562499997 0.15999950000000002 0.28222996562499997 0.1433339
1 0.3588857140625 0.5699993 0.348432753125 0.5833343 0.3449477359375 0.5999999 0.3519156796875 0.6166676 0.372821603125 0.6166676 0.3763066203125 0.5899997 0.372821603125 0.5766668 0.3588857140625 0.5699993
1 0.301394425 0.796667 0.2909414640625 0.8166674 0.2909414640625 0.8466659 0.29616794375 0.8566661 0.31358885000000003 0.8566661 0.31881533125 0.8433332 0.31881533125 0.8233328 0.3101038328125 0.7999997 0.301394425 0.796667
1 0.3536592328125 0.7999997 0.337979790625 0.8066672 0.3292682921875 0.8266676000000001 0.3292682921875 0.8600009 0.343206271875 0.8666663 0.362368640625 0.8566661 0.3693386765625 0.8400005 0.3658536578125 0.8133326000000001 0.3536592328125 0.7999997
1 0.3447887578125 1 0.3414627171875 0.9766664 0.3344947734375 0.9666662 0.31184738749999996 0.9733337000000001 0.30662090625 0.9966668000000001 0.30705626874999997 1 0.3447887578125 1
1 0.4181184671875 0.7933342999999999 0.41289198593750004 0.8033324000000001 0.433624390625 0.8483333 0.456445296875 0.8999995999999999 0.4616717765625 0.8899994 0.45818885 0.8266676000000001 0.4494773515625 0.8133326000000001 0.4181184671875 0.7933342999999999
1 0.4041804875 0.5166677 0.4006975609375 0.5266658 0.3954710796875 0.6400007 0.4006975609375 0.6533336000000001 0.41637700312500003 0.6533336000000001 0.41985992968749997 0.6433334 0.4250864109375 0.5266658 0.41985992968749997 0.5166677 0.4041804875 0.5166677
1 0.43553937343750004 0.2766671 0.4250864109375 0.2799998 0.4181184671875 0.2966675 0.4181184671875 0.3100004 0.43379790937499996 0.3100004 0.440765853125 0.2833325 0.43553937343750004 0.2766671
1 0.4320564453125 0.2000003 0.4250864109375 0.21000049999999998 0.421603484375 0.2366663 0.4250864109375 0.2433338 0.44250940781250003 0.239999 0.4442508703125 0.2200007 0.43902439062500004 0.20333299999999999 0.4320564453125 0.2000003
1 0.426829965625 0.1466666 0.4250864109375 0.15999950000000002 0.428571428125 0.1699997 0.44599233437499997 0.1699997 0.4442508703125 0.1499993 0.43553937343750004 0.1433339 0.426829965625 0.1466666
1 0.5104533328125 0 0.4912891984375 0.0133334 0.48780418125 0.0233336 0.48954773593749995 0.0633323 0.5017421609375 0.0633323 0.5522655046875 0.0200009 0.55077108125 0 0.5104533328125 0
1 0.4930306625 0.1900001 0.494774215625 0.21333319999999997 0.5174216031250001 0.2766671 0.5278745640625 0.2766671 0.5365860625 0.25666669999999997 0.5365860625 0.239999 0.53135958125 0.22333340000000002 0.5104536578125 0.18666739999999998 0.4930306625 0.1900001
1 0.5139365859375 0.5533337 0.47735121875 0.5533337 0.46864181250000003 0.5599991 0.46864181250000003 0.6200003 0.47386829218750004 0.6300005 0.522648084375 0.6233329999999999 0.524389546875 0.5666666 0.5139365859375 0.5533337
1 0.674216028125 0.3733343 0.663763065625 0.376667 0.6480836234375 0.3966674 0.656795121875 0.42333319999999997 0.6655045296875 0.42333319999999997 0.675957490625 0.4066676 0.6794425093750001 0.3833324 0.674216028125 0.3733343
1 0.5644599296874999 0.46666670000000005 0.5505219515625 0.46666670000000005 0.547039025 0.47333420000000004 0.5487804875 0.4899998 0.5627184671875 0.49666730000000003 0.571427875 0.4866671 0.5644599296874999 0.46666670000000005