1 0 0.7678355890625 0.002212 0.77070136875 0.0177 0.77070136875 0.057522 0.7197456046874999 0.10840799999999999 0.678344171875 0.11947 0.659235509375 0.117256 0.6273884078124999 0.09955800000000001 0.621018184375 0.06416 0.6369427390625 0.019912 0.6178340765625 0 0.6197445796875 0 0.7678355890625
1 0.117256 0.8726108921875 0.115044 0.8885354453125001 0.132744 0.9140123250000001 0.11947 0.9458594265625001 0.11947 0.9649680890625 0.13495600000000002 0.9745224203125 0.154868 0.9649680890625 0.170354 0.968152196875 0.19911600000000002 0.9203825484375001 0.205752 0.8949036625 0.19469 0.8853493312499999 0.141592 0.8694267828125 0.117256 0.8726108921875
1 0.33779686249999996 1 0.325222 0.96178398125 0.303098 0.9363050953125001 0.272124 0.9331209875 0.25663800000000003 0.9522296499999999 0.216814 0.9458594265625001 0.19469 0.9649680890625 0.196902 0.987260859375 0.2089126765625 1 0.33779686249999996 1
1 0.497788 0.8471340125 0.497788 0.812102803125 0.477876 0.7898080249999999 0.460176 0.7898080249999999 0.41593 0.8407637890625 0.40708 0.866242675 0.418142 0.8949036625 0.42920400000000003 0.90445799375 0.446902 0.90445799375 0.49115000000000003 0.8789811140625 0.497788 0.8471340125
1 0.460176 0.245223184375 0.513274 0.2388529625 0.548672 0.207005859375 0.581858 0.1496818796875 0.59292 0.11146455468750001 0.590708 0.0605087890625 0.577434 0.057324681249999995 0.5398240000000001 0.09554200625 0.44469000000000003 0.1528659875 0.393806 0.16242031875000001 0.387168 0.18152898125 0.411504 0.216560190625 0.43583999999999995 0.23566885312500002 0.460176 0.245223184375
0 0.179204 0.207005859375 0.16593 0.197451528125 0.126106 0.2038217515625 0.11947 0.21337608281249998 0.117256 0.23566885312500002 0.128318 0.2675159546875 0.146018 0.2898087265625 0.161504 0.2898087265625 0.179204 0.254777515625 0.18362799999999999 0.2324847453125 0.179204 0.207005859375
1 0.10619400000000001 0.6847123890625 0.090708 0.7038210515625 0.09955800000000001 0.735668153125 0.112832 0.7484085984375 0.141592 0.7420383765625 0.15044200000000002 0.7292999359375 0.137168 0.7082812109375001 0.126992 0.698407865625 0.115044 0.6910826109375 0.10619400000000001 0.6847123890625
1 0.04768889375 0 0.044247999999999996 0.022293471875000002 0.053098 0.050954459375000004 0.081858 0.0700631203125 0.12389399999999999 0.0700631203125 0.16593 0.0445862421875 0.19469 0.00955503125 0.1971037671875 0 0.04768889375 0
1 0.922566 0.8248412421875001 0.929204 0.8089166875 0.922566 0.754776815625 0.90708 0.7133753828125 0.8849560000000001 0.6751600640625 0.86947 0.6656057328125 0.853982 0.7133753828125 0.83407 0.7515927062500001 0.807522 0.783439809375 0.807522 0.7929941406250001 0.820796 0.8184710187500001 0.84292 0.8407637890625 0.887168 0.8471340125 0.922566 0.8248412421875001
1 0.603982 0.9108282171875001 0.586284 0.8821652234374999 0.5619460000000001 0.8726108921875 0.5066379999999999 0.8726108921875 0.49557599999999996 0.8789811140625 0.49557599999999996 0.8917195546875 0.515486 0.9203825484375001 0.522124 0.9554137578124999 0.535398 0.9777065281249999 0.557522 0.9777065281249999 0.6017699999999999 0.9554137578124999 0.606194 0.9458594265625001 0.603982 0.9108282171875001
1 0.920354 0.3184717203125 0.920354 0.302547165625 0.9026540000000001 0.26114573281250003 0.8915919999999999 0.2038217515625 0.8915919999999999 0.12101888593750001 0.873894 0.11783477656250001 0.849558 0.1401275484375 0.8318580000000001 0.18152898125 0.827434 0.2038217515625 0.827434 0.26114573281250003 0.84292 0.292992834375 0.873894 0.3184717203125 0.91593 0.32165582812500004 0.920354 0.3184717203125
1 0.358408 0.4331216875 0.387168 0.3917202546875 0.40044199999999996 0.350318821875 0.40044199999999996 0.292992834375 0.387168 0.292992834375 0.358408 0.331210159375 0.318584 0.3630572609375 0.276548 0.3757957 0.276548 0.3917202546875 0.316372 0.436305796875 0.34734600000000004 0.43948990468750004 0.358408 0.4331216875
1 0.488938 0.6433129625 0.451328 0.5987254140625 0.433628 0.5700644265625 0.42256600000000005 0.5254768796875 0.411504 0.5254768796875 0.391592 0.5796187578125 0.393806 0.640126846875 0.40265399999999996 0.6719739484375 0.424778 0.6942667203124999 0.47123799999999993 0.6942667203124999 0.511062 0.6751600640625 0.513274 0.659235509375 0.488938 0.6433129625
1 0.39823 0.9299368796874999 0.393806 0.9108282171875001 0.37168199999999996 0.8885354453125001 0.31416 0.8503181203124999 0.292036 0.8439499046875 0.25663800000000003 0.8439499046875 0.25 0.8503181203124999 0.252212 0.8726108921875 0.25884999999999997 0.8821652234374999 0.274336 0.8917195546875 0.294248 0.9267507640625 0.316372 0.9426753187499999 0.345132 0.9522296499999999 0.393806 0.9394912109375 0.39823 0.9299368796874999
1 0.11947 0.4808913375 0.11947 0.5191086625 0.141592 0.5636942031250001 0.17699199999999998 0.5700644265625 0.19911600000000002 0.54777165625 0.19911600000000002 0.5191086625 0.159734 0.47515914062500003 0.13584000000000002 0.4687889171875 0.11947 0.4808913375
1 0.07300799999999999 0.8980897765625 0.08407 0.8949036625 0.11062000000000001 0.8726108921875 0.210176 0.8407637890625 0.25 0.8152869109375 0.263274 0.7961782484375 0.263274 0.7579609234375 0.243362 0.7388542671875 0.205752 0.7420383765625 0.170354 0.7675152546875 0.077434 0.802548471875 0.035398 0.83757968125 0.026548 0.8535022296875001 0.057522 0.8885354453125001 0.07300799999999999 0.8980897765625