5 0.5011661328125 0.5093464171875 0.5000007 0.5031157328125 0.4860134921875 0.49376869218749997 0.47552459999999996 0.49376869218749997 0.4708628703125 0.5062300625 0.472028303125 0.5155771031249999 0.484848059375 0.5249221187499999 0.49533897031249996 0.523364953125 0.5011661328125 0.5093464171875
3 0.7715626078125 0.0903434578125 0.761071696875 0.0903434578125 0.754079103125 0.095014953125 0.748251940625 0.105919159375 0.7529136703125 0.113707009375 0.7995329859375 0.143301246875 0.808858465625 0.143301246875 0.808858465625 0.11993769531250001 0.785547796875 0.09657414375 0.7715626078125 0.0903434578125
5 0.87412671875 0.14174408125 0.8613049421874999 0.13239906562499998 0.8496506187499999 0.13239906562499998 0.8449888890624999 0.14018691562500002 0.84382345625 0.14953193125 0.8473197546875 0.1542054515625 0.862470375 0.1619933015625 0.8682975374999999 0.1619933015625 0.8729612859375001 0.1557626171875 0.87412671875 0.14174408125
5 0.3426572265625 0.4922115265625 0.33566463281250003 0.485980840625 0.32167742499999996 0.4813093453125 0.31585026250000003 0.485980840625 0.31351939687499997 0.5015585671875 0.319346559375 0.507787228125 0.3379954984375 0.5109035828125 0.3426572265625 0.5031157328125 0.3426572265625 0.4922115265625
5 0.6060611078125 0.30373785 0.6037302437500001 0.29595 0.5909084671875 0.28504579375 0.582750440625 0.28504579375 0.5780887109374999 0.294392834375 0.5780887109374999 0.30373785 0.589743034375 0.31464205624999997 0.5990685140625 0.316199221875 0.6060611078125 0.30373785
5 0.9452221359375 0.32398707187500003 0.956876459375 0.32398707187500003 0.9615381890625001 0.31464205624999997 0.9615381890625001 0.30373785 0.9498838640624999 0.297507165625 0.93589665625 0.297507165625 0.9312349265625001 0.305295015625 0.9312349265625001 0.3177563859375 0.9452221359375 0.32398707187500003
5 0.10139858125000001 0.1728975078125 0.092075121875 0.16666682187499998 0.0862479609375 0.16666682187499998 0.07925334687499999 0.1728975078125 0.0780879140625 0.1822425234375 0.08274964375 0.188473209375 0.0944059875 0.196261059375 0.10606031093749999 0.1931467296875 0.10722574375 0.1806853578125 0.10139858125000001 0.1728975078125
5 0.2167824484375 0.278817134375 0.20862442187500002 0.2725864484375 0.20046639531250002 0.2725864484375 0.1934738 0.2803742984375 0.195804665625 0.2897193140625 0.20862442187500002 0.2990663546875 0.21794788125000003 0.297507165625 0.22144619843750002 0.2897193140625 0.2167824484375 0.278817134375
5 0.5000007 0.19782025 0.502331565625 0.18691604374999998 0.49417151875 0.1744546734375 0.48368262656249994 0.16666682187499998 0.47435916718750004 0.1760118375 0.47435916718750004 0.18535887812500002 0.484848059375 0.2009345796875 0.49300608593749995 0.20404890937500003 0.5000007 0.19782025
5 0.293707046875 0 0.293707046875 0.0077873828125 0.3076922359375 0.02180591875 0.31585026250000003 0.02180591875 0.32167742499999996 0.012460903125 0.320745053125 0 0.293707046875 0
1 0.2925416140625 0.507787228125 0.31118853281250003 0.5015585671875 0.31701569531249996 0.49376869218749997 0.31818112656249997 0.4844236765625 0.31585026250000003 0.47819299062500004 0.2983687765625 0.46573162031250004 0.2750581078125 0.4626172890625 0.2645692171875 0.4719623046875 0.2610729203125 0.48753800625 0.263403784375 0.4984422125 0.2715618109375 0.5062300625 0.2925416140625 0.507787228125
1 0.9160843046875 0.2803742984375 0.8986008 0.28504579375 0.8881119078124999 0.2725864484375 0.87995388125 0.2741436140625 0.877623015625 0.28504579375 0.8834501781249999 0.30373785 0.8892773406250001 0.313084890625 0.9079262781249999 0.3193155765625 0.9195806031249999 0.331774921875 0.9277386296874999 0.3333341125 0.9300694937499999 0.33021775625 0.9312349265625001 0.30685420625000004 0.9347312234375 0.297507165625 0.932400359375 0.2819314640625 0.9160843046875 0.2803742984375
1 0.5780887109374999 0.26635576250000004 0.5699306843749999 0.2554515578125 0.5547780437500001 0.252337228125 0.5407928546874999 0.260125078125 0.532634828125 0.275700778125 0.5536126109375 0.305295015625 0.5687652515625 0.30685420625000004 0.576923278125 0.3006235203125 0.582750440625 0.2897193140625 0.5780887109374999 0.26635576250000004
1 0.68414911875 0.6713401875 0.6888108484375 0.6635523359375 0.6911417140625 0.651090965625 0.6888108484375 0.6277253890625001 0.6794873890625001 0.6183803734375 0.6689984984375 0.61526401875 0.652680425 0.616823209375 0.644522396875 0.6214947046875 0.6398606671875 0.6277253890625001 0.6351989375 0.651090965625 0.637529803125 0.6651095015624999 0.643356965625 0.6728973515625001 0.652680425 0.677570871875 0.6701639296875 0.677570871875 0.68414911875 0.6713401875
1 0.3018650734375 0.7538942375000001 0.28671243281250003 0.7554514015625 0.26690008125000003 0.7492207171875 0.2645692171875 0.752337071875 0.269230946875 0.7834884734374999 0.2773889734375 0.79594984375 0.28787786406250004 0.79594984375 0.30885766718749996 0.7694699375 0.30885766718749996 0.7601249218749999 0.3018650734375 0.7538942375000001
1 0.5652689546875 0.9610599687500001 0.575757846875 0.9485985984375 0.576923278125 0.9345800625 0.57342698125 0.92367585625 0.5547780437500001 0.906542990625 0.532634828125 0.90810015625 0.522143915625 0.914330840625 0.5163167546875 0.92367585625 0.5163167546875 0.9454822437500001 0.532634828125 0.9672906546875 0.5536126109375 0.9672906546875 0.5652689546875 0.9610599687500001
1 0.8997662312499999 0.9657314640625 0.8997662312499999 0.9439250781249999 0.88578104375 0.9376943921875001 0.862470375 0.9392515578125 0.8601395109375 0.9423679125 0.8601395109375 0.9579436140625001 0.8706284015625 0.9750785046875 0.88578104375 0.981309190625 0.8916082046874999 0.9781928343749999 0.8997662312499999 0.9657314640625
3 0.851981484375 0.13239906562499998 0.851981484375 0.11993769531250001 0.84382345625 0.105919159375 0.834497978125 0.10280280312500001 0.8321671125 0.124611215625 0.8368288421875001 0.143301246875 0.84382345625 0.1464176015625 0.851981484375 0.13239906562499998
3 0.589743515625 0 0.6025648109375 0.012460903125 0.6107228375 0.010903739062499999 0.611130740625 0 0.589743515625 0
3 0.575757584375 0 0.5722615484375 0.0062302187500000005 0.57342698125 0.014018068750000001 0.5839158734375001 0.0155772578125 0.589742859375 0 0.575757584375 0
3 0.7505828046875 0.7975070093750001 0.74475564375 0.8021805296875 0.730768434375 0.8317747656250001 0.7284375703125 0.8489096578125 0.7365976171875 0.8551403421874999 0.7505828046875 0.8520239875 0.7715626078125 0.8286604359374999 0.785547796875 0.8333339562500001 0.7995329859375 0.8442361375 0.810023896875 0.8442361375 0.8135201953125 0.8380054515625 0.8076930328125 0.823986915625 0.7972021218750001 0.816199065625 0.77505890625 0.8115255453125 0.7505828046875 0.7975070093750001
1 0.484848059375 0.13239906562499998 0.477855465625 0.113707009375 0.46620114062500007 0.0981313078125 0.45571022968749997 0.0919006234375 0.4428904734375 0.0934577875 0.42773985156250005 0.105919159375 0.414918075 0.1261683796875 0.41142177812499997 0.14018691562500002 0.41142177812499997 0.1635504671875 0.41375264375 0.1713403421875 0.42540696718750004 0.1806853578125 0.441725040625 0.2009345796875 0.4522139328125 0.1993774140625 0.472028303125 0.17912819375 0.48251719531250004 0.1635504671875 0.4860134921875 0.151091121875 0.484848059375 0.13239906562499998
1 0.4335670140625 0.6339560750000001 0.4207452375 0.6183803734375 0.4125872109375 0.6183803734375 0.41025634687499996 0.6230538937500001 0.41025634687499996 0.641743925 0.4335670140625 0.66822383125 0.44522133750000004 0.6697809968749999 0.472028303125 0.6573216515625 0.4708628703125 0.6448602796875 0.4615394109375 0.6292825546875 0.447552203125 0.6292825546875 0.4335670140625 0.6339560750000001
3 0.164778309375 0.25487445468750003 0.175244984375 0.2385515578125 0.1804904390625 0.22922071718749998 0.1604074328125 0.23504641718750002 0.14819362187500001 0.26186853593750004 0.15168991874999999 0.27236775625 0.155174096875 0.275872896875 0.1621565921875 0.268878815625 0.164778309375 0.25487445468750003
5 0.5139858890625 0.1542054515625 0.5081587265625 0.1464176015625 0.49766983593749997 0.14174408125 0.4860134921875 0.1464176015625 0.484848059375 0.1557626171875 0.48834435625 0.1635504671875 0.5046624296875 0.1713403421875 0.51282045625 0.16666682187499998 0.5139858890625 0.1542054515625
1 0 0.7641489765625 0.0081579296875 0.752337071875 0.0069924984374999995 0.741432865625 0 0.735202265625 0 0.7641489765625
3 0.1911429359375 0.933020871875 0.20396269218750002 0.9267922125 0.2167824484375 0.9112144859375 0.2202787453125 0.8909652640625 0.215617015625 0.8847345796875 0.20279725937499998 0.8847345796875 0.189977503125 0.9018694703125 0.171328565625 0.90810015625 0.1573433765625 0.9049837999999999 0.148017896875 0.8894081 0.1433561671875 0.8925224296875 0.1421907359375 0.898753115625 0.1456870328125 0.9127716515625 0.1550125109375 0.9267922125 0.1724939984375 0.933020871875 0.1911429359375 0.933020871875
1 0.4428904734375 0.5171342671875 0.46620114062500007 0.5140179125000001 0.472028303125 0.5093464171875 0.47435916718750004 0.4984422125 0.472028303125 0.48753800625 0.4592065265625 0.47040514062499994 0.44522133750000004 0.4719623046875 0.4195798046875 0.4828665109375 0.4195798046875 0.49376869218749997 0.4335670140625 0.5109035828125 0.4428904734375 0.5171342671875
1 0.09790228437500001 0.1355133953125 0.09790228437500001 0.11214984374999999 0.07925334687499999 0.0825535828125 0.064102725 0.0747657328125 0.046619218750000004 0.084112771875 0.0337994625 0.10436199374999999 0.0291377328125 0.11993769531250001 0.0291377328125 0.14174408125 0.0337994625 0.15732180625 0.044288354687499996 0.1728975078125 0.0582755625 0.1837996890625 0.06643358906249999 0.1837996890625 0.0757570484375 0.177571028125 0.090909690625 0.1542054515625 0.09790228437500001 0.1355133953125
3 0.08974425781249999 0.635513240625 0.1025640140625 0.6292825546875 0.10489487812500001 0.6230538937500001 0.10489487812500001 0.5996883171875 0.0990677171875 0.587226946875 0.067599021875 0.5934576328125 0.044288354687499996 0.5919004671875 0.0384611921875 0.6012454828125 0.0384611921875 0.616823209375 0.044288354687499996 0.632398909375 0.051282968750000005 0.6386295953125 0.08974425781249999 0.635513240625