3 0.019438306250000002 0.772727859375 0.025918479687500003 0.7922081375000001 0.0313171484375 0.7987023015625 0.0356365265625 0.7987023015625 0.0442774953125 0.7824679984375 0.0442774953125 0.761363625 0.0356365265625 0.7370132765624999 0.029158565625 0.7288950171875 0.023757684374999997 0.7288950171875 0.0172775125 0.7418833453125 0.019438306250000002 0.772727859375
1 0.1090703765625 0.75811765 0.10583250156249999 0.7516234859375001 0.0961122421875 0.7548694609375 0.09503295 0.7711037640625 0.10367170625 0.7743497406250001 0.107991084375 0.7694796703125 0.1090703765625 0.75811765
1 0.23002180625 0.7694796703125 0.2235416328125 0.78733806875 0.2235416328125 0.8116884171875001 0.2321803890625 0.831168696875 0.23866056093750002 0.8344146718750001 0.24838082031250003 0.832792790625 0.259180371875 0.8214285562500001 0.2742970890625 0.8165584875 0.2796979703125 0.8084424421874999 0.2764578828125 0.775973834375 0.26673762343749996 0.7597395312499999 0.24838082031250003 0.7532475796875 0.23758127031249998 0.7597395312499999 0.23002180625 0.7694796703125
1 0.357451196875 0.739933990625 0.36231022031250004 0.753734365625 0.3673859875 0.7612021 0.37257012500000003 0.772727859375 0.390929140625 0.7711037640625 0.414686825 0.7564935546875 0.4179269109375 0.746753415625 0.41900620312500003 0.7029227875 0.4125260296875 0.6899344593750001 0.399567896875 0.6834425078125 0.3801295890625 0.6834425078125 0.37149083437499997 0.6899344593750001 0.36393136875 0.69935155 0.3563719046875 0.7142848078124999 0.3563719046875 0.7337673 0.357451196875 0.739933990625
1 0.44168459687499995 0.7386373703125 0.4406053046875 0.7564935546875 0.4460039734375 0.779219809375 0.452484146875 0.7857139734375 0.4708431625 0.7857139734375 0.48272200468750004 0.777597928125 0.49136076093750003 0.76298771875 0.4924400515625 0.745129321875 0.485962090625 0.6996745984375 0.48056120937499996 0.6915585531249999 0.4708431625 0.6899344593750001 0.45680352500000004 0.6948045296875 0.44816476875 0.7077928578125 0.44168459687499995 0.7386373703125
1 0.6101513953125 0.858767234375 0.631750496875 0.87986939375 0.649028009375 0.8879876531249999 0.6663077328125 0.8863635578125001 0.6727856937500001 0.8782475125 0.6727856937500001 0.8701292546875001 0.63066899375 0.7386373703125 0.6263496156249999 0.7305191125 0.617710859375 0.7288950171875 0.60259193125 0.749999390625 0.593953175 0.779219809375 0.592871671875 0.801948278125 0.6015126390625001 0.8409088359375 0.6101513953125 0.858767234375
1 0.76781864375 0.7077928578125 0.7645785578125001 0.743507440625 0.7710587296875 0.772727859375 0.7786181937500001 0.7857139734375 0.791576328125 0.775973834375 0.7948164140625 0.761363625 0.8023758796875 0.748377509375 0.8023758796875 0.7402592515624999 0.8185741 0.7288950171875 0.85205204375 0.67370236875 0.8542106265625 0.660714040625 0.8498912484375 0.6509739015625 0.833693028125 0.6444797375 0.814254721875 0.64610383125 0.791576328125 0.662338134375 0.7764574 0.6850643890625 0.76781864375 0.7077928578125
1 0.7786181937500001 0.7970782078124999 0.7688979359375 0.8214285562500001 0.76781864375 0.8409088359375 0.7710587296875 0.8538971640625 0.7894177453125 0.8603891156250001 0.8034551703125 0.8571431390625 0.80993534375 0.850648975 0.8131754296875 0.8392847421875 0.811014634375 0.8003241828125001 0.8034551703125 0.7938322328125 0.7850961562500001 0.7938322328125 0.7786181937500001 0.7970782078124999
1 0.0691144703125 0.5811688296875 0.0669536765625 0.5892848749999999 0.0669536765625 0.600649109375 0.0723545578125 0.6087651546874999 0.0809933125 0.6071432734375 0.0842334 0.602273203125 0.0809933125 0.5811688296875 0.07559464375 0.576298759375 0.0691144703125 0.5811688296875
1 0.023757684374999997 0.634739596875 0.018359015625 0.6493498062499999 0.019438306250000002 0.6639600156250001 0.024836976562499998 0.6688300859375 0.03347794375 0.662338134375 0.0367180296875 0.6493498062499999 0.0345572359375 0.6379877859375 0.0302378578125 0.634739596875 0.023757684374999997 0.634739596875
1 0.3218146703125 0.5616885500000001 0.3142552046875 0.576298759375 0.3142552046875 0.5974031328125 0.31965387500000003 0.6168834125 0.32505475625 0.6249994578125 0.3282948421875 0.6249994578125 0.3585304875 0.605519178125 0.3650106609375 0.5892848749999999 0.36393136875 0.5698045953124999 0.343411559375 0.5535725046875 0.3315327171875 0.5551943859375 0.3218146703125 0.5616885500000001
1 0.401728690625 0.634739596875 0.40928815625 0.6444797375 0.41684762031249994 0.6493498062499999 0.4265656671875 0.6493498062499999 0.43412513124999996 0.64285785625 0.4406053046875 0.631493621875 0.45032335156250003 0.5990250140625 0.44924406093749997 0.5844148046875 0.44168459687499995 0.5698045953124999 0.43412513124999996 0.56331264375 0.4114467390625 0.5535725046875 0.40280798281249997 0.55681848125 0.3941692265625 0.5827929234375 0.3941692265625 0.602273203125 0.401728690625 0.634739596875
1 0.6209509453125001 0.631493621875 0.6144707734375 0.6525979953125 0.6145791453125 0.6704541796875 0.6252703234375 0.67694834375 0.6339090796875 0.67370236875 0.6393077500000001 0.6639600156250001 0.6382284578124999 0.6379877859375 0.6328297890625 0.629869528125 0.6263496156249999 0.6266235515624999 0.6209509453125001 0.631493621875
1 0.7451402500000001 0.488635290625 0.73974158125 0.50486959375 0.73974158125 0.52921994375 0.7462195421875 0.5470783406249999 0.752699715625 0.5519484109375 0.7645785578125001 0.5535725046875 0.7753781078124999 0.548700221875 0.78185828125 0.5389600828125001 0.7894177453125 0.5211038984374999 0.7969772093749999 0.491883478125 0.7969772093749999 0.47077910625 0.7926556203125 0.45941487187499996 0.7894177453125 0.45616889687500006 0.7742988171875 0.45779299062499995 0.7570190921875 0.4724032 0.7451402500000001 0.488635290625
1 0.8541354296874999 0.5549355046875 0.832191309375 0.564365871875 0.8259168203125 0.5800647109375 0.8635305750000001 0.5957790390625 0.8666733484375 0.5690744171875 0.8541354296874999 0.5549355046875
1 0.8833913093750001 0.6020607874999999 0.8854746953125 0.5942036234375 0.8447292265625 0.5926304203125 0.845766496875 0.6146264968749999 0.8614471874999999 0.624041375 0.8771168203125 0.6146264968749999 0.8833913093750001 0.6020607874999999
1 0.9600431281249999 0.6201293875 0.9546444578125 0.633117715625 0.95572375 0.647727925 0.9665233000000001 0.659089946875 0.97516205625 0.659089946875 0.9805607249999999 0.6493498062499999 0.9805607249999999 0.629869528125 0.9719219703125 0.6185075062500001 0.9600431281249999 0.6201293875
1 0.8704110578125 0.48214333906249995 0.8660916796875 0.490259384375 0.867170971875 0.5032477125 0.875809728125 0.5129878515625 0.8844484843749999 0.5113637578125 0.8876885703124999 0.5032477125 0.886609278125 0.485389315625 0.8801291062500001 0.47889515156250007 0.8704110578125 0.48214333906249995
2 0.9345360171875001 0.2767861484375 0.936705659375 0.205129078125 0.9063704875 0.1660556734375 0.8565328718749999 0.16930165 0.798034384375 0.2018831015625 0.7676992140625 0.2507298359375 0.7590272828125 0.3061039234375 0.774201503125 0.35170468125 0.798034384375 0.3810224578125 0.8370414859374999 0.392207465625 0.89770076875 0.35496835937500004 0.9345360171875001 0.2767861484375
2 0.6106280734375 0 0.61385593125 0.009706740625 0.6441911015625 0.05204603437500001 0.70485923125 0.065080828125 0.74819676875 0.01621860625 0.7492082953125 0 0.6106280734375 0
1 0.088666365625 0 0.08963206875 0.027598328125 0.0809933125 0.0698048625 0.0809933125 0.084415071875 0.0874734859375 0.09902528125 0.09503295 0.10551944531249999 0.10367170625 0.10551944531249999 0.116629840625 0.084415071875 0.11986992656249999 0.06331069843750001 0.1231100125 0.056818746875000006 0.122030721875 0.048700489062500005 0.1285086828125 0.0389603484375 0.1285086828125 0.017858189062499998 0.11531064843750001 0 0.088666365625 0
1 0.33585209531250004 0.1363639578125 0.3423322671875 0.1331179828125 0.3498917328125 0.1217537484375 0.3650106609375 0.118505559375 0.3704093296875 0.10227346875000001 0.3693300390625 0.0811690953125 0.36608995312500003 0.0665588859375 0.3585304875 0.053570557812499996 0.3423322671875 0.0373384671875 0.32937413437499996 0.032468398437500004 0.3174952921875 0.032468398437500004 0.30885432343749997 0.04058444375 0.306695740625 0.0503245828125 0.3077750328125 0.082793190625 0.301294859375 0.0925333296875 0.29697548125 0.1071435390625 0.3023763625 0.12662381875 0.33585209531250004 0.1363639578125
1 0.30021556875 0.3100645890625 0.315334496875 0.32629889218749997 0.3174952921875 0.3409091015625 0.323973253125 0.347403265625 0.334772803125 0.344155078125 0.3423322671875 0.33279305625 0.3423322671875 0.32629889218749997 0.35205252656249997 0.314934659375 0.357451196875 0.30194854375 0.3585304875 0.2694799359375 0.3563719046875 0.2548697265625 0.3498917328125 0.24350549375 0.33585209531250004 0.2353894484375 0.31965387500000003 0.23863542343750002 0.306695740625 0.2532478453125 0.295896190625 0.285714240625 0.30021556875 0.3100645890625
1 0.287257434375 0.44642875625 0.29913627656249997 0.4448046625 0.30885432343749997 0.4350645234375 0.32613404687499997 0.43181854687500004 0.330453425 0.4220784078125 0.330453425 0.399349940625 0.3218146703125 0.370129521875 0.3034556546875 0.3490251484375 0.29373539531250004 0.344155078125 0.2753785921875 0.34577917187499996 0.26889841875 0.36201347500000003 0.267819128125 0.386363825 0.25701957656249996 0.41558424374999997 0.25809886875 0.4269484765625 0.262418246875 0.43344264062500004 0.277537175 0.43668861718749996 0.287257434375 0.44642875625
4 0.1404742765625 1 0.097105278125 0.781591784375 0.095499925 1 0.1404742765625 1
1 0.578834246875 1 0.578834246875 0.9886372375000001 0.5723540734375 0.96590876875 0.57127478125 0.949674465625 0.5680346953125001 0.9431825140625 0.556155853125 0.9383124453124999 0.5205193265625 0.974027028125 0.51835853125 0.980518978125 0.51835853125 1 0.578834246875 1
4 0 0.19805435 0.0180339 0.1939130921875 0.020064207812500002 0.06410725625 0 0.07584000468749999 0 0.19805435
1 0.024780685937499998 0 0.0280770625 0.0470786078125 0.041037407812499996 0.0974034 0.048596871874999996 0.1071435390625 0.0539955421875 0.1071435390625 0.0583149203125 0.10389535000000001 0.059394210937500004 0.0454545125 0.04816443125 0 0.024780685937499998 0
1 0.23110109687499997 0.0227282578125 0.23866056093750002 0.07467493124999999 0.23973985312499999 0.1087654203125 0.24729931718749998 0.116883678125 0.259180371875 0.11525958437499999 0.26889841875 0.1087654203125 0.277537175 0.0941552109375 0.277537175 0.082793190625 0.26673762343749996 0.060064721875000004 0.267819128125 0.014610000000000001 0.25809886875 0.0048698609375 0.23866056093750002 0.0081158359375 0.23110109687499997 0.0227282578125
1 0.47516254062499996 0.084415071875 0.47624183125 0.10227346875000001 0.4881206734375 0.116883678125 0.49675942968750003 0.116883678125 0.5010788078124999 0.1071435390625 0.498920225 0.084415071875 0.49136076093750003 0.07792312031250001 0.4784026265625 0.0795450015625 0.47516254062499996 0.084415071875
1 0.556155853125 0.112013609375 0.5658738999999999 0.1347398640625 0.5723540734375 0.1396099328125 0.5799135375 0.1396099328125 0.5885522937500001 0.12662381875 0.5885522937500001 0.0925333296875 0.5799135375 0.07792312031250001 0.5615545234375 0.07792312031250001 0.556155853125 0.0909092359375 0.556155853125 0.112013609375
1 0.738660078125 0.086039165625 0.73974158125 0.0941552109375 0.7559398015625 0.118505559375 0.7624199734375 0.1233756296875 0.772138021875 0.1217537484375 0.7753781078124999 0.11525958437499999 0.7775366906250001 0.0957793046875 0.7764574 0.07792312031250001 0.7710587296875 0.0698048625 0.7570190921875 0.07142895625 0.738660078125 0.086039165625
1 0.856371421875 0.09902528125 0.8401732015625001 0.1103895140625 0.839093909375 0.12499972343750002 0.8412524921875001 0.1396099328125 0.8606907984375001 0.142858121875 0.881210609375 0.1396099328125 0.8876885703124999 0.1347398640625 0.886609278125 0.1103895140625 0.8747304359375001 0.084415071875 0.8693295546875 0.082793190625 0.8650101765624999 0.086039165625 0.856371421875 0.09902528125
1 0.951404371875 0.08928514062500001 0.9503250796874999 0.10389535000000001 0.9578823328125001 0.1201296546875 0.9578823328125001 0.1396099328125 0.9643625046875 0.14123402812500002 0.9762413484374999 0.1347398640625 0.9870408984375001 0.1217537484375 0.9924395687500001 0.0974034 0.9924395687500001 0.0811690953125 0.988120190625 0.07305305 0.9697633859374999 0.07305305 0.951404371875 0.08928514062500001
1 0.668466315625 0.314934659375 0.670627109375 0.3214288234375 0.7095037234375 0.3279229875 0.715981684375 0.32467479843749997 0.715981684375 0.31331277812499997 0.7041028421875 0.2694799359375 0.696543378125 0.2646098671875 0.6857460390625 0.27110403125000004 0.670627109375 0.30357042500000003 0.668466315625 0.314934659375
1 0.5874730015625 0.4415586859375 0.593953175 0.45941487187499996 0.6101513953125 0.47077910625 0.6274289078125 0.4724032 0.6295897015625 0.4675331296875 0.6285104109375 0.45779299062499995 0.61663156875 0.43831271093749996 0.6079906 0.41558424374999997 0.5950324671875 0.41558424374999997 0.5896337968750001 0.4237002890625 0.5874730015625 0.4415586859375
1 0.551836475 0.3214288234375 0.5485963890625001 0.3311689625 0.5485963890625001 0.344155078125 0.5572351453125 0.3636353578125 0.5669554031249999 0.3668835453125 0.5723540734375 0.36201347500000003 0.584232915625 0.3230529171875 0.584232915625 0.314934659375 0.5809928296875 0.3100645890625 0.57451486875 0.3068186140625 0.5626360265625 0.3084404953125 0.551836475 0.3214288234375
1 0.4924400515625 0.4269484765625 0.49460084687499994 0.44967473281250003 0.5021603109375 0.4659090359375 0.5129598625 0.47402508125000004 0.5259179953124999 0.47402508125000004 0.5345567515625 0.4675331296875 0.5431955078125 0.45454480156250004 0.5475170968749999 0.43344264062500004 0.5453563031249999 0.41558424374999997 0.541036925 0.405844103125 0.5269972875 0.38473973125 0.5215986171875 0.3814937546875 0.5064796890625 0.3814937546875 0.5010788078124999 0.38473973125 0.49675942968750003 0.3977280578125 0.49675942968750003 0.41558424374999997 0.4924400515625 0.4269484765625
1 0.45572423281249996 0.32467479843749997 0.461122903125 0.3409091015625 0.47192245312500003 0.3538952171875 0.4881206734375 0.3522733359375 0.4935215546875 0.347403265625 0.4978409328125 0.3344149390625 0.4978409328125 0.3068186140625 0.4870413828125 0.284090146875 0.4708431625 0.2678580546875 0.46328369687500004 0.2662339609375 0.4589643203125 0.27110403125000004 0.45356343906249996 0.2938302859375 0.45572423281249996 0.32467479843749997
1 0.433045840625 0.41558424374999997 0.43412513124999996 0.43181854687500004 0.4395238015625 0.4415586859375 0.45032335156250003 0.44318278125 0.45680352500000004 0.43344264062500004 0.45572423281249996 0.41396015 0.44924406093749997 0.404220009375 0.4395238015625 0.404220009375 0.433045840625 0.41558424374999997
1 0.17806762812500002 0.2370135421875 0.168661425 0.218166084375 0.11537803906249999 0.400374403125 0.1519434640625 0.4569145640625 0.154037909375 0.40194760625 0.1613496671875 0.34383202968750004 0.17806762812500002 0.2370135421875
1 0.041037407812499996 0.374999590625 0.0626342984375 0.38798791875 0.0723545578125 0.3977280578125 0.0820726046875 0.399349940625 0.08531269062499999 0.38798791875 0.0863919828125 0.35714340624999996 0.0766739359375 0.2938302859375 0.0637158015625 0.2938302859375 0.0421167 0.30519451875 0.037797321875 0.31331277812499997 0.0345572359375 0.32954486875 0.0356365265625 0.3506492421875 0.041037407812499996 0.374999590625
1 0.3209013859375 0 0.320735378125 0.003245765625 0.32613404687499997 0.027598328125 0.33585209531250004 0.030844303125 0.3423322671875 0.0194800703125 0.34737185625 0 0.3209013859375 0
3 0 0.20725102187500002 0.0064801734375 0.202923053125 0.015118928125 0.18019458593749998 0.015118928125 0.1590902125 0.011878842187499999 0.1509741671875 0 0.152090784375 0 0.20725102187500002
3 0.0872461296875 1 0.0857130015625 0.983490584375 0.0897957328125 0.9677120890625 0.08687854843750001 0.9335220312500001 0.07696587499999999 0.901104315625 0.07056089843749999 0.8932139609374999 0.050151671875000005 0.9528075953125 0.0524827640625 0.9738478015625001 0.0668093625 1 0.0872461296875 1
3 0.0955427609375 1 0.0944601296875 0.9642050187500001 0.08687854843750001 0.980859728125 0.08857667031250001 1 0.0955427609375 1
1 0.2718144328125 1 0.278618678125 0.9951291890625 0.2807772609375 0.9902591187500001 0.2796979703125 0.978897096875 0.267819128125 0.9675328640625 0.24297993906249998 0.9724029328125001 0.24082135624999998 0.978897096875 0.2439407984375 1 0.2718144328125 1
1 0.47200451093750007 1 0.46868236718749995 0.9870131421874999 0.46868236718749995 0.978897096875 0.4730017453125 0.9707788390625 0.4881206734375 0.9675328640625 0.50431889375 0.978897096875 0.508638271875 0.9707788390625 0.50431889375 0.946428490625 0.49028146875 0.9253241171875001 0.4730017453125 0.9139620953125001 0.4643629890625 0.9155839765625 0.44816476875 0.9269482109375 0.43736521875 0.946428490625 0.4352044234375 0.9610386999999999 0.4362859265625 0.975648909375 0.4406053046875 0.9886372375000001 0.44740811718750007 1 0.47200451093750007 1
1 0.6943847953125 0.9512985593750001 0.693305503125 0.9870131421874999 0.6954640859375 0.9951291890625 0.701944259375 0.9999992578124999 0.7267812359375 0.9902591187500001 0.735422203125 0.975648909375 0.735422203125 0.9561686296874999 0.7267812359375 0.9334423749999999 0.720303275 0.9285723046875001 0.7084222203125 0.9334423749999999 0.6943847953125 0.9512985593750001
1 0.8747304359375001 0.9902591187500001 0.87688901875 0.9967532828125 0.8876885703124999 0.9999992578124999 0.8909286562500001 0.9967532828125 0.8920079484375 0.9837671671875 0.889849365625 0.975648909375 0.8790498140624999 0.975648909375 0.875809728125 0.980518978125 0.8747304359375001 0.9902591187500001
1 0.9492435765625 0.8636373031250001 0.9384440265625 0.865259184375 0.9352061515625 0.8717533484375 0.9373647343749999 0.889609534375 0.9503250796874999 0.8912336281250001 0.9546444578125 0.8814934890625 0.9546444578125 0.8701292546875001 0.9492435765625 0.8636373031250001
1 0.07559464375 0.8035723718750001 0.071275265625 0.8165584875 0.071275265625 0.832792790625 0.07991402187499999 0.8490248812500001 0.0874734859375 0.8441548109375001 0.08531269062499999 0.806818346875 0.0809933125 0.7970782078124999 0.07559464375 0.8035723718750001
1 0.088552778125 0.75811765 0.07883472968750001 0.76298771875 0.0777532265625 0.772727859375 0.07991402187499999 0.7840898796875 0.0890924234375 0.7962661609375 0.090713571875 0.7694796703125 0.088552778125 0.75811765