5 0.5109482453124999 0.521103246875 0.51216471875 0.527596915625 0.5267645062499999 0.5373384734375 0.537712765625 0.5373384734375 0.5425786578125 0.5243511359374999 0.5413621843749999 0.514609578125 0.5279809796875 0.5048701296875 0.5170306124999999 0.50649301875 0.5109482453124999 0.521103246875
3 0.2287095890625 0.957791396875 0.23965995625 0.957791396875 0.2469587953125 0.9529227265625 0.2530411625 0.9415582796875 0.24817526875 0.9334417203125 0.19951423125 0.9025983765625 0.1897803375 0.9025983765625 0.1897803375 0.9269480515625 0.214111909375 0.9512977265625 0.2287095890625 0.957791396875
5 0.12165361875 0.9042212656249999 0.1350369328125 0.9139607140624999 0.147201665625 0.9139607140624999 0.1520675578125 0.90584415625 0.15328403125 0.8961047078125001 0.1496346125 0.891233928125 0.133820459375 0.8831173703124999 0.12773809375 0.8831173703124999 0.1228700921875 0.8896110390624999 0.12165361875 0.9042212656249999
5 0.6763991468749999 0.5389613640625 0.6836979859375 0.5454550328125001 0.6982977734375 0.5503237015625 0.704380140625 0.5454550328125001 0.7068130859374999 0.5292198046875 0.7007307203125 0.5227282468750001 0.681265040625 0.5194803578125 0.6763991468749999 0.527596915625 0.6763991468749999 0.5389613640625
5 0.4014593296875 0.735390096875 0.40389227656250004 0.74350665625 0.41727559062499997 0.7548711031249999 0.42579090312499995 0.7548711031249999 0.43065679531249995 0.7451295453125 0.43065679531249995 0.735390096875 0.41849206250000004 0.72402565 0.40875816875000004 0.722402759375 0.4014593296875 0.735390096875
5 0.0474445359375 0.7142862015625 0.035279803124999995 0.7142862015625 0.030413909375 0.72402565 0.030413909375 0.735390096875 0.0425786421875 0.741883765625 0.0571784296875 0.741883765625 0.062044321874999996 0.7337672078125 0.062044321874999996 0.7207798703125 0.0474445359375 0.7142862015625
5 0.9282238656249999 0.871752921875 0.9379556515624999 0.878246590625 0.9440380171875 0.878246590625 0.9513389640625001 0.871752921875 0.9525554375 0.8620134734375 0.9476895453124999 0.8555198046875001 0.9355227046874999 0.847403246875 0.923357971875 0.8506490265625001 0.9221414984375 0.8636363640625 0.9282238656249999 0.871752921875
5 0.8077866890625 0.7613626625000001 0.8163020031249999 0.76785633125 0.8248173156249999 0.76785633125 0.8321161546875 0.7597397734375 0.8296832078125 0.750000325 0.8163020031249999 0.7402587656249999 0.8065702171875 0.741883765625 0.8029186890625001 0.750000325 0.8077866890625 0.7613626625000001
5 0.51216471875 0.845778246875 0.5097317718750001 0.8571426953125 0.51824919375 0.8701300328125001 0.529197453125 0.878246590625 0.5389292390625 0.8685071421874999 0.5389292390625 0.858765584375 0.5279809796875 0.8425324671875 0.5194656671875 0.8392866890624999 0.51216471875 0.845778246875
1 0.7287096046875 0.5227282468750001 0.7092460328125 0.5292198046875 0.7031636671875 0.5373384734375 0.7019471937499999 0.5470779218749999 0.704380140625 0.553571590625 0.7226272390624999 0.566558928125 0.7469588109374999 0.5698047078124999 0.7579070703124999 0.560065259375 0.7615564906250001 0.5438321421875 0.75912354375 0.5324676953124999 0.75060823125 0.5243511359374999 0.7287096046875 0.5227282468750001
1 0.07785847500000001 0.7597397734375 0.09610768125 0.7548711031249999 0.10705594062499998 0.76785633125 0.11557125312500001 0.7662334421875 0.1180042 0.7548711031249999 0.11192183281250001 0.735390096875 0.1058394671875 0.7256485390625 0.0863737875 0.7191548703125 0.0742090546875 0.7061696421875 0.0656937421875 0.7045446421875 0.06326079531249999 0.7077925328125 0.062044321874999996 0.7321422078125 0.058394903124999994 0.741883765625 0.0608278484375 0.7581168828125 0.07785847500000001 0.7597397734375
1 0.43065679531249995 0.77435 0.43917210781250005 0.7857144484374999 0.45498836875000004 0.7889602265625 0.46958604687500005 0.78084366875 0.478101359375 0.7646105515625 0.45620484218749996 0.7337672078125 0.44038858125 0.7321422078125 0.43187326875 0.7386358765625001 0.42579090312499995 0.750000325 0.43065679531249995 0.77435
1 0.31995140625 0.352272078125 0.3150855140625 0.36038863593750003 0.3126525671875 0.3733759734375 0.3150855140625 0.397727759375 0.3248173 0.4074672078125 0.3357655578125 0.410715096875 0.35279829218750003 0.409090096875 0.36131360468749996 0.40422142812499995 0.366179496875 0.397727759375 0.371045390625 0.3733759734375 0.36861244375 0.35876574687499996 0.362530078125 0.3506491890625 0.35279829218750003 0.345778409375 0.3345490859375 0.345778409375 0.31995140625 0.352272078125
1 0.71897781875 0.266233603125 0.7347940796875 0.2646107140625 0.7554741234375 0.27110438281250004 0.7579070703124999 0.26785649375 0.7530411781249999 0.235390259375 0.744525865625 0.22240292187500002 0.73357760625 0.22240292187500002 0.7116789796874999 0.25000048750000003 0.7116789796874999 0.259739934375 0.71897781875 0.266233603125
1 0.4440380015625 0.0503238640625 0.4330897421875 0.0633112015625 0.43187326875 0.077921428125 0.43552268906249997 0.0892858765625 0.45498836875000004 0.10714188281249999 0.478101359375 0.10551899375 0.48905172812500003 0.099025325 0.49513409375000006 0.0892858765625 0.49513409375000006 0.066559090625 0.478101359375 0.0438301953125 0.45620484218749996 0.0438301953125 0.4440380015625 0.0503238640625
1 0.0948912078125 0.0454551953125 0.0948912078125 0.06818198125 0.1094888875 0.07467565000000001 0.133820459375 0.073052759375 0.13625340625 0.0698048703125 0.13625340625 0.053571753124999996 0.125305146875 0.0357136359375 0.1094888875 0.0292199671875 0.1034065203125 0.0324678578125 0.0948912078125 0.0454551953125
3 0.14476871875 0.9139607140624999 0.14476871875 0.9269480515625 0.15328403125 0.9415582796875 0.1630179265625 0.9448061687499999 0.16545087187500002 0.9220772734375 0.16058497968750002 0.9025983765625 0.15328403125 0.8993504874999999 0.14476871875 0.9139607140624999
3 0.250608215625 0.22078003281249997 0.25669058125 0.21590925312499998 0.27129036875 0.185065909375 0.27372331562499996 0.16720779218749998 0.26520589375000003 0.1607141234375 0.250608215625 0.1639620125 0.2287095890625 0.1883116890625 0.214111909375 0.183440909375 0.19951423125 0.172078571875 0.1885638640625 0.172078571875 0.18491444375 0.178572240625 0.1909968109375 0.1931824671875 0.20194717812500002 0.2012990265625 0.22506016875 0.2061698046875 0.250608215625 0.22078003281249997
1 0.5279809796875 0.9139607140624999 0.5352798187500001 0.9334417203125 0.5474445515624999 0.9496748374999999 0.55839491875 0.95616850625 0.5717761234375 0.9545456171875 0.5875902765625 0.9415582796875 0.600973590625 0.9204543828125 0.604623009375 0.90584415625 0.604623009375 0.8814944812500001 0.6021900625 0.8733758109374999 0.59002533125 0.8636363640625 0.572992596875 0.8425324671875 0.5620443374999999 0.8441553578125 0.5413621843749999 0.8652592531250001 0.5304139265625001 0.8814944812500001 0.5267645062499999 0.8944797078125 0.5279809796875 0.9139607140624999
1 0.581507909375 0.391234090625 0.5948912234375 0.4074672078125 0.6034065359375 0.4074672078125 0.6058394828125 0.402596428125 0.6058394828125 0.3831175328125 0.581507909375 0.3555199671875 0.569343178125 0.35389707812500004 0.5413621843749999 0.3668823046875 0.5425786578125 0.37986964218749997 0.5523104437499999 0.39610487031249997 0.56691023125 0.39610487031249997 0.581507909375 0.391234090625
3 0.86206838125 0.7863159093750001 0.8511433140625 0.803327759375 0.8456681296875 0.8130524343750001 0.866630684375 0.8069808437500001 0.8793794078125 0.7790266234375001 0.8757299875 0.768084253125 0.8720932171875001 0.7644311687500001 0.8648049203125 0.7717204546875001 0.86206838125 0.7863159093750001
5 0.497567040625 0.891233928125 0.50364940625 0.8993504874999999 0.514597665625 0.9042212656249999 0.5267645062499999 0.8993504874999999 0.5279809796875 0.8896110390624999 0.524331559375 0.8814944812500001 0.5072988265625 0.8733758109374999 0.4987835140625 0.878246590625 0.497567040625 0.891233928125
3 0.8345491015625001 0.079546428125 0.8211678953125 0.0860379875 0.8077866890625 0.1022732140625 0.8041372703125 0.12337711093749999 0.8090031625 0.1298707796875 0.8223843687500001 0.1298707796875 0.8357655734374999 0.1120126625 0.8552312546874999 0.10551899375 0.8698289328125 0.1087668828125 0.8795628265625 0.125 0.8844287203125001 0.12175422031250001 0.88564519375 0.1152605515625 0.8819957734375 0.100650325 0.8722618796875 0.0860379875 0.8540147812500001 0.079546428125 0.8345491015625001 0.079546428125
1 0.5717761234375 0.5129866890625 0.5474445515624999 0.516234578125 0.5413621843749999 0.521103246875 0.5389292390625 0.5324676953124999 0.5413621843749999 0.5438321421875 0.5547454984375 0.5616881499999999 0.569343178125 0.560065259375 0.596107696875 0.5487008109375 0.596107696875 0.5373384734375 0.581507909375 0.5194803578125 0.5717761234375 0.5129866890625
1 1 0.8920448375 0.9987835296875 0.8879860390625 0.9878352703125 0.871752921875 0.9732354828125 0.860390584375 0.9647201703125001 0.860390584375 0.9549883843750001 0.8668821421875 0.9391721234375 0.891233928125 0.931873284375 0.9107149343750001 0.931873284375 0.9350646109375 0.9513389640625001 0.965910065625 0.9671531171875 0.9740266234374999 0.9854023234374999 0.9642850656249999 0.9987835296875 0.94318116875 1 0.9391228984375 1 0.8920448375
3 0.940388596875 0.3896112015625 0.9270073921875 0.39610487031249997 0.9245744453125001 0.402596428125 0.9245744453125001 0.42694821406249994 0.9306568109375 0.4399355515625 0.963503696875 0.4334418828125 0.9878352703125 0.43506477343750005 0.9939176359375 0.42532532500000003 0.9939176359375 0.409090096875 0.9878352703125 0.39285698125 0.980534321875 0.3863633109375 0.940388596875 0.3896112015625