1 0 0.7905983375 5.078125e-7 0.7905977859375 0.0112990953125 0.756410453125 0.0056487578125 0.7222231203125 0 0.7243593625 0 0.7905983375
1 0.11016843437499999 0 0.1045202828125 0.038461675 0.132767796875 0.0427345640625 0.1497167234375 0.0341887859375 0.1748275171875 0 0.11016843437499999 0
1 0.1553670625 0.6239318968750001 0.12146920937500001 0.6153840078124999 0.0932196046875 0.6410255640625 0.0819210171875 0.6837607859375 0.09604581875 0.700854453125 0.132767796875 0.6965815640625 0.16666565 0.675212896875 0.1694918640625 0.6538463421875 0.1553670625 0.6239318968750001
1 0.12429333281249999 0.1837610078125 0.144068475 0.22649623124999999 0.1694918640625 0.24358989687500002 0.2033897171875 0.2478627859375 0.231639321875 0.23076912031250002 0.245762034375 0.20512756406250002 0.2514123734375 0.132477896875 0.2372875703125 0.0854697859375 0.21751452031250001 0.059828231249999995 0.1694918640625 0.0555553421875 0.1497167234375 0.0726490078125 0.1271195484375 0.11538423125 0.12429333281249999 0.1837610078125
1 0.66101700625 0.1239321203125 0.6723155937499999 0.145298675 0.703389321875 0.16666734218749998 0.7231644625 0.1623923421875 0.7203382484375 0.1239321203125 0.7005651984375 0.08974267500000001 0.6751418078125 0.0854697859375 0.6638411296875 0.0982905640625 0.66101700625 0.1239321203125
5 0.046892259375 0.3454277859375 0.00508435 0.339273896875 0.00508435 0.360853675 0.045876328125 0.3701277859375 0.046892259375 0.3454277859375
1 0.48022497187499996 0.8589745640625001 0.46610225937500005 0.87606823125 0.46045192031250004 0.918803453125 0.4717505078125 0.9401700078124999 0.4943497734375 0.9444450078125 0.5112987 0.9230763421875 0.514124915625 0.8803411203125 0.5028242374999999 0.8632474531250001 0.48022497187499996 0.8589745640625001
1 0.32485841875 0.5470093421875 0.353108021875 0.568375896875 0.3728810734375 0.60683823125 0.3813555375 0.594017453125 0.3813555375 0.5341885640624999 0.36440661093750004 0.4999991203125 0.347457684375 0.48718045312499997 0.30225915312499996 0.49145334218750003 0.2768357625 0.5341885640624999 0.2768357625 0.5598280078125 0.32485841875 0.5470093421875
1 0.3192080796875 0.974359453125 0.35593214687499997 0.970084453125 0.3841817515625 0.9914531203125 0.40395480156249997 0.9914531203125 0.4067789265625 0.970084453125 0.39830446249999996 0.9230763421875 0.3700569484375 0.8675203421875001 0.33333288125 0.841880896875 0.3050853671875 0.837605896875 0.2937846890625 0.8461537859374999 0.2853102265625 0.8717953421875 0.2853102265625 0.9102555640625001 0.2937846890625 0.9444450078125 0.3192080796875 0.974359453125
1 0.6045198875 0.264956453125 0.56779581875 0.264956453125 0.533897965625 0.307691675 0.5254235031250001 0.37179556406250003 0.5310738421875 0.3846163421875 0.5451986437499999 0.3846163421875 0.5819206218749999 0.3589747859375 0.5988695484375001 0.3589747859375 0.6440680796875 0.376068453125 0.646892203125 0.3290603421875 0.6327674015625 0.2905980078125 0.6045198875 0.264956453125
1 0.7909601687500001 0.106838453125 0.7881360453124999 0.14102578593749998 0.8022608468750001 0.1623923421875 0.8220338984375 0.1623923421875 0.8389828250000001 0.145298675 0.8389828250000001 0.1239321203125 0.8079090953125 0.08974267500000001 0.7909601687500001 0.106838453125
1 0.7627126546875 0.3247853421875 0.8050849718749999 0.350426896875 0.8305083609375 0.3846163421875 0.8672324296875 0.38034134218750004 0.8785310171875 0.350426896875 0.8785310171875 0.3247853421875 0.870056553125 0.2863251203125 0.8559317515625 0.2606835640625 0.8333324859375001 0.24358989687500002 0.7966105078125 0.24358989687500002 0.77118711875 0.269231453125 0.759886440625 0.3034187859375 0.7627126546875 0.3247853421875
1 0.8022608468750001 0.48718045312499997 0.8022608468750001 0.4999991203125 0.8220338984375 0.5427343421875 0.8531076265624999 0.5555551203125 0.858757965625 0.5341885640624999 0.8559317515625 0.49572623125000004 0.8418069484374999 0.46153889687499994 0.8276842375 0.4572660078125 0.8022608468750001 0.48718045312499997
1 0.6864403953125 0.6837607859375 0.6864403953125 0.7051273421875 0.7062155375 0.730768896875 0.7514119781249999 0.7393167859374999 0.757062315625 0.692308675 0.7316389265625001 0.6581192312499999 0.703389321875 0.6581192312499999 0.6864403953125 0.6837607859375
1 0.0451970984375 1 0.062145874999999996 0.9658115640625 0.059321751562500004 0.9401700078124999 0.0480231640625 0.93162423125 0.028248021875 0.9358971203124999 0.0028246328125 0.9572657859374999 0 0.9621495390625 0 1 0.0451970984375 1
1 0.353108021875 0.31196667499999997 0.3276846328125 0.307691675 0.30790949218749997 0.3247853421875 0.30225915312499996 0.354701896875 0.3050853671875 0.363247675 0.353108021875 0.363247675 0.36440661093750004 0.354701896875 0.36440661093750004 0.3247853421875 0.353108021875 0.31196667499999997