3 0.0703633609375 0.3637831234375 0.0767584484375 0.35576894531250003 0.0852888703125 0.33173077968750003 0.0852888703125 0.3108969765625 0.0767584484375 0.29487080468750004 0.072494328125 0.29487080468750004 0.06716472500000001 0.301281709375 0.0607674546875 0.3205122421875 0.058634303124999995 0.3509613125 0.0650315734375 0.3637831234375 0.0703633609375 0.3637831234375
1 0.1481873609375 0.3237187875 0.143923240625 0.318911153125 0.1353950015625 0.3221155140625 0.1364604859375 0.3381416859375 0.1460563921875 0.341346046875 0.14925284375 0.33493514062499996 0.1481873609375 0.3237187875
1 0.268656921875 0.3237187875 0.27611967656249997 0.33333405312500003 0.286781065625 0.3397427734375 0.304903028125 0.33333405312500003 0.314498934375 0.31730788125 0.31769756875 0.2852555390625 0.3123657828125 0.2772435453125 0.29744245625 0.2724359125 0.286781065625 0.26121737343749996 0.277185159375 0.2596162859375 0.2707878890625 0.2628206453125 0.26225965 0.282051178125 0.26225965 0.3060893421875 0.268656921875 0.3237187875
1 0.404263778125 0.331890234375 0.399252946875 0.33926222968749997 0.39445608593750003 0.35288567656250003 0.3933906015625 0.35897330625 0.3933906015625 0.37820602187499996 0.40085335625 0.392947828125 0.40831611093750003 0.4022441875 0.41684435000000003 0.40865290937500004 0.43603397812500005 0.40865290937500004 0.4488263375 0.4022441875 0.45522360781250004 0.3894223765625 0.4541581234375 0.3461536796875 0.45095948750000003 0.33653841406249996 0.427505740625 0.3221155140625 0.40938159531249996 0.3205122421875 0.404263778125 0.331890234375
1 0.47761187187500004 0.3541656734375 0.4840091421875 0.38461474375 0.49253738125 0.3974365546875 0.5063974078125 0.4022441875 0.5159911296875 0.40064091562500004 0.5213229171875 0.392628921875 0.5277180046875001 0.34775695156249997 0.5266525203125 0.3301275078125 0.51812428125 0.315704609375 0.5063974078125 0.307692615625 0.4882732625 0.307692615625 0.48187599218750005 0.3141035203125 0.4765463875 0.33653841406249996 0.47761187187500004 0.3541656734375
1 0.6439234453125 0.23557593593749998 0.63539520625 0.2532053796875 0.626864784375 0.29166644375 0.6279324515625 0.3141035203125 0.636460690625 0.34294931875 0.6513861999999999 0.3637831234375 0.6599144390625 0.3621798515625 0.664178559375 0.3541656734375 0.7057564515625 0.22435958125000002 0.7057564515625 0.216345403125 0.6993613640625 0.2083334109375 0.682302703125 0.2067301375 0.6652462265625 0.21474431562500002 0.6439234453125 0.23557593593749998
1 0.81023501875 0.307692615625 0.8027722640625001 0.3205122421875 0.79637499375 0.349358040625 0.7995736296875 0.38461474375 0.8081018671875 0.40705182031250003 0.823027378125 0.4294867125 0.8454156421875 0.445512884375 0.8646052703124999 0.44711615781249997 0.8805962640624999 0.44070525156249996 0.884860384375 0.4310899859375 0.882729415625 0.418268175 0.8496797609375 0.3637831234375 0.8336887671875 0.352564584375 0.8336887671875 0.3445504078125 0.8262260124999999 0.33173077968750003 0.823027378125 0.31730788125 0.81023501875 0.307692615625
1 0.8347542515624999 0.2996784375 0.84221700625 0.29326971562500004 0.8443501578125 0.2548086515625 0.8411515218750001 0.2435901140625 0.8347542515624999 0.2371792078125 0.820896409375 0.2339748484375 0.8027722640625001 0.24038356875 0.7995736296875 0.2532053796875 0.8006391125000001 0.2724359125 0.81023501875 0.2964740765625 0.8166301062500001 0.2996784375 0.8347542515624999 0.2996784375
1 0 0.40247295000000005 0.0138599578125 0.4054485484375 0.0191895609375 0.392628921875 0.010661321875000001 0.37980711093749997 0.0042640515625 0.37980711093749997 0 0.38461466718750004 0 0.40247295000000005
1 0.11300673750000001 0.48237286093750004 0.1076749515625 0.49038485468750004 0.1076749515625 0.5016033921874999 0.109808103125 0.5096153859375 0.1162053734375 0.51442301875 0.12153497656250001 0.5096153859375 0.1247336125 0.48878158125000004 0.12153497656250001 0.4839739484375 0.11300673750000001 0.48237286093750004
1 0.0660970578125 0.42307799218750003 0.0607674546875 0.42788562499999994 0.0597019703125 0.4423085234375 0.0650315734375 0.4567314234375 0.07142884375 0.4567314234375 0.0756929640625 0.453524878125 0.077826115625 0.4423085234375 0.0746274796875 0.4294867125 0.0660970578125 0.42307799218750003
1 0.380596059375 0.5368579125 0.40085335625 0.520833925 0.40191884062499994 0.5016033921874999 0.39552156875 0.485577221875 0.3656727328125 0.4663466890625 0.3624740984375 0.4663466890625 0.3571423109375 0.47435868281250004 0.3518127078125 0.49358921406249995 0.3518127078125 0.51442301875 0.3592754625 0.52884591875 0.3688691859375 0.5352568234375 0.380596059375 0.5368579125
1 0.445629884375 0.44711615781249997 0.4381671296875 0.4567314234375 0.43070437500000003 0.48878158125000004 0.43070437500000003 0.5080121140625 0.4392326140625 0.5336535515625 0.44776085312499997 0.5368579125 0.4701491171875 0.5272426453125 0.47761187187500004 0.520833925 0.4850746265625 0.506411025 0.4861401109375 0.4919881265625 0.4765463875 0.459935784375 0.4701491171875 0.4487172453125 0.46268636250000006 0.4423085234375 0.45309263906249997 0.4423085234375 0.445629884375 0.44711615781249997
1 0.672706796875 0.42788562499999994 0.6673771937499999 0.418268175 0.6588489546875 0.41506381406250004 0.6482945499999999 0.42147472031250005 0.648187565625 0.4391019796875 0.6545848359375 0.459935784375 0.6599144390625 0.4647434171875 0.6663117093750001 0.46153905625 0.6716413140624999 0.453524878125 0.672706796875 0.42788562499999994
1 0.7718557609375 0.5608982609375001 0.7718557609375 0.5849364265625 0.7771853640625 0.6009625984375 0.7889122390625001 0.616986584375 0.8059708999999999 0.631409484375 0.820896409375 0.6330127562500001 0.8240928609375 0.6298083953125 0.8283591640625 0.6185898578125 0.8283591640625 0.597756053125 0.820896409375 0.5689102546875 0.8134336546875 0.5512829953125 0.807036384375 0.5416677296875 0.79637499375 0.5368579125 0.7846481187500001 0.538461184375 0.7782508484374999 0.5432688171875 0.7718557609375 0.5608982609375001
1 0.8569285453125 0.5107053500000001 0.8631227640624999 0.5262029218750001 0.88478615 0.5355123859375001 0.8971636671875001 0.5215547421875 0.8940611 0.49519248749999994 0.8569285453125 0.5107053500000001
1 0.9074735359374999 0.4765866640625 0.8920043671875 0.4672924890625 0.87652428125 0.4765866640625 0.8755002812500001 0.49830073906249994 0.9157244859375 0.49674770468749996 0.9136677531249999 0.4889912734375 0.9074735359374999 0.4765866640625
1 1 0.43269325781249995 0.9957362218749999 0.43269325781249995 0.9850748312500001 0.4439096125 0.984009346875 0.4583325109375 0.9893389515625 0.471154321875 1 0.472609890625 1 0.43269325781249995
1 0.9061831640625 0.5769222484375 0.897654925 0.5865375140625 0.8965894406249999 0.599359325 0.9008535609375 0.60737131875 0.9104472828124999 0.6105778640625 0.9168445546875 0.6041669578125 0.9179100390625001 0.5865375140625 0.914711403125 0.5785255203124999 0.9061831640625 0.5769222484375
2 0.867910890625 0.6961541687499999 0.8294028140625 0.707195778125 0.80587483125 0.7361376859375001 0.7908947375000001 0.78115381875 0.7994557265625 0.8358179828125 0.8294028140625 0.8840384765625 0.8871529218750001 0.9162022171875 0.9363529546875 0.919406578125 0.9663000421874999 0.880834115625 0.9641581578125 0.8100957265625001 0.9277941500000001 0.7329158515625 0.867910890625 0.6961541687499999
1 0.4063468640625 1 0.40724844375 0.9823710625000001 0.40191884062499994 0.966347075 0.38699333125 0.9631405296875 0.379530575 0.9519219921875001 0.3731333046875 0.9487176312500001 0.340085834375 0.9583328968749999 0.334754046875 0.9775634296875 0.339018165625 0.9919863281250001 0.3443498578125 1 0.4063468640625 1
1 0.36140643125 0.7403839546875 0.35501134375 0.7467948609375 0.3528781921875 0.761217759375 0.3379526828125 0.77724393125 0.3336885625 0.8012820968750001 0.344349953125 0.8333322546874999 0.3571423109375 0.8477573375 0.3731333046875 0.8509616984375 0.38699333125 0.8429497046875 0.3933906015625 0.8317311671875001 0.39552156875 0.8173082671874999 0.39445608593750003 0.785255925 0.38912648125 0.7724362984375001 0.379530575 0.761217759375 0.379530575 0.7548068546875 0.37206782031249996 0.7435905 0.36140643125 0.7403839546875
1 0.3635395828125 0.657050921875 0.346480921875 0.6538465609374999 0.33688719843750004 0.6442312953125 0.3251603234375 0.642628021875 0.3155644171875 0.6522432890625 0.30063890781249997 0.6554476484375 0.29637478906250003 0.6618585546875 0.2953093046875 0.6730770921875 0.3059706953125 0.701922890625 0.30703617968749997 0.72596105625 0.31343345 0.741987228125 0.33155541093749996 0.7435905 0.34115131718749997 0.7387828671875 0.3592754625 0.7179490625 0.36780370156250003 0.6891032640625 0.36780370156250003 0.6666661875 0.3635395828125 0.657050921875
4 0.1351492296875 0 0.13744081875 0.31176195624999997 0.19071501875000002 0.0434781234375 0.2906085125 0.012434925 0.2697388375 0 0.1351492296875 0
1 0.8230269343750001 0 0.8176977734375 0.0032040953125 0.8166301062500001 0.017629178125 0.820896409375 0.0416673421875 0.8251605281250001 0.05448697031250001 0.8326232828125001 0.0657055078125 0.8507452453125 0.0753207734375 0.8699370578125001 0.076924046875 0.8891266859375 0.0624989625 0.8912576546875 0.05609024218749999 0.8901921703125 0.0208335390625 0.8880590187499999 0.011218271875 0.881425671875 0 0.8445019453124999 0 0.84221700625 0.00160300625 0.8230305625 0 0.8230269343750001 0
1 0.590618678125 0.1570505359375 0.6023455515625 0.1522429015625 0.6055441874999999 0.14583418125 0.606609671875 0.129808009375 0.6130069421875 0.10737093281250001 0.6130069421875 0.09455130625 0.5916841625 0.0897436734375 0.570363565625 0.06890986875 0.5575690234375 0.0721164140625 0.5533049046875 0.09455130625 0.5533049046875 0.1153851109375 0.5554380546875 0.12179383125000001 0.590618678125 0.1570505359375
1 0.057303592187499995 0 0.06290060625 0.0288455328125 0.0660970578125 0.036859709375 0.0767584484375 0.0416673421875 0.084221203125 0.0288455328125 0.0902182640625 0 0.057303592187499995 0
4 0.0610717671875 1 0.059381015625 0.8919063062499999 0.020095659374999998 0.88288516875 0.0014496890625 0.985000953125 0.027100314062500002 1 0.0610717671875 1
1 0.3155644171875 1 0.3155644171875 0.990385240625 0.30703617968749997 0.975962340625 0.29744245625 0.9695514359375 0.2857133984375 0.9679481640625 0.27825064374999997 0.975962340625 0.2774896 1 0.3155644171875 1
1 0.5341153234375 1 0.53624624375 0.9775634296875 0.5319821234375001 0.9679481640625 0.5234538843750001 0.9679481640625 0.5117270109375001 0.9823710625000001 0.5106615578125 1 0.5341153234375 1
1 0.6178621921875 1 0.622600665625 0.9919863281250001 0.622600665625 0.9583328968749999 0.6140724265624999 0.9455132703125001 0.606609671875 0.9455132703125001 0.6002124015625 0.950320903125 0.590618678125 0.972755796875 0.590618678125 0.9935896015625 0.5932837234375 1 0.6178621921875 1
1 0.808489275 1 0.8091673515625001 0.9887819671875 0.807036384375 0.9695514359375 0.8038377484374999 0.9631405296875 0.794244025 0.9615394421874999 0.7878467546875 0.966347075 0.7718557609375 0.990385240625 0.77078809375 0.998397234375 0.772802165625 1 0.808489275 1
1 0.9051179109374999 1 0.9168445546875 0.9743590687499999 0.9179100390625001 0.950320903125 0.9115149515625 0.9455132703125001 0.8912576546875 0.9423067265625 0.8720680249999999 0.9455132703125001 0.8699370578125001 0.9599361703125 0.8710025421875001 0.9743590687499999 0.8869935359375001 0.9855776078125 0.8955217734375 0.998397234375 0.8976546125 1 0.9051179109374999 1
1 1 0.9474071046875 0.9936030703125001 0.9439099984375 0.9872058000000001 0.9455132703125001 0.9872058000000001 0.964743803125 0.9797452281249999 0.980769975 0.9808107125 0.9951928734375001 0.9862478781249999 1 1 1 1 0.9474071046875
1 0.7366729546874999 0.8173082671874999 0.7483998296875 0.7740373859375 0.7483998296875 0.7628210328125 0.7420047421875 0.7596144875 0.703625484375 0.7660253921875 0.7014923328125 0.7724362984375001 0.703625484375 0.7836548359375 0.71855099375 0.8157049953125 0.7292102 0.8221159 0.7366729546874999 0.8173082671874999
1 0.64179029375 0.6730770921875 0.6503207171875001 0.650640015625 0.6620475906250001 0.631409484375 0.6631130749999999 0.6217942171875 0.6609799234375 0.616986584375 0.6439234453125 0.6185898578125 0.6279324515625 0.6298083953125 0.62153518125 0.6474356546875 0.6236683328125 0.6650651 0.6289979359375 0.6730770921875 0.64179029375 0.6730770921875
1 0.6087428234375001 0.7804482921875 0.6151379109375 0.77724393125 0.6183365453125 0.7724362984375001 0.6183365453125 0.7644221203125 0.606609671875 0.72596105625 0.6012800687500001 0.7211534234375 0.5916841625 0.7243599671875 0.5831559234375 0.7435905 0.5831559234375 0.7564101265625001 0.5863545593749999 0.7660253921875 0.5970159484375 0.778847203125 0.6087428234375001 0.7804482921875
1 0.5479752999999999 0.615385496875 0.5373139109375 0.623397490625 0.52985115625 0.6394236624999999 0.5277180046875001 0.6618585546875 0.5319821234375001 0.6730770921875 0.5319821234375001 0.690704353125 0.53624624375 0.7035261640625 0.5415780296875 0.7067305234375 0.5565035390624999 0.7067305234375 0.5618331421875 0.7035261640625 0.57569316875 0.6826923593750001 0.5799572875 0.6730770921875 0.5820904390625 0.6554476484375 0.5778241359375 0.6346160281250001 0.569295896875 0.6217942171875 0.560767659375 0.615385496875 0.5479752999999999 0.615385496875
1 0.489338746875 0.793270103125 0.49467053281249995 0.8157049953125 0.49893465312499996 0.8205126281249999 0.5063974078125 0.81890935625 0.5223884015625 0.8028853687499999 0.533049790625 0.7804482921875 0.533049790625 0.753205765625 0.5287856718749999 0.7403839546875 0.5234538843750001 0.735576321875 0.507462890625 0.733975234375 0.4968015015625 0.7467948609375 0.491471896875 0.7628210328125 0.489338746875 0.793270103125
1 0.4861401109375 0.6458323828125 0.4754787203125 0.6474356546875 0.4701491171875 0.657050921875 0.4690836328125 0.6730770921875 0.4754787203125 0.68429563125 0.4850746265625 0.68429563125 0.491471896875 0.674680365625 0.49253738125 0.6554476484375 0.4861401109375 0.6458323828125
1 0.2008633171875 0.7439094078124999 0.1936451 0.6865389015625001 0.19157744999999998 0.6322766484375 0.1554798125 0.6880919359375001 0.20808153593749998 0.86796425 0.217367403125 0.8493584265624999 0.2008633171875 0.7439094078124999
1 0.0767584484375 0.7371795953125 0.0756929640625 0.7580133984375 0.0788915984375 0.7740373859375 0.08315571875 0.7820515640625 0.10447849843749998 0.793270103125 0.11727085781249999 0.793270103125 0.1268645796875 0.7307686890625 0.1257990953125 0.70031961875 0.12260046093750002 0.6891032640625 0.11300673750000001 0.690704353125 0.10341083124999999 0.70031961875 0.082090234375 0.7131414296874999 0.0767584484375 0.7371795953125
3 0.0479750953125 0.8830118578124999 0.0383791890625 0.8766031359375 0.030916434375000003 0.88141076875 0.022388196875 0.8990380281249999 0.028785467187500004 0.92307619375 0.036248221875 0.9326914593750001 0.0533047 0.9342947328125 0.056503334375000006 0.9262827390625 0.056503334375000006 0.905448934375 0.0479750953125 0.8830118578124999
3 0.1256178765625 0.06314114531250001 0.09338916875 0.12197075937499999 0.09108789687499999 0.1427412203125 0.111236025 0.20157083281250002 0.11755906249999999 0.1937816375 0.127344921875 0.16177953437499998 0.130224784375 0.128027809375 0.12619428593749998 0.112451603125 0.12964837499999998 0.0752574296875 0.1256178765625 0.06314114531250001
3 0.127344921875 0.11504872968749999 0.134829509375 0.1314899171875 0.1365565546875 0.0743902640625 0.12964837499999998 0.0890862 0.127344921875 0.11504872968749999
3 0.1307990109375 0.076987390625 0.134829509375 0.061411184375000004 0.1342531 0.0415057046875 0.13540591875000002 0.0216024109375 0.12964837499999998 0.018140303125 0.12331660625 0.02939160625 0.12216378750000001 0.044967812499999996 0.12677069531250001 0.0648711078125 0.1307990109375 0.076987390625
1 0.2942438203125 0.084936040625 0.28784655 0.0833327671875 0.28358243125000004 0.0881404 0.27931831093750004 0.1169861984375 0.2814492796875 0.12339710468750001 0.3059706953125 0.1282047375 0.31769756875 0.1169861984375 0.318763053125 0.1057698453125 0.3166320859375 0.10096221093749999 0.2942438203125 0.084936040625
1 0.30063890781249997 0.05448697031250001 0.2953093046875 0.0657055078125 0.293176153125 0.0881404 0.31023481406250003 0.0993589390625 0.3208962046875 0.092948034375 0.3251603234375 0.0833327671875 0.3230271734375 0.0673087796875 0.31023481406250003 0.05448697031250001 0.30063890781249997 0.05448697031250001
1 0.50426425625 0.1089742046875 0.509593859375 0.0881404 0.49893465312499996 0.0817316796875 0.4861401109375 0.09134694531250001 0.4765463875 0.10737093281250001 0.47228226875 0.12019274375 0.47121460156249995 0.1346156421875 0.473347753125 0.14903854218749998 0.4840091421875 0.1682690734375 0.5000001359375 0.1794876125 0.508528375 0.1810887 0.5255870359375 0.169872346875 0.5394448781250001 0.14903854218749998 0.5437089984375 0.12500037656250002 0.5394448781250001 0.1169861984375 0.5234538843750001 0.1282047375 0.508528375 0.12500037656250002 0.50426425625 0.1169861984375 0.50426425625 0.1089742046875
1 0.669511575 0 0.6652462265625 0.00160300625 0.6428579609375 0.019230265625 0.6247338171875 0.0416673421875 0.6204696968750001 0.0496793359375 0.6204696968750001 0.059294603125 0.6332620546875 0.084936040625 0.64712208125 0.08653931249999999 0.656715803125 0.0801284078125 0.6695103453125 0.060897875000000004 0.6759054328125 0.0576913296875 0.6876323078125 0.0416673421875 0.6897654578125 0.0352564375 0.6897654578125 0.017629178125 0.6848802125 0 0.669511575 0
1 0.7302760984375001 0 0.7196164781250001 0.00160300625 0.71855099375 0.0208335390625 0.7270792328125 0.033653165624999995 0.737740621875 0.0320520765625 0.7420047421875 0.0208335390625 0.740937075 0.011218271875 0.7302781203125 0 0.7302760984375001 0
1 0.7590612203125 0.16185816875 0.7675916421875 0.139423275 0.7675916421875 0.12019274375 0.7590612203125 0.1057698453125 0.7345419875 0.096154578125 0.7281447171875 0.10096221093749999 0.7260137484375 0.1089742046875 0.7270792328125 0.144230909375 0.740937075 0.16185816875 0.7526661328124999 0.1666658015625 0.7590612203125 0.16185816875
1 0.9211086734375 0.0993589390625 0.9179100390625001 0.096154578125 0.9072486484375 0.0993589390625 0.9051176796875 0.1057698453125 0.9061831640625 0.1153851109375 0.9093818 0.12019274375 0.9200431890624999 0.12019274375 0.9221741578125 0.11217856562499999 0.9211086734375 0.0993589390625
1 0.9680161703125 0.22916721406249999 0.9786775609375 0.230768303125 0.984009346875 0.22435958125000002 0.984009346875 0.21314104375 0.9797452281249999 0.20352577656249998 0.9669506859375 0.20512904999999998 0.9648197187499999 0.22275630937500002 0.9680161703125 0.22916721406249999
1 0 0.24177299218749998 0.0138599578125 0.24038356875 0.0191895609375 0.230768303125 0.0202550453125 0.2099366828125 0.025586831249999997 0.19711487187500001 0.024521346875 0.1858985171875 0.012792290625 0.1842952453125 0 0.194651171875 0 0.24177299218749998
1 0.111941253125 0.2772435453125 0.1162053734375 0.290063171875 0.12153497656250001 0.2964740765625 0.1257990953125 0.2868588109375 0.127932246875 0.25000101875 0.1204694921875 0.2451933859375 0.111941253125 0.26121737343749996 0.111941253125 0.2772435453125
1 0.13113088281250002 0.3237187875 0.1295304734375 0.29727571249999996 0.1204694921875 0.3092958875 0.11833634062500001 0.3205122421875 0.1194040078125 0.3301275078125 0.12899773125 0.33493514062499996 0.13113088281250002 0.3237187875