2 0 0.3499263390625 0.0045207953125 0.34375 0.0108506328125 0.3288043484375 0.029837975 0.24048912968749997 0.026220614062499998 0.20108695625 0.027125496875 0.1779891296875 0.031645570312499996 0.16711956562500002 0.0325504515625 0.14809782656249998 0.0443030734375 0.13315217343750002 0.0424954796875 0.1154891296875 0.0334531640625 0.0951086953125 0.0162755875 0.0706521734375 0.0045207953125 0.0638586953125 0 0.0638586953125 0 0.3499263390625
1 0.169077034375 0.440217390625 0.147377215625 0.43885869531250005 0.1419522609375 0.4429347828125 0.1347197109375 0.457880434375 0.132912115625 0.48777173906250004 0.1383370703125 0.510869565625 0.1428571421875 0.5163043484375 0.150994575 0.5163043484375 0.16546184375 0.5230978265624999 0.17359927656250002 0.5326086953125 0.1781193484375 0.533967390625 0.19348933125 0.5543478265624999 0.203436528125 0.5747282609375 0.21338155468750003 0.57608695625 0.2314640140625 0.5638586953125 0.2414112109375 0.5543478265624999 0.252261121875 0.5353260875 0.2549735984375 0.5230978265624999 0.2549735984375 0.510869565625 0.25045135625000003 0.4918478265625 0.232368896875 0.471467390625 0.21066907812500002 0.45652173906250004 0.169077034375 0.440217390625
1 0.44303725156249996 0.7663043484375 0.4394220609375 0.75 0.4312846296875 0.73641304375 0.424049909375 0.7336956515625 0.40596745 0.7404891296875 0.3761301984375 0.7690217390625 0.367087884375 0.78125 0.36166292968749997 0.8070652171875 0.36166292968749997 0.83016304375 0.373417721875 0.8559782609375001 0.3942126578125 0.8817934781250001 0.4113924046875 0.8899456515624999 0.4249547921875 0.8899456515624999 0.4285721515625 0.885869565625 0.42766726874999994 0.8505434781250001 0.43399710625 0.823369565625 0.443942134375 0.801630434375 0.44303725156249996 0.7663043484375
1 1 0.5498160875 0.9954799281250001 0.5326086953125 0.9882452078125 0.51766304375 0.9773952984375001 0.5122282609375 0.9493678125 0.5163043484375 0.9349005421875001 0.524456521875 0.9095833640625001 0.5543478265624999 0.904158409375 0.565217390625 0.898733453125 0.5855978265624999 0.90054321875 0.6086956515625 0.904158409375 0.618206521875 0.933995659375 0.6644021734375001 0.96473779375 0.6956521734375001 0.9764925859375 0.694293478125 0.9954799281250001 0.667119565625 1 0.6555706515625 1 0.5498160875
1 0.83725135625 0.8654891296875 0.8227840875 0.8559782609375001 0.8146466546875001 0.8586956515624999 0.797469078125 0.8736413046875 0.791139240625 0.885869565625 0.7902343578125001 0.9035326093749999 0.797469078125 0.9320652171875 0.8146466546875001 0.9565217390624999 0.821881375 0.9619565218749999 0.8381562390624999 0.9660326093749999 0.8508137437500001 0.9592391296875 0.8571435812500001 0.9402173906250001 0.8571435812500001 0.9144021734375001 0.854431103125 0.8980978265624999 0.848101265625 0.8804347828125 0.83725135625 0.8654891296875
1 0.8153162359374999 0 0.8209764921874999 0.024456521875 0.83725135625 0.061141304687499995 0.84448390625 0.0665760875 0.8580462921875001 0.0638586953125 0.8698010843749999 0.052989129687500004 0.8824585890625001 0.0271739125 0.8869799015625001 0 0.8153162359374999 0
1 0.9064397203125001 0 0.9095833640625001 0.0271739125 0.9195305609375 0.033967390624999996 0.9376130203124999 0.0353260875 0.9412303796874999 0.024456521875 0.9358054250000001 0 0.9064397203125001 0
1 0.9457504515625 0.059782609375 0.9358054250000001 0.04891304375 0.91410560625 0.033967390624999996 0.905063290625 0.033967390624999996 0.9014459312499999 0.04891304375 0.9014459312499999 0.0665760875 0.904158409375 0.0896739125 0.9068708859375001 0.09646739062500001 0.9177207953125001 0.10733695624999999 0.9276679921875 0.10869565156250001 0.9367081374999999 0.10461956562500001 0.9439428578125 0.09375 0.946655334375 0.0842391296875 0.947558046875 0.06793478281250001 0.9457504515625 0.059782609375
1 0.6370617453125 0 0.641952984375 0.0230978265625 0.6473779390625001 0.0366847828125 0.670885353125 0.0720108703125 0.6826401453125001 0.0815217390625 0.6952976484375 0.0842391296875 0.70253236875 0.0815217390625 0.705244846875 0.0747282609375 0.705244846875 0.0543478265625 0.70253236875 0.0407608703125 0.6916824593750001 0.0122282609375 0.689463159375 0 0.6370617453125 0
1 0.58951103125 0 0.58951103125 0.0013586953125 0.5913207953125 0.0122282609375 0.6021707046875 0.0434782609375 0.6193482828125 0.0706521734375 0.6383356234375 0.08831521718749999 0.64557034375 0.08831521718749999 0.6491855328125 0.0815217390625 0.6473779390625001 0.052989129687500004 0.643760578125 0.0271739125 0.6383356234375 0.01358695625 0.635554709375 0 0.58951103125 0
1 0.6057858953124999 0.1779891296875 0.5922235078125 0.158967390625 0.5813735984374999 0.13858695625 0.5741410484375 0.1399456515625 0.573236165625 0.15625 0.57594864375 0.16983695625 0.5867985531250001 0.2024456515625 0.5940332734375 0.20788043437499998 0.6030734171875001 0.20516304375 0.607595659375 0.19565217343750002 0.6057858953124999 0.1779891296875
1 0.2408084390625 0 0.246836165625 0.0271739125 0.26401374375 0.0815217390625 0.27215117499999997 0.09375 0.345388065625 0.1413043484375 0.3607602171875 0.1467391296875 0.3716101265625 0.14538043437499998 0.373417721875 0.13858695625 0.3716101265625 0.1263586953125 0.36347269375 0.10869565156250001 0.32007305625 0.042119565625 0.2952467890625 0 0.2408084390625 0
1 0.21428643749999998 0.1413043484375 0.1871616640625 0.10869565156250001 0.168174321875 0.10733695624999999 0.154611934375 0.1154891296875 0.143762025 0.1304347828125 0.1374321875 0.1521739125 0.13652730625 0.1779891296875 0.1392397828125 0.1888586953125 0.1428571421875 0.194293478125 0.1518994578125 0.19836956562500002 0.1627493671875 0.20923912968749997 0.1772144671875 0.2336956515625 0.18444918593749998 0.260869565625 0.1880643765625 0.2663043484375 0.21066907812500002 0.2771739125 0.2206141046875 0.2758152171875 0.22965641875 0.2690217390625 0.23508137499999998 0.260869565625 0.238698734375 0.2486413046875 0.238698734375 0.22146739062499998 0.227848825 0.1711956515625 0.21428643749999998 0.1413043484375
1 0.7622068718749999 0.25951087031250003 0.7396021703125 0.243206521875 0.7314647375 0.2418478265625 0.7242321875 0.2445652171875 0.7079573234375001 0.2622282609375 0.7007226046875 0.2866847828125 0.7007226046875 0.34375 0.7142849906250001 0.3940217390625 0.735984809375 0.43614130468749995 0.7459320078125 0.4470108703125 0.7540694390625 0.45108695625 0.7640144671875 0.45108695625 0.771247015625 0.4470108703125 0.7784817359375 0.43614130468749995 0.7857142859375 0.4144021734375 0.7893316453125 0.3872282609375 0.7893316453125 0.3586956515625 0.7848094031249999 0.3165760875 0.771247015625 0.2758152171875 0.7622068718749999 0.25951087031250003
1 0.7649193484375 0.5475543484375 0.763109584375 0.5258152171875 0.7549721515625001 0.5013586953125 0.745027125 0.4959239125 0.7386972875 0.5013586953125 0.7296571421875 0.5163043484375 0.7233273062500001 0.53125 0.7233273062500001 0.5407608703125 0.727847378125 0.54891304375 0.7396021703125 0.559782609375 0.7540694390625 0.5679347828125 0.7622068718749999 0.5665760875 0.7649193484375 0.5475543484375
1 0.7188072328125 0.42527173906250004 0.7043399640625 0.3872282609375 0.6907775765624999 0.3709239125 0.6754075953124999 0.36684782656250003 0.6690777578125 0.3695652171875 0.6546104875000001 0.38858695625 0.64647305625 0.42255434843749995 0.64557034375 0.45516304375 0.6509952984375 0.4918478265625 0.660940325 0.5190217390625 0.6726951171875 0.533967390625 0.6871602171875 0.5394021734375001 0.7043399640625 0.528532609375 0.7106698015624999 0.520380434375 0.71609475625 0.49864130468749995 0.7233273062500001 0.48233695625 0.7242321875 0.4633152171875 0.7188072328125 0.42527173906250004
1 0.5696209765625 0.3423913046875 0.5587710671874999 0.3315217390625 0.5515363468750001 0.3274456515625 0.542496203125 0.3288043484375 0.5352614828125 0.341032609375 0.5334538875 0.368206521875 0.5352614828125 0.38451087031250003 0.5461113921875 0.408967390625 0.5497287515625 0.42527173906250004 0.5587710671874999 0.4429347828125 0.5669084984375 0.45108695625 0.578661121875 0.457880434375 0.58860831875 0.45516304375 0.5913207953125 0.4429347828125 0.5904159124999999 0.41983695625 0.5804708859375001 0.3627717390625 0.5696209765625 0.3423913046875
1 0.487341771875 0.4769021734375 0.445749728125 0.395380434375 0.4394220609375 0.3899456515625 0.4294748640625 0.3913043484375 0.4195298375 0.4103260875 0.416817359375 0.43614130468749995 0.423147196875 0.5013586953125 0.43489981875000006 0.5611413046875 0.44303725156249996 0.582880434375 0.4575045203125 0.6019021734375001 0.51808390625 0.6548913046875 0.5587710671874999 0.6576086953125 0.5669084984375 0.6548913046875 0.572333453125 0.649456521875 0.579566003125 0.6331521734375001 0.579566003125 0.614130434375 0.572333453125 0.59375 0.5587710671874999 0.5747282609375 0.5343587703125 0.54891304375 0.487341771875 0.4769021734375
1 0.735984809375 0.7038043484375 0.7323696203125001 0.690217390625 0.7251349 0.67391304375 0.70253236875 0.6413043484375 0.6934900546875 0.6413043484375 0.6907775765624999 0.645380434375 0.677215190625 0.6888586953125 0.6754075953124999 0.70516304375 0.6763103078125 0.729619565625 0.678120071875 0.7377717390625 0.6862575046875 0.7445652171875 0.7016274859375 0.743206521875 0.7314647375 0.73233695625 0.735984809375 0.7228260875 0.735984809375 0.7038043484375
1 0.6546104875000001 0.8084239125 0.6482828203125 0.7459239125 0.642857865625 0.716032609375 0.6347204343749999 0.698369565625 0.623870525 0.698369565625 0.6021707046875 0.7309782609375 0.5940332734375 0.752717390625 0.5813735984374999 0.8152173906250001 0.5804708859375001 0.8600543484375001 0.5877034359375 0.9035326093749999 0.5958408687500001 0.9211956515624999 0.6021707046875 0.92391304375 0.6139233265625 0.91983695625 0.650090415625 0.895380434375 0.6582278484375 0.8790760875 0.6546104875000001 0.8084239125
1 0.5216990953125 0.9836956515624999 0.5216990953125 0.9673913046875 0.516274140625 0.95108695625 0.5135616640625 0.9470108703125 0.5054242312499999 0.948369565625 0.4954792046875 0.9619565218749999 0.49367160937500004 0.9728260875 0.500904159375 0.9877717390624999 0.5135616640625 0.9932065218749999 0.51808390625 0.9904891296875 0.5216990953125 0.9836956515624999