1 0.5716260328125 0.034979221875 0.5674938015625 0.0432096421875 0.5674938015625 0.055555271875 0.573002065625 0.063785690625 0.5798904953124999 0.057612876562500005 0.5812665296875 0.0473248515625 0.577134296875 0.0329216171875 0.5716260328125 0.034979221875
1 0.092287190625 0.133744259375 0.0895309921875 0.152262703125 0.073002065625 0.1872419875 0.073002065625 0.211933246875 0.082644628125 0.21604845625000002 0.092287190625 0.1975300125 0.108816115625 0.1975300125 0.1239669421875 0.1810691734375 0.1239669421875 0.162550728125 0.1101921484375 0.11728342031250001 0.10192768593749998 0.11728342031250001 0.092287190625 0.133744259375
1 0.1666673546875 0.15637791406249998 0.1542706609375 0.15843551875 0.1515144625 0.1769539625 0.1542706609375 0.183126778125 0.1680433890625 0.183126778125 0.1707995875 0.1646083328125 0.1666673546875 0.15637791406249998
1 0.3484855375 0.1604931234375 0.33608884375 0.15843551875 0.3305785125 0.1666659375 0.3292004125 0.183126778125 0.35399380156250004 0.183126778125 0.3553719015625 0.17283875312500002 0.3484855375 0.1604931234375
1 0.3457293390625 0.1975300125 0.3415971078125 0.21399085156250003 0.3415971078125 0.22427887656249998 0.3457293390625 0.2283940859375 0.3581260328125 0.22633648125 0.3636363640625 0.21810606250000003 0.36088223125 0.1975300125 0.35399380156250004 0.1892995921875 0.3457293390625 0.1975300125
1 0.5261714875 0.2427993828125 0.516528925 0.2427993828125 0.5068863640625 0.25926022187500003 0.5082644625 0.2757210625 0.51239669375 0.279836271875 0.5261714875 0.2777786671875 0.5358119828125 0.26337543281250003 0.53443595 0.251029803125 0.5261714875 0.2427993828125
1 0.51377479375 0.065843296875 0.5082644625 0.07818892656250001 0.5082644625 0.08847695 0.5330578515625 0.0967073703125 0.5330578515625 0.07407371562500001 0.5261714875 0.063785690625 0.51377479375 0.065843296875
1 0.28236983437499996 0.0288064078125 0.28236983437499996 0.0390944328125 0.2933884296875 0.055555271875 0.3016528921875 0.0534976671875 0.30303099218749996 0.0432096421875 0.30027479375 0.0370368265625 0.286502065625 0.022633592187500003 0.28236983437499996 0.0288064078125
1 0.5812665296875 0.9032926296875001 0.5743801656249999 0.9176958640624999 0.573002065625 0.9465023328125 0.578512396875 0.9629631734374999 0.5909090906250001 0.9609055671875 0.599173553125 0.9465023328125 0.6005516531249999 0.91975346875 0.592287190625 0.9032926296875001 0.5812665296875 0.9032926296875001
1 0.6157024796874999 0.6090530625 0.604683884375 0.6111106671875 0.599173553125 0.621398690625 0.599173553125 0.6337443203124999 0.6074380171875 0.641974740625 0.621212809375 0.6399171359375 0.6239669421875 0.6234562968749999 0.621212809375 0.613168271875 0.6157024796874999 0.6090530625
1 0.5747665296875 0.66948644375 0.5698491734375 0.6774900734375 0.566721075 0.6934973328125 0.5761012390625 0.6914809625 0.58146074375 0.6834773328125 0.583237603125 0.674156259375 0.5792293390625 0.667490690625 0.5747665296875 0.66948644375
1 0.6101921484374999 0.4279838265625 0.6074380171875 0.4320990375 0.6060599171875001 0.44238706250000004 0.6101921484374999 0.45473269062500005 0.621212809375 0.4485598765625 0.62258884375 0.4341566421875 0.6198347109375 0.4279838265625 0.6101921484374999 0.4279838265625
1 0.5812665296875 0.290124296875 0.578512396875 0.29423950625 0.577134296875 0.31275795 0.5798904953124999 0.3168731609375 0.5909090906250001 0.31275795 0.592287190625 0.3004123203125 0.5895309921874999 0.2921819015625 0.5812665296875 0.290124296875
1 0.5950413218749999 0.2530874078125 0.5950413218749999 0.27366345625 0.599173553125 0.2860090859375 0.608816115625 0.2962971109375 0.6267210750000001 0.2818938765625 0.6349855375 0.26749064218749996 0.6349855375 0.2551450125 0.6294772734375 0.2427993828125 0.6184566109375 0.23456690156249999 0.6005516531249999 0.24073971562500002 0.5950413218749999 0.2530874078125
1 0.7162541328125 0.7901243578125 0.7066115703125 0.8004123828124999 0.7038574375 0.8209884328125 0.7066115703125 0.8353916671875 0.7121219015625 0.837449271875 0.7203863640625 0.8230460374999999 0.725894628125 0.8004123828124999 0.7245185953125 0.7901243578125 0.7162541328125 0.7901243578125
1 0.6903719015625 0.7414407656249999 0.683223140625 0.7340948265625 0.680551653125 0.74209845625 0.6863491734375 0.7520978390625 0.694394628125 0.7507618390624999 0.6903719015625 0.7414407656249999
1 0.67768595 0.5308640734375001 0.6680433890625 0.5308640734375001 0.66528925625 0.61728348125 0.6721756203125 0.62757150625 0.6928367765625 0.6193410859374999 0.70798966875 0.5720161734375 0.7052334703125 0.5576129375 0.67768595 0.5308640734375001
1 0.743801653125 0.613168271875 0.7341590906250001 0.6069954562500001 0.7245185953125 0.6152258765624999 0.7245185953125 0.6337443203124999 0.7341590906250001 0.6358019265625 0.7410475203125 0.631686715625 0.7451797515624999 0.6193410859374999 0.743801653125 0.613168271875
1 0.7837458671875 0.5679009625 0.761708678125 0.563785753125 0.753444215625 0.5720161734375 0.746555784375 0.5905346171875 0.7548202484375001 0.5946498265625 0.768595040625 0.582304196875 0.7823698343750001 0.5781889875 0.7837458671875 0.5679009625
1 0.7327830578125 0.48148155625 0.7203863640625 0.48148155625 0.7148760328125 0.48971197499999997 0.7148760328125 0.4979423953125 0.725894628125 0.4979423953125 0.7327830578125 0.48148155625
1 0.6928367765625 0.3909469375 0.6942148765625 0.4094653828125 0.7024793390624999 0.415638196875 0.7148760328125 0.4115229875 0.7203863640625 0.40123496249999996 0.7190082640625 0.38271651875 0.7121219015625 0.37037088906250004 0.6969690078124999 0.3662556796875 0.6969690078124999 0.38065891406249996 0.6928367765625 0.3909469375
1 0.6707995875 0.201645221875 0.6625351234375 0.19341480312499998 0.6322314046875 0.19341480312499998 0.6267210750000001 0.1995876171875 0.6322314046875 0.232509296875 0.6377417359375 0.24073971562500002 0.65702479375 0.2386821109375 0.6680433890625 0.2283940859375 0.6721756203125 0.21810606250000003 0.6707995875 0.201645221875
1 0.6666673546874999 0.191357196875 0.67493181875 0.1954724078125 0.6804400828125 0.211933246875 0.6887045453125 0.22016366718749997 0.7134979343750001 0.211933246875 0.725894628125 0.1810691734375 0.7245185953125 0.152262703125 0.7203863640625 0.13991707343749998 0.7121219015625 0.13168665468750002 0.7038574375 0.1358018640625 0.69972520625 0.12757144375 0.69146074375 0.12962905 0.6818181812499999 0.15432030937500002 0.6680433890625 0.1769539625 0.6666673546874999 0.191357196875
1 0.7024793390624999 0 0.7024793390624999 0.0082303578125 0.709365703125 0.016460778125 0.7231404953125 0.0144031734375 0.730026859375 0.0020575437500000003 0.730026859375 0 0.7024793390624999 0
1 0.7820929375000001 0 0.7796136359375 0.0041151484375 0.7768595046875 0.0205759875 0.7837458671875 0.0329216171875 0.7975206609375001 0.0390944328125 0.8057851234375001 0.0329216171875 0.8140495874999999 0.0185183828125 0.8154276859375 0.0020575437500000003 0.81374408125 0 0.7820929375000001 0
1 0.913223140625 0.084361740625 0.913223140625 0.07407371562500001 0.8980723140625001 0.07407371562500001 0.896694215625 0.08641934531249999 0.907712809375 0.08847695 0.913223140625 0.084361740625
1 0.8842975203125001 0.11522581406250001 0.8732789249999999 0.11522581406250001 0.8622582640625 0.13168665468750002 0.86088223125 0.1604931234375 0.8705227265625 0.1666659375 0.8732789249999999 0.162550728125 0.8732789249999999 0.14814749375 0.87741115625 0.1419746796875 0.8898078515625001 0.13785946875 0.9008264468749999 0.13991707343749998 0.9022045453124999 0.13168665468750002 0.8842975203125001 0.11522581406250001
1 0.8439256203125 0.290472728125 0.8394628093750001 0.2824690984375 0.8323140499999999 0.2877986671875 0.820262396875 0.29913611093750003 0.8189256203124999 0.3158031234375 0.8251797515625 0.3291363203125 0.8394628093750001 0.321132690625 0.8439256203125 0.3058016796875 0.8439256203125 0.290472728125
1 0.874654959375 0.3209883703125 0.874654959375 0.31275795 0.8553719015624999 0.31481555625 0.8512396687500001 0.3271611859375 0.8526177687500001 0.3312763953125 0.8622582640625 0.3312763953125 0.8705227265625 0.3271611859375 0.874654959375 0.3209883703125
1 0.878787190625 0.1892995921875 0.8870516531250001 0.21399085156250003 0.8898078515625001 0.23456690156249999 0.8925619828125001 0.23662450625 0.899448346875 0.22633648125 0.9035805781249999 0.1872419875 0.899448346875 0.1810691734375 0.882919421875 0.1769539625 0.878787190625 0.1790115671875 0.878787190625 0.1892995921875
1 0.794752065625 0.65345650625 0.7901239671875 0.6517287781250001 0.7816384296875001 0.65576151875 0.77469628125 0.6586417531250001 0.7627272734375 0.6701853703125 0.7561714875 0.6776756296875 0.7546280984375 0.6955343203125001 0.7569421484375 0.7162753093750001 0.760026859375 0.73183105 0.7669690078125 0.7427973828125001 0.7804814046875 0.7462549015625 0.794752065625 0.7479826296875001 0.805551653125 0.7439498890625 0.8121074374999999 0.7341360625 0.8217623968750001 0.7180050984374999 0.824462809375 0.7070573203125 0.8248491734375 0.6938065921875001 0.8240764468749999 0.6840113203125 0.8209917359375 0.6776756296875 0.8132644625 0.6713378765625 0.809407025 0.6661320125 0.8067086781249999 0.659794259375 0.8020805781250001 0.655184234375 0.794752065625 0.65345650625
1 0.8310185953125 0.7462549015625 0.8213780984374999 0.7439498890625 0.8074793390625 0.7462549015625 0.798223140625 0.7618106421874999 0.793595040625 0.7756386546875 0.7924380171875 0.7877368765625 0.7939814046875 0.80273595 0.7978367765625001 0.814836234375 0.80593595 0.8223244328125 0.8136508265625 0.82578195 0.8275475203125 0.829814690625 0.84297520625 0.8240542218750001 0.8468326453125 0.8171391859374999 0.8499173546875 0.805618246875 0.8506880171875 0.7894646046875 0.8472169421875 0.7744861484375 0.84297520625 0.7629631484375 0.83680371875 0.7520174328125 0.8310185953125 0.7462549015625
1 0.8590039562499999 1 0.86088223125 0.9897120375 0.8553719015624999 0.9814816171875 0.84297520625 0.973251196875 0.8319566109375 0.975308803125 0.8319566109375 0.9855968265625 0.8378896765625001 1 0.8590039562499999 1
1 0.8961426109374999 1 0.899448346875 0.9958848515625001 0.9008264468749999 0.9876544328125 0.8925619828125001 0.9794240125 0.882919421875 0.9773664078125 0.87741115625 0.9814816171875 0.8719008265625 0.9917696421875 0.871349590625 1 0.8961426109374999 1
1 0.899448346875 0.9444447281249999 0.8925619828125001 0.95061754375 0.8842975203125001 0.9670783828125 0.8870516531250001 0.9773664078125 0.896694215625 0.983539221875 0.9104690078125 0.9814816171875 0.9159772734375 0.965020778125 0.9146012390625 0.9485599375 0.899448346875 0.9444447281249999
1 1 0.960343534375 0.9931136359374999 0.9444447281249999 0.9793388437500001 0.9465023328125 0.9641880171875 0.9609055671875 0.9572995875 0.975308803125 0.9628099171875 0.9876544328125 0.993113484375 1 0.993114090625 1 1 0.9990648375 1 0.960343534375
1 0.9628099171875 0.4238686171875 0.9641880171875 0.4341566421875 0.9752066109375 0.44238706250000004 0.9848491734374999 0.44032945625000003 0.9848491734374999 0.42181101249999997 0.9724524796875 0.40329256718749995 0.9683202484375 0.40329256718749995 0.9628099171875 0.4238686171875
3 0.8636363640625 0.613168271875 0.8553719015624999 0.61728348125 0.8526177687500001 0.6234562968749999 0.8539938015624999 0.6337443203124999 0.8705227265625 0.6399171359375 0.874654959375 0.6337443203124999 0.8760330578125 0.61728348125 0.8732789249999999 0.613168271875 0.8636363640625 0.613168271875
1 0.3236921484375 0.5967074328125 0.3099173546875 0.6358019265625 0.3099173546875 0.64608995 0.3154276859375 0.6543203703125 0.35399380156250004 0.6543203703125 0.3581260328125 0.6296291109375 0.35399380156250004 0.5884770125000001 0.3484855375 0.574073778125 0.3374648765625 0.5720161734375 0.3236921484375 0.5967074328125
1 0.49557260000000003 1 0.4917355375 0.973251196875 0.46280991718750003 0.9300414937499999 0.44490289218749995 0.91975346875 0.42975206562499996 0.91975346875 0.426997934375 0.9300414937499999 0.42975206562499996 0.9465023328125 0.44903512343749996 0.9814816171875 0.455234225 1 0.49557260000000003 1
1 0.515902334375 1 0.5172582640625001 0.9944643203125001 0.5198491734374999 0.9621817781249999 0.5201384296875 0.9350411859375001 0.5189814046875 0.901892715625 0.5172582640625001 0.8941571109374999 0.511487603125 0.9014824328125 0.5074648765625 0.9191143328125 0.5057293390625001 0.9453910625 0.50655719375 1 0.515902334375 1
1 0.5367667953125 1 0.537712809375 0.9979012218750001 0.540316115625 0.9699173828125 0.538580578125 0.9415026421875 0.5365702484375 0.9169763203124999 0.5319566109375 0.89759195 0.525619834375 0.8932911859375 0.5181260328125 0.898888778125 0.5204276859375 0.9062140984375 0.5201384296875 0.9260087531250001 0.5212954546875 0.9518319015625 0.5201384296875 0.9750820125 0.5189814046875 0.9910088640625 0.5186233984374999 1 0.5367667953125 1
1 0.2164654859375 1 0.20798966874999997 0.9794240125 0.1983471078125 0.973251196875 0.1859504125 0.973251196875 0.1707995875 0.9876544328125 0.16832026093750002 1 0.2164654859375 1
1 0.1928367765625 0.9300414937499999 0.1928367765625 0.9609055671875 0.19696900781249999 0.9711935921875 0.20798966874999997 0.9814816171875 0.2245185953125 0.9773664078125 0.234159090625 0.9629631734374999 0.239669421875 0.9444447281249999 0.2369152890625 0.9238686796875 0.2245185953125 0.9053502343750001 0.2162541328125 0.9032926296875001 0.2024793390625 0.9115230499999999 0.1928367765625 0.9300414937499999
1 0.5096425625000001 0.709875703125 0.5068863640625 0.720163728125 0.5068863640625 0.7613178890625 0.52066115625 0.7736635187500001 0.5275475203125 0.7736635187500001 0.5468326453125 0.7613178890625 0.544076446875 0.71604851875 0.5330578515625 0.7037028890625 0.517907025 0.7037028890625 0.5096425625000001 0.709875703125
1 0.3719008265625 0.7469125921875001 0.36501446249999997 0.7551430125 0.3622582640625 0.76337549375 0.3636363640625 0.7757211234375 0.37741115625 0.777778728125 0.382919421875 0.769548309375 0.382919421875 0.7510278031250001 0.38016528906249997 0.7469125921875001 0.3719008265625 0.7469125921875001
3 0.073002065625 0.6975300734375 0.064737603125 0.6995876796875 0.0592293390625 0.7078180984375 0.0592293390625 0.7222213328125 0.07162603281249999 0.7242789375 0.07438016562500001 0.720163728125 0.073002065625 0.6975300734375
1 0 0.669066709375 0.0013780984375 0.6687236046875 0.0096425625 0.6584355796875 0.01239669375 0.621398690625 0.00551033125 0.5905346171875 0 0.5812753953125 0 0.669066709375
1 0.100551653125 0.6069954562500001 0.086776859375 0.6111106671875 0.086776859375 0.6296291109375 0.092287190625 0.63785953125 0.1115702484375 0.6337443203124999 0.1101921484375 0.621398690625 0.100551653125 0.6069954562500001
1 0.4903574375 0.47119353124999996 0.48209297500000003 0.47530874062499995 0.4752066109375 0.4917695796875 0.4738285125 0.504115209375 0.48622520625 0.504115209375 0.4889814046875 0.5 0.5 0.504115209375 0.5027541328125 0.4917695796875 0.5 0.47942395 0.4903574375 0.47119353124999996
1 0.3815433890625 0.35185244375 0.39944834687499997 0.37654370312499996 0.421487603125 0.3909469375 0.4325061984375 0.39300454375 0.43939462812499996 0.38065891406249996 0.44490289218749995 0.35391005 0.44490289218749995 0.32510357968750003 0.43939462812499996 0.3024699265625 0.42975206562499996 0.2860090859375 0.411845040625 0.2757210625 0.395316115625 0.2757210625 0.3842975203125 0.28395148125 0.37327892500000004 0.3004123203125 0.3719008265625 0.30864274062499997 0.37327892500000004 0.32921879062500004 0.3815433890625 0.35185244375
1 0.2892561984375 0.3271611859375 0.2988987609375 0.32921879062500004 0.3374648765625 0.36214046875 0.35399380156250004 0.3662556796875 0.3553719015625 0.3600828640625 0.35123966875 0.35185244375 0.33471074375 0.337449209375 0.32231405 0.3312763953125 0.2961425625 0.3065851359375 0.2851239671875 0.30864274062499997 0.2851239671875 0.3209883703125 0.2892561984375 0.3271611859375
1 0.25206611562500003 0.32510357968750003 0.26308471093749997 0.3662556796875 0.2589524796875 0.39300454375 0.2892561984375 0.3991773578125 0.30027479375 0.37037088906250004 0.30027479375 0.358025259375 0.2851239671875 0.32510357968750003 0.26721694218750003 0.29835471562500004 0.256198346875 0.29423950625 0.25206611562500003 0.29835471562500004 0.25206611562500003 0.32510357968750003
1 0.1625351234375 0.26337543281250003 0.1501384296875 0.2860090859375 0.15564669375 0.33539160468749996 0.1625351234375 0.3497948390625 0.17493181875 0.3456796296875 0.19008264531250002 0.30864274062499997 0.1887045453125 0.28395148125 0.18181818125 0.25926022187500003 0.17768595 0.25720261718750004 0.1625351234375 0.26337543281250003
3 0.057851239062500004 0.31481555625 0.08402272656250001 0.358025259375 0.092287190625 0.378601309375 0.10192768593749998 0.3847741234375 0.103305784375 0.37242849375 0.090909090625 0.2777786671875 0.0674938015625 0.2757210625 0.0592293390625 0.279836271875 0.0537190078125 0.288066690625 0.0537190078125 0.3024699265625 0.057851239062500004 0.31481555625
1 0.103305784375 0.39711975312500003 0.086776859375 0.4115229875 0.0812665296875 0.4238686171875 0.086776859375 0.44032945625000003 0.103305784375 0.44444466718750003 0.1060599171875 0.44032945625000003 0.10743801718749998 0.40740777812499995 0.103305784375 0.39711975312500003
1 0.0812665296875 0.5226336546875 0.06886983437500001 0.524691259375 0.0674938015625 0.5329216796875 0.070247934375 0.5411520984375 0.082644628125 0.53909449375 0.0812665296875 0.5226336546875
1 0 0.417695803125 0.0013780984375 0.42181101249999997 0.016528925 0.42181101249999997 0.0261714875 0.4115229875 0.0275475203125 0.3991773578125 0.0234152890625 0.386831728125 0.0151508265625 0.38271651875 0 0.3888893328125 0 0.417695803125
1 0.050964876562500004 0.0720161109375 0.0427004125 0.0679009015625 0.0358119828125 0.0761313203125 0.0358119828125 0.1008225796875 0.0537190078125 0.09053455625 0.055097107812500004 0.08024653125 0.050964876562500004 0.0720161109375
1 0 0.8703709500000001 0.01239669375 0.8971198140625001 0.0234152890625 0.8971198140625001 0.024793389062499997 0.890947 0.0234152890625 0.8539101109375 0.02066115625 0.845679690625 0.0068863640625 0.845679690625 0 0.8508231890625 0 0.8703709500000001
1 0.8016528921875 0.8600829265625001 0.790634296875 0.880658975 0.7892561984375 0.895062209375 0.7933884296875 0.9115230499999999 0.8112954546875001 0.9320990984374999 0.8236921484374999 0.934156703125 0.84297520625 0.9279838890625 0.8539938015624999 0.9115230499999999 0.86088223125 0.890947 0.8636363640625 0.8703709500000001 0.8595041328124999 0.8559677156250001 0.84297520625 0.84156448125 0.8154276859375 0.845679690625 0.8016528921875 0.8600829265625001
2 0.3788828640625 1 0.3760330578125 0.9794240125 0.36088223125 0.9279838890625 0.3553719015625 0.9238686796875 0.338842975 0.9238686796875 0.2933884296875 0.9362143093749999 0.29063429687500003 0.95061754375 0.2933884296875 0.9691359875 0.3066119578125 1 0.3788828640625 1
0 0.1239669359375 1 0.12121280937500001 0.9691359875 0.1101921484375 0.9444447281249999 0.10468388437500001 0.9403295187499999 0.0977954546875 0.9444447281249999 0.0798904953125 0.9876544328125 0.0798904953125 1 0.1239669359375 1
0 0.6845723312499999 1 0.6873285124999999 0.9897120375 0.6859504125 0.9629631734374999 0.6694214875 0.9279838890625 0.659778925 0.934156703125 0.6446280984375 0.9691359875 0.6460061984375 0.9917696421875 0.65387626875 1 0.6845723312499999 1
1 0.516528925 0.417695803125 0.5068863640625 0.42181101249999997 0.4986219015625 0.446502271875 0.4986219015625 0.47530874062499995 0.5068863640625 0.4773663453125 0.5385681812499999 0.45679029687500006 0.5413223140625 0.44444466718750003 0.5371900828125 0.4320990375 0.5261714875 0.4197534078125 0.516528925 0.417695803125
1 0.409090909375 0.592592221875 0.417355371875 0.6028802468750001 0.4283739671875 0.6090530625 0.44628099218750006 0.6049378515625 0.44903512343749996 0.5864194078125 0.44490289218749995 0.5658433578125 0.4366384296875 0.55967054375 0.4201095046875 0.55967054375 0.409090909375 0.574073778125 0.409090909375 0.592592221875
1 0.4531673546875 0.6913572593749999 0.4380165296875 0.7325093578125 0.4380165296875 0.7469125921875001 0.44077066093750006 0.7510278031250001 0.4807169421875 0.7469125921875001 0.4848491734375 0.7427973828125001 0.48622520625 0.7283941484375 0.47796074375000003 0.7078180984375 0.46694214843750004 0.6934148640625 0.4531673546875 0.6913572593749999
1 0.41460123906249996 0.845679690625 0.4063367765625 0.8600829265625001 0.404958678125 0.8683133453125 0.41046900781250006 0.880658975 0.426997934375 0.890947 0.43526239687499996 0.890947 0.44903512343749996 0.880658975 0.45454545468749996 0.8683133453125 0.4421487609375 0.8353916671875 0.43113016562500006 0.8292188515625 0.41460123906249996 0.845679690625
4 1 0.38299360937500004 0.9395867765625001 0.42989711093749994 0.9819979343749999 0.4885800859375 1 0.48923320625000005 1 0.38299360937500004
4 0.7062665296875 0.8491351484375 0.7607438015625 0.6392388265625 0.6116384296875 0.692777790625 0.7062665296875 0.8491351484375
4 0.7496946421875 0 0.7162954546875 0.1295053453125 0.889695659375 0 0.7496946421875 0
1 0.9568758609374999 1 0.9517913218749999 0.975308803125 0.935262396875 0.973251196875 0.9146012390625 0.9897120375 0.9120186109375 1 0.9568758609374999 1
1 0.44765909062500003 0.24073971562500002 0.43388429687499996 0.2530874078125 0.42975206562499996 0.2613178265625 0.43113016562500006 0.27366345625 0.4531673546875 0.290124296875 0.47245247968750004 0.2860090859375 0.4765847109375 0.2777786671875 0.47245247968750004 0.2551450125 0.4586776859375 0.2386821109375 0.44765909062500003 0.24073971562500002
1 0.2272727265625 0.109053 0.225894628125 0.11934102499999999 0.231404959375 0.13991707343749998 0.2451797515625 0.162550728125 0.2589524796875 0.162550728125 0.2713491734375 0.12757144375 0.274105371875 0.1028801859375 0.268595040625 0.09053455625 0.260330578125 0.09053455625 0.247933884375 0.1008225796875 0.2272727265625 0.109053