1 1 0.593495525 0.994594 0.589430065625 0.975676 0.589430065625 0.97027 0.597560984375 0.967568 0.646340471875 0.975676 0.6585358453125 1 0.665853853125 1 0.593495525
1 1 0.050406926562499996 0.983784 0.0528456578125 0.95946 0.10162514687499999 0.964864 0.20731704843749998 0.981082 0.22764133281249999 1 0.22052835 1 0.050406926562499996
1 0 0.28170715468749996 0.008108 0.2926826578125 0.018917999999999997 0.2967471140625 0.024324000000000002 0.2642274546875 0.013514000000000002 0.231707796875 0 0.21718932500000002 0 0.28170715468749996
1 0.186317840625 1 0.183784 0.98780491875 0.156756 0.951218796875 0.14054 0.9430898859375001 0.113514 0.9471543421874999 0.118918 0.9837404640624999 0.12548148125 1 0.186317840625 1
1 0.091892 0.33333323593749997 0.102702 0.3739838125 0.12972999999999998 0.3983745609375 0.162162 0.3902436421875 0.175676 0.3617884390625 0.172972 0.3414641546875 0.14054 0.3211378625 0.105406 0.31707340624999997 0.091892 0.33333323593749997
1 0.24054000000000003 0.9024393093749999 0.254054 0.8577242765624999 0.24864799999999998 0.7886184953125001 0.235136 0.7642277484375 0.20810800000000002 0.74796791875 0.175676 0.7520323734375001 0.151352 0.768292203125 0.132432 0.8089427812500001 0.13513599999999998 0.87398410625 0.156756 0.9146346828125 0.175676 0.9308945124999999 0.22162199999999999 0.92683005625 0.24054000000000003 0.9024393093749999
1 0.705406 0.8292690734375 0.686486 0.825202609375 0.656756 0.8455289031250001 0.645946 0.8658531875 0.648648 0.890243934375 0.6594599999999999 0.9024393093749999 0.683784 0.8983748531250001 0.702702 0.8658531875 0.705406 0.8292690734375
5 0.985648 0.66565065 0.986216 0.7044316578125 0.994622 0.7052851140625 0.9968640000000001 0.6647971953125 0.985648 0.66565065
5 0.057406 0.6316670656250001 0.018378 0.64048878125 0.018378 0.6610158859374999 0.058378 0.6551621875 0.057406 0.6316670656250001
1 0.5716213375 0 0.57027 0.01219508125 0.5783780000000001 0.0243904546875 0.6108100000000001 0.0243904546875 0.645945578125 0 0.5716213375 0
1 0.46486400000000005 0.08943178125 0.454054 0.109756065625 0.45946 0.1504066421875 0.47297200000000006 0.166666471875 0.49459400000000003 0.162602015625 0.505406 0.1463421875 0.502702 0.105691609375 0.48648600000000003 0.0853653171875 0.46486400000000005 0.08943178125
1 0.362162 0.5081309187499999 0.378378 0.4756092515625 0.378378 0.4186988453125 0.37027 0.40650347187499997 0.351352 0.44308959375 0.324324 0.463413878125 0.278378 0.45122051250000006 0.278378 0.4756092515625 0.30270199999999997 0.5162598296875001 0.345946 0.520324284375 0.362162 0.5081309187499999
1 0.305406 0.1869927640625 0.332432 0.1829263015625 0.367568 0.1585375609375 0.394594 0.105691609375 0.402702 0.060976576562499996 0.4 0.040650284375 0.38108200000000003 0.040650284375 0.354054 0.060976576562499996 0.318918 0.056910114062499996 0.29459399999999997 0.0853653171875 0.286486 0.117886984375 0.286486 0.154471096875 0.29459399999999997 0.1788618453125 0.305406 0.1869927640625
1 0.57027 0.642276015625 0.535136 0.61788526875 0.521622 0.61788526875 0.516216 0.6300806421875 0.524324 0.6910575125 0.556756 0.7317080890625001 0.591892 0.7317080890625001 0.6189180000000001 0.7073173421875001 0.632432 0.6707312187500001 0.62973 0.6260161875 0.5864860000000001 0.642276015625 0.57027 0.642276015625
1 0.7810819999999999 0.8292690734375 0.767568 0.8495933578124999 0.77027 0.882113015625 0.786486 0.8983748531250001 0.816216 0.8658531875 0.816216 0.8455289031250001 0.8 0.8292690734375 0.7810819999999999 0.8292690734375
1 0.8324320000000001 0.7357725453125 0.845946 0.711381796875 0.854054 0.6747976828125 0.854054 0.6504069343750001 0.843244 0.62195173125 0.808108 0.61788526875 0.783784 0.6504069343750001 0.743244 0.6747976828125 0.74054 0.6951219671875 0.751352 0.7276416265625001 0.775676 0.7520323734375001 0.81081 0.7520323734375001 0.8324320000000001 0.7357725453125
1 0.82973 0.4552849671875 0.8 0.46748034218749995 0.7810819999999999 0.5081309187499999 0.7810819999999999 0.520324284375 0.805406 0.5487794874999999 0.818918 0.5447150328125 0.8324320000000001 0.5121953734375 0.835136 0.4756092515625 0.82973 0.4552849671875
1 0.68919 0.28861820312500003 0.67027 0.31300895156249997 0.67027 0.33333323593749997 0.686486 0.357723984375 0.713514 0.357723984375 0.737838 0.3252023171875 0.732432 0.28048728437500003 0.68919 0.28861820312500003
1 0 0 0 0.0452949671875 0.016216 0.07316994375 0.04054 0.0934962359375 0.05946 0.097560690625 0.07027 0.08943178125 0.07297200000000001 0.0650410328125 0.048648000000000004 0.0162595359375 0.0464863859375 0 0 0
1 0.30270199999999997 0.646340471875 0.308108 0.6747976828125 0.327028 0.6910575125 0.351352 0.6869910484374999 0.362162 0.6747976828125 0.362162 0.646340471875 0.351352 0.6382115609375 0.305406 0.6382115609375 0.30270199999999997 0.646340471875
1 0.49053970781249995 1 0.48648600000000003 0.9959358375 0.43513599999999997 0.98780491875 0.421622 0.9756095453125001 0.4 0.9756095453125001 0.391892 0.9837404640624999 0.3949804625 1 0.49053970781249995 1