1 0.2180235734375 0.25872172031249996 0.22093016250000003 0.2529063921875 0.19767529374999998 0.2529063921875 0.1831401953125 0.24128003125 0.1715116859375 0.244186621875 0.1715116859375 0.27034808125 0.1831401953125 0.28778977031249997 0.21220824375 0.30232486875000003 0.255813540625 0.2994182796875 0.25290694999999996 0.28778977031249997 0.2180235734375 0.25872172031249996
1 0.3720921828125 0.3895354625 0.3808141015625 0.38372013437499997 0.3837206921875 0.369185034375 0.3604658234375 0.30523360781250003 0.287790328125 0.30523360781250003 0.2848837390625 0.38081354375 0.29360565625 0.3895354625 0.334302215625 0.38372013437499997 0.3401153953125 0.3895354625 0.3633724125 0.38372013437499997 0.3720921828125 0.3895354625
1 0.389533871875 0.5930225499999999 0.421510659375 0.60174446875 0.44186108749999997 0.598837878125 0.438954496875 0.5843027796875 0.3924426109375 0.5610457609374999 0.3720921828125 0.558139171875 0.3720921828125 0.5697676796875 0.389533871875 0.5930225499999999
1 0.40406897031250005 0.485465825 0.40406897031250005 0.47674390625 0.334302215625 0.4709307265625 0.334302215625 0.48255708750000004 0.366279003125 0.5029075140625 0.38662728125 0.5029075140625 0.40406897031250005 0.485465825
1 0.0930230109375 0.40407056093750005 0.0930230109375 0.424418840625 0.1017449296875 0.4302320203125 0.1715116859375 0.43604734843750004 0.188953375 0.4331386109375 0.2063950640625 0.418605659375 0.20058188437500002 0.40988374062500005 0.1744182765625 0.40116182343749995 0.0930230109375 0.40407056093750005
1 0.0930230109375 0.5087206953125001 0.11918661875 0.5145338749999999 0.154069996875 0.511627284375 0.154069996875 0.5029075140625 0.1366283078125 0.48837241562499994 0.08139450312499999 0.485465825 0.08139450312499999 0.49709218593750004 0.0930230109375 0.5087206953125001
1 0.21220824375 0.622092746875 0.23837185156250001 0.622092746875 0.2412784421875 0.6162795671875 0.23837185156250001 0.6075576484375 0.2093016546875 0.6104642390625 0.21220824375 0.622092746875
1 0.24011659062500001 1 0.24709377031250002 0.9883725109375 0.24418503125000002 0.9767440031250001 0.22674334375 0.9738374125 0.2180235734375 0.9825571828124999 0.2180235734375 1 0.24011659062500001 1
1 0.47093128437500004 0.0755807640625 0.462209365625 0.11627947031250001 0.468022546875 0.1308145703125 0.5029059250000001 0.1424409296875 0.55232655 0.1220926515625 0.5552331390624999 0.1104641421875 0.5087212531249999 0.069767584375 0.4854642359375 0.0639544046875 0.47093128437500004 0.0755807640625
1 0.5377914500000001 0.171511128125 0.5377914500000001 0.1598847671875 0.5145344328125 0.15406943906249998 0.499999334375 0.16860453749999998 0.499999334375 0.1860462265625 0.5232563515625 0.19185940625 0.5377914500000001 0.171511128125
1 0.140611175 0.7380813749999999 0.1517735109375 0.727877159375 0.1675288203125 0.7158147031250001 0.1768307671875 0.70468029375 0.188895371875 0.6925877609375 0.1916580296875 0.6684585515625 0.183314203125 0.6508428546875 0.1684590140625 0.67217933125 0.14619234375 0.696308540625 0.13319754374999998 0.7158147031250001 0.1276443015625 0.7343605953125001 0.140611175 0.7380813749999999
1 0.089592246875 0.8336637203124999 0.0960756828125 0.821599115625 0.08773185781250001 0.8141854859375 0.0728788171875 0.807674121875 0.0691580375 0.8225293109375 0.0691580375 0.8308731359375001 0.089592246875 0.8336637203124999
1 0 0.5460045703125 0.0011335171875 0.549679340625 0.0039241015625 0.549679340625 0.0104075375 0.5543324625 0.021569875 0.5515397296875 0.02246999375 0.5394772734375 0.013198121875 0.537616884375 0 0.537616884375 0 0.5460045703125
1 0.0234001890625 0.45502933749999996 0.0345345984375 0.46709394218750006 0.0540407609375 0.46709394218750006 0.055901151562499994 0.44944816875000004 0.038255378125 0.444825121875 0.0234001890625 0.45502933749999996
1 0.0261628453125 0.42151225 0.046511125 0.4331386109375 0.0726747328125 0.4273254296875 0.08139450312499999 0.3953486421875 0.08139450312499999 0.354652084375 0.0726747328125 0.357558675 0.0726747328125 0.3662784453125 0.0406979453125 0.3604652640625 0.020349665625 0.3720937734375 0.0145343375 0.4069771515625 0.0261628453125 0.42151225
1 1 0.17068033124999998 0.982557740625 0.1569760296875 0.95639628125 0.093022453125 0.9447677734375001 0.0901158640625 0.92151075625 0.10755755156249999 0.8982558859375 0.139534340625 0.89244270625 0.1947681453125 0.9040690671875 0.23255811406250002 0.9331392640624999 0.27034808125 0.9651160515624999 0.27907000000000004 0.9796511515624999 0.276163409375 1 0.2609013015625 1 0.17068033124999998
1 0.5203497609375 0.19185940625 0.5174410234375 0.23546470312499998 0.5261629421875 0.2558129828125 0.5581397296875 0.2936050984375 0.6249998953125 0.33430165624999997 0.7122083406249999 0.3313950671875 0.7325587671875 0.322675296875 0.7645355546875 0.27907000000000004 0.7703487359375 0.200581325 0.7587202265624999 0.171511128125 0.7354653578125 0.148256259375 0.720930259375 0.1424409296875 0.63953499375 0.14534966875 0.5843033375 0.139534340625 0.54360463125 0.1598847671875 0.5203497609375 0.19185940625
1 0.8255803921875 0.4680241359375 0.8313957203125 0.48837241562499994 0.8575571796875 0.5058141046875 0.8837207875 0.5058141046875 0.9011624765624999 0.479650496875 0.9011624765624999 0.4651153984375 0.8750010171874999 0.45348903749999997 0.8430242296875001 0.456395628125 0.8255803921875 0.4680241359375
1 0.7587202265624999 0.49709218593750004 0.78197724375 0.49709218593750004 0.8081387031249999 0.48255708750000004 0.8081387031249999 0.4651153984375 0.79651234375 0.456395628125 0.7238368484375 0.456395628125 0.7238368484375 0.4709307265625 0.7587202265624999 0.49709218593750004
1 0.462209365625 0.4738373171875 0.406977709375 0.47674390625 0.398255790625 0.49709218593750004 0.406977709375 0.5290689734375 0.42441939843750004 0.5465106625 0.44476767656250005 0.558139171875 0.47093128437500004 0.5610457609374999 0.5203497609375 0.5406974828125 0.5348827125 0.526162384375 0.5465112203125 0.5029075140625 0.5465112203125 0.479650496875 0.5348827125 0.45930221875 0.5058146625 0.456395628125 0.462209365625 0.4738373171875
1 0.3401153953125 0.6715112234375 0.33139562499999997 0.7180231109374999 0.34593072343750003 0.741280128125 0.366279003125 0.755813078125 0.398255790625 0.755813078125 0.43604575937499995 0.7354648 0.4941861546875 0.6860463234374999 0.499999334375 0.6744178140625 0.49709274375 0.6453497640625 0.47674446562500006 0.630814665625 0.43313916875 0.630814665625 0.398255790625 0.656976125 0.3401153953125 0.6715112234375
4 0.6334017234375 0.4551152671875 0.272733203125 0.43944803749999994 0.43180295312499994 0.6074416421875 0.6154938640625 0.49543588125 0.6334017234375 0.4551152671875
4 0.10438943281249999 0.32101684375 0.0782559015625 0.43212248593749997 0.2593903859375 0.43026209531250004 0.10438943281249999 0.32101684375
4 0.21762349374999998 1 0.1924421421875 0.6259016046875 0 0.6967313921875 0 1 0.21762349374999998 1
4 0.5923004453125 0 0.444651671875 0.099911909375 0.628138496875 0.40142390937499994 0.8561629625 0.3905816625 1 0.320393075 1 0.1739969796875 0.8812079703125001 0 0.5923004453125 0
1 0.7994189328125 0 0.7994189328125 0.0203491078125 0.8110474421875 0.046510567187500004 0.8517440000000001 0.0843026828125 0.8691856890625 0.0901158640625 0.89244270625 0.0872092734375 0.9186041656249999 0.0523258953125 0.915697575 0.029068878124999996 0.9040690671875 0.008720598437500001 0.8943795937499999 0 0.7994189328125 0
1 0.5843033375 0 0.5843033375 0.005814009375 0.5988362875 0.029068878124999996 0.6220933046875 0.0523258953125 0.67151178125 0.0843026828125 0.7034885703125 0.0843026828125 0.761628965625 0.046510567187500004 0.761628965625 0.0145359265625 0.7529070875 0 0.5843033375 0
5 0.1678768375 0.7204356015625 0.179099325 0.7325861359375 0.1940404453125 0.7251166515625 0.1837503 0.7092431890625 0.1678768375 0.7204356015625
5 0.330349425 0.6821794625 0.335028325 0.67936095 0.34060949375 0.6700289265625 0.328489034375 0.665347878125 0.322877790625 0.6728195109375 0.32008720625 0.6765703656250001 0.330349425 0.6821794625
4 0 0.5613142125 0.0980241515625 0.32072682812500003 0 0.30350413593750003 0 0.5613142125
1 0.32267370624999997 0.16569794843750002 0.343024134375 0.15406943906249998 0.3633724125 0.1104641421875 0.34883731406249996 0.101744371875 0.334302215625 0.10465096250000001 0.3168605265625 0.11627947031250001 0.264535459375 0.1308145703125 0.2500003609375 0.1424409296875 0.264535459375 0.1569760296875 0.32267370624999997 0.16569794843750002
1 0.7994189328125 0.3517433453125 0.7877904250000001 0.3662784453125 0.7877904250000001 0.377906953125 0.81395403125 0.41279033125 0.8575571796875 0.44186052968749995 0.915697575 0.44186052968749995 0.950580953125 0.41569692187499996 0.95639628125 0.3982552328125 0.950580953125 0.3720937734375 0.95348754375 0.31685996875 0.9476743640624999 0.30232486875000003 0.92151075625 0.29651168906250003 0.8546505906249999 0.313953378125 0.7994189328125 0.3517433453125
1 0.8284891312499999 0.276163409375 0.8401154906249999 0.2936050984375 0.8575571796875 0.29069850937499997 0.8808141984375 0.27034808125 0.8837207875 0.23255811406250002 0.8313957203125 0.22674493281250002 0.8255803921875 0.23837129375 0.8284891312499999 0.276163409375
1 0.7790706546874999 0.267441490625 0.7790706546874999 0.28778977031249997 0.7877904250000001 0.2994182796875 0.81395403125 0.2936050984375 0.816860621875 0.276163409375 0.8110474421875 0.2616283109375 0.79651234375 0.25872172031249996 0.7790706546874999 0.267441490625
1 0.6220933046875 0.3517433453125 0.610464796875 0.3720937734375 0.6162801250000001 0.40116182343749995 0.645348175 0.3953486421875 0.6656986015624999 0.377906953125 0.6627898640625001 0.3633718546875 0.6482547640625 0.3517433453125 0.6220933046875 0.3517433453125
1 0.6191867156249999 0.32558188593750004 0.604651615625 0.3197665578125 0.5813945984375 0.32558188593750004 0.578488009375 0.337208246875 0.5843033375 0.345930165625 0.6220933046875 0.345930165625 0.6191867156249999 0.32558188593750004
1 0.3052320171875 0.2296515234375 0.343024134375 0.23546470312499998 0.357557084375 0.22674493281250002 0.357557084375 0.20639450625000003 0.334302215625 0.1860462265625 0.287790328125 0.19185940625 0.287790328125 0.20639450625000003 0.3052320171875 0.2296515234375