5 0.2682870640625 0.7316357265625 0.26348886718750003 0.7321293515625 0.26087345625 0.73441400625 0.25978315625000004 0.7373626515625 0.2600082078125 0.7399793015625 0.26131482031250003 0.7424277703125 0.26567165312499996 0.743406284375 0.26894474062499996 0.743083025 0.27156015 0.7412832593750001 0.2737429359375 0.7389920515624999 0.2741755609375 0.735233075 0.2726526359375 0.7329462359375001 0.2682870640625 0.7316357265625
5 0.5962140812500001 0.8513223484375001 0.59893 0.85335800625 0.6061622546875001 0.8536943703125001 0.6115897218749999 0.8509859843750001 0.6134032484375 0.8458990249999999 0.6115897218749999 0.842509175 0.6066189140625 0.840812065625 0.6020960234375 0.840812065625 0.5966685546875 0.8438677359375 0.5953116875 0.8486139625 0.5962140812500001 0.8513223484375001
1 1 0.8117017359375 0.9963871671875 0.811485053125 0.99060791875 0.8125684078125 0.9877172015625 0.814735115625 0.9862707515625001 0.8212352421875 0.9891614687500001 0.8266520125 1 0.8320686390625 1 0.8117017359375
1 0.9768775609375 0.7248101578125 0.9660401046875 0.7258935125 0.95303515625 0.736185378125 0.9414744734375 0.7497294906249999 0.9328045093749999 0.7643547734375 0.9197973749999999 0.7811489484374999 0.917629884375 0.797940940625 0.9205206015625 0.8049827437499999 0.9277462999999999 0.811485053125 0.936416265625 0.814735115625 0.9458094562499999 0.8152767937500001 0.95231193125 0.8125684078125 0.9609818953125 0.806609959375 0.9689308203125 0.7968575859375 0.9768775609375 0.782232303125 0.9841032593750001 0.7540629078125 0.9841032593750001 0.7356437015624999 0.9812147281250001 0.7286018984375 0.9768775609375 0.7248101578125
1 1 0.6780433546875 0.9884382421875 0.6722652921875001 0.9718215375 0.65926285625 0.96026085625 0.6533044078125 0.94508623125 0.6430125421875 0.9407512484374999 0.6419291874999999 0.936416265625 0.6375957703124999 0.9169066593749999 0.626218365625 0.9002899531249999 0.6132181140624999 0.8966760109375 0.6121347609375001 0.8692196640625 0.592090521875 0.861270740625 0.5910071671875 0.855491490625 0.599132325 0.8562147171875001 0.6153848234375 0.861270740625 0.6343435234375 0.8851153296875 0.6722652921875001 0.9111274109374999 0.6933906999999999 0.9313580578125 0.702057534375 0.96026085625 0.7058514578125 0.9725425781249999 0.70530978125 0.9855497109375 0.7063931359375 1 0.7052820625 1 0.6780433546875
1 0.9053459765625 0.08721466562499999 0.8901735375 0.0915502671875 0.8692196640625 0.10292548593749999 0.8619939656250001 0.1094256125 0.8460983000000001 0.136511653125 0.8460983000000001 0.1462618421875 0.852600775 0.148970228125 0.86416145625 0.148970228125 0.8728314218750001 0.147345196875 0.8894503125 0.139761715625 0.9024574453125 0.13163655937500002 0.91546239375 0.1202591546875 0.9234113171875 0.11105064375 0.9306348328125 0.099133746875 0.9299137921874999 0.089925234375 0.9234113171875 0.08667298749999999 0.9053459765625 0.08721466562499999
1 0.5050570859375 0.7426876874999999 0.5101152953125 0.736185378125 0.5101152953125 0.7193933875 0.5057803125 0.6901406375 0.49783138750000006 0.6722652921875001 0.4906078734375 0.6690130437499999 0.48193572187499994 0.6679296906250001 0.4660400578125 0.670640259375 0.40462489062499996 0.6711819375 0.3937852484375 0.674432 0.38872922499999996 0.6803904484375 0.38656173437499997 0.689598959375 0.38800599999999996 0.6966407625000001 0.38800599999999996 0.7177683546875 0.3908967171875 0.7356437015624999 0.398122415625 0.746479428125 0.40751342187499995 0.7524378765625 0.4190741046875 0.7535212312499999 0.43713944531250004 0.7491878140625 0.45953758437500003 0.7475627828125 0.470375040625 0.7486461359375001 0.4906078734375 0.7475627828125 0.5050570859375 0.7426876874999999
1 0.4812146828125 0.5861320734375 0.48988464687500005 0.585590396875 0.5014453296875 0.580173625 0.5057803125 0.5763818859375001 0.507224578125 0.5693400828125 0.5050570859375 0.5606710640625 0.497110346875 0.550920875 0.4826589484375 0.5460457812499999 0.4732657578125 0.5455041046875 0.4667632828125 0.5476708125 0.45664686718749997 0.5606710640625 0.4573700921875 0.5671711890625 0.4747100234375 0.583965365625 0.4812146828125 0.5861320734375
1 0.3757220921875 0.3586123859375 0.377889584375 0.3569873546875 0.38583850937499997 0.355904 0.414739121875 0.340737040625 0.4205205546875 0.3396536859375 0.43713944531250004 0.3326118828125 0.445086184375 0.321234478125 0.45086761875 0.301192425 0.4559258265625 0.2898150203125 0.4552026015625 0.2833148953125 0.453035109375 0.2800648328125 0.44002797656250003 0.2800648328125 0.4219648203125 0.283856571875 0.37283137499999996 0.28818998906250004 0.3359818375 0.2930650828125 0.3294793640625 0.2952339765625 0.321532625 0.3039008109375 0.3121394328125 0.32502621875000004 0.2998555265625 0.34615381093750003 0.28829484375000003 0.374864884375 0.242775340625 0.4626209484375 0.2471103234375 0.469123259375 0.2825134109375 0.463704303125 0.30129979218749997 0.4593708859375 0.31719545625 0.450162375 0.3511564625 0.38515675 0.36199391875 0.3721564984375 0.37283137499999996 0.36457301875 0.3757220921875 0.3586123859375
1 0.536127375 0.309859259375 0.52384346875 0.3190677703125 0.515173503125 0.3277346046875 0.497110346875 0.33857033125 0.4754332484375 0.3569873546875 0.4747100234375 0.3651146953125 0.48193572187499994 0.3705314671875 0.4920521390625 0.3694481125 0.5195084859375 0.36240412499999997 0.52456669375 0.3591540625 0.5368506015625 0.3429037484375 0.5469648328125001 0.32556789531249997 0.552746265625 0.31960944687500004 0.55419053125 0.311484290625 0.551299815625 0.3087759046875 0.54262985 0.3071508734375 0.536127375 0.309859259375
1 0.5664744390625 0.22318436406250003 0.544074115625 0.2226426875 0.514450278125 0.218850946875 0.5050570859375 0.2215593328125 0.5000010640625 0.2280616421875 0.49638712187499995 0.2502704046875 0.489161421875 0.271939675 0.489161421875 0.28168986406249996 0.497110346875 0.28873166562499997 0.5021685546875 0.2898150203125 0.544074115625 0.2903566984375 0.5657512140625001 0.2952339765625 0.5758676296874999 0.2963173296875 0.588149353125 0.2946922984375 0.5946540109375 0.2914400515625 0.59754254375 0.28873166562499997 0.5997100343749999 0.282231540625 0.596098278125 0.2605644546875 0.5982657687499999 0.2351034453125 0.5946540109375 0.2313117046875 0.588149353125 0.22697828750000001 0.5664744390625 0.22318436406250003
1 0.33751825 0 0.342486496875 0.008125434375 0.348988971875 0.015708914062500003 0.352600728125 0.023294578125 0.3569357109375 0.027086318749999998 0.359826428125 0.032503090624999995 0.36849639375 0.0400865703125 0.3742778265625 0.0417116015625 0.38583850937499997 0.0417116015625 0.4031784390625 0.035753153125 0.422688046875 0.0314197359375 0.42919052031250005 0.027627995312499997 0.453035109375 0.0184173 0.46170507499999996 0.0124588515625 0.46965399999999996 0.0092087890625 0.4747100234375 0.004875371875 0.4848264390625 0.0010836312500000001 0.48656087656249997 0 0.33751825 0
1 0.2463870984375 0.2578538859375 0.23988462500000002 0.24972872812500002 0.21459576875000003 0.2388951859375 0.20375831249999998 0.232395059375 0.187139421875 0.22535107187499998 0.17774623125 0.22318436406250003 0.1488434328125 0.2107257890625 0.13078027812499998 0.2063923734375 0.1177753296875 0.199892246875 0.116328878125 0.2026006328125 0.1011564390625 0.21289249843750002 0.086705040625 0.2351034453125 0.0830932828125 0.24810369687499997 0.0830932828125 0.256228853125 0.085981815625 0.2659812265625 0.1141613875 0.287106634375 0.1156078375 0.2898150203125 0.12572206875 0.297400684375 0.135115259375 0.29956739374999997 0.1466759421875 0.3071508734375 0.1553459078125 0.3104009359375 0.168353040625 0.31310932187499996 0.179190496875 0.3136509984375 0.2102607859375 0.3001090703125 0.24060785 0.2746480609375 0.24566387343749999 0.264897871875 0.2463870984375 0.2578538859375
1 0.142340959375 0.4182012390625 0.13294776875 0.4187429171875 0.1286127859375 0.42199297968750005 0.125001028125 0.4284931046875 0.1199428203125 0.45341243750000004 0.1213870859375 0.47183164531250005 0.123554578125 0.4783317703125 0.12644529531249998 0.4815818328125 0.14089669375 0.48754028125 0.1539016421875 0.4886236359375 0.16329483281249998 0.49079034374999997 0.1950861625 0.49295705312500004 0.21531899375000002 0.4924153765625 0.2261564515625 0.4902486671875 0.23338215 0.48645692812499997 0.2355496421875 0.47941512499999994 0.2355496421875 0.46966493593749997 0.2023118609375 0.4436622484375 0.1820812140625 0.4322870296875 0.1488434328125 0.41928459374999993 0.142340959375 0.4182012390625
1 0.20592580312500003 0.7816906265625 0.20375831249999998 0.774107146875 0.19580938750000002 0.7665214828125 0.187139421875 0.7611047109375 0.17991372187500002 0.758396325 0.17052053125 0.7589380015625 0.16257160625 0.7578546484375 0.150289884375 0.7594796796875001 0.14089669375 0.76327141875 0.1358384859375 0.774107146875 0.1300570515625 0.7990242953125 0.13078027812499998 0.8136517609375 0.135115259375 0.8206935640624999 0.1394502421875 0.8223185953125001 0.151010925 0.8228602734375 0.1618505671875 0.8201518875 0.1719647984375 0.8125684078125 0.178467271875 0.7990242953125 0.1893069140625 0.79252416875 0.1950861625 0.7914408140625 0.2015886359375 0.787649075 0.20592580312500003 0.7816906265625
1 0.2771980578125 1 0.2738434453125 0.9864576906250001 0.2695084625 0.9783325328125001 0.2644502546875 0.9729135781249999 0.23988462500000002 0.955579909375 0.23338215 0.9528715234374999 0.22976820781249999 0.9528715234374999 0.22543322500000001 0.955579909375 0.22543322500000001 0.962080034375 0.23519369218750003 1 0.2771980578125 1
1 0.0972067890625 1 0.09609823125 0.9994579421875001 0.0838143234375 0.989707753125 0.0744211328125 0.98429098125 0.0657511671875 0.9815825953124999 0.057081201562499996 0.9815825953124999 0.0527462203125 0.9848326593750001 0.049855503125 0.9907911078125 0.0493099171875 1 0.0972067890625 1
1 0 0.887324265625 0.003612775 0.8894909296875 0.020231664062499998 0.8932826703125001 0.034683064062500005 0.8943660234375 0.049855503125 0.8981577640625 0.06430690156249999 0.9041162125 0.0809257921875 0.9062829203125 0.09104002343749999 0.8997827953125 0.1069356875 0.8791990640625 0.13222454374999998 0.8591548250000001 0.1358384859375 0.8521130234375001 0.134392034375 0.842362834375 0.1199428203125 0.8266520125 0.10332393124999999 0.814735115625 0.09248647343750001 0.8022743578125 0.0809257921875 0.79577423125 0.0722536421875 0.7952325546875 0.0657511671875 0.796315909375 0.032513387500000004 0.8087766671875001 0.0180641734375 0.811485053125 0.0043360000000000004 0.8185268562499999 0.0014452828125 0.8266520125 0.0007220578125 0.848862959375 0 0.8509301140625001 0 0.887324265625
2 0.0787583375 0 0.0787583 2.78125e-7 0.0722536421875 0.023294578125 0.06864188437499999 0.054711853125 0.07153260156249999 0.0687976421875 0.0787583 0.08450627968749999 0.0830932828125 0.08829801875 0.085981815625 0.09371697500000001 0.094653965625 0.102383809375 0.10765891406250001 0.1094256125 0.1156078375 0.11159232031249999 0.12788956093749998 0.11159232031249999 0.141617734375 0.1094256125 0.1640180578125 0.10021709999999999 0.1719647984375 0.09534200625 0.1806347625 0.0931752984375 0.2023118609375 0.0796311859375 0.22543322500000001 0.0633808703125 0.23988462500000002 0.0509201125 0.2543360234375 0.030878057812499998 0.259392046875 0.0162505921875 0.25809872968750003 0 0.0787583375 0
1 0.626445340625 0.8429045109375 0.633671040625 0.8434461890625 0.640896740625 0.8477796062499999 0.65028993125 0.8477796062499999 0.66473914375 0.8526547000000001 0.6914744515625 0.8553630859375 0.7138725890625001 0.8559047625 0.7413289359374999 0.8526547000000001 0.762282809375 0.847237928125 0.7875716640625 0.836943878125 0.8085255374999999 0.8223185953125001 0.817195503125 0.8201518875 0.8222537109375001 0.8120267296874999 0.8316469015625 0.8049827437499999 0.8468215265625 0.7881907515625 0.855491490625 0.774107146875 0.86416145625 0.7518962 0.86416145625 0.7351020234375001 0.854768265625 0.7161433234375 0.836705109375 0.6955574078125 0.82658869375 0.67930709375 0.818641953125 0.6608878875 0.817195503125 0.6527627296875 0.8128605203125 0.6446375734374999 0.8056348203124999 0.6359707390625 0.8005787984375001 0.6321768140625 0.771676 0.6170098546875 0.7384382203125 0.607259665625 0.725433271875 0.60455128125 0.7109818734375 0.6034679265625 0.6669066359375 0.6029262484375 0.63439208125 0.61105140625 0.6098264515625 0.6197182406249999 0.5830933296875 0.6375957703124999 0.5671954796875001 0.652221053125 0.5498555484375001 0.6776820625 0.54262985 0.6977241171874999 0.5397391328125 0.7128932609375 0.5397391328125 0.7383542703125 0.543353075 0.75677129375 0.5484112828125001 0.768688190625 0.552746265625 0.7746488234375 0.5549137578125001 0.7816906265625 0.5729769140625 0.806066096875 0.5794793874999999 0.8104016984375001 0.5888725781249999 0.8196102109375 0.6033239765625 0.8293603984375 0.6156078843749999 0.8331521390625 0.626445340625 0.8429045109375
5 0.6432433984375 0.86319119375 0.6382725890625001 0.8625140968749999 0.633295225 0.865563215625 0.6310337796875001 0.8692894296875 0.63284730625 0.874376390625 0.6373636421875 0.875396403125 0.6418865312500001 0.875396403125 0.6455048437500001 0.8730221968749999 0.6468638953125 0.8692894296875 0.6455048437500001 0.8662403125000001 0.6432433984375 0.86319119375
5 0.8744439312500001 0.6972261234375 0.8791481734375 0.6960510328125 0.8854255953125 0.6921282421875 0.884905571875 0.686635025 0.8760105546875 0.6846758140625 0.870779734375 0.6854599343750001 0.8676377453124999 0.6893827265625 0.8676377453124999 0.6929145484375 0.8702597109375001 0.6960510328125 0.8744439312500001 0.6972261234375
5 0.9079264281249999 0.7023283734375 0.9053110171875 0.707817221875 0.9079264281249999 0.712524134375 0.9110618609375001 0.7136992249999999 0.9168214453125 0.7136992249999999 0.9225722890625001 0.7105627390625 0.9230988671875 0.7058558265625 0.9194368562499999 0.7027193406250001 0.913677271875 0.7011489140625 0.9079264281249999 0.7023283734375
5 0.929898496875 0.83059009375 0.9340827171875 0.834121915625 0.9403623234375 0.8337265781250001 0.9461197218749999 0.8313763984375001 0.9461197218749999 0.8278445765625 0.945073121875 0.8231354796874999 0.9346092953125 0.82117626875 0.9304272593749999 0.824708090625 0.929898496875 0.83059009375
2 0.1936418953125 0.5769235625 0.1618505671875 0.622968303125 0.1170521046875 0.6652213046875 0.1011564390625 0.6841821890625 0.094653965625 0.697182440625 0.09248647343750001 0.70530978125 0.09248647343750001 0.7161433234375 0.09537500625 0.7286018984375 0.10404715625000001 0.7383542703125 0.1213870859375 0.7470211046874999 0.135115259375 0.751354521875 0.14089669375 0.754604584375 0.1640180578125 0.7551462625 0.168353040625 0.7562296171875 0.185692971875 0.7556879390625 0.19580938750000002 0.7518962 0.21242827812499998 0.7497294906249999 0.2283239421875 0.7453960734375 0.2550570640625 0.731310284375 0.2658967046875 0.723726803125 0.2731224046875 0.7134349375 0.2825134109375 0.7069348125 0.28685057812500003 0.6977241171874999 0.29335305156249997 0.6933906999999999 0.298411259375 0.6852655421875 0.323700115625 0.6630545953125 0.3280350984375 0.6565544703125 0.342486496875 0.6419291874999999 0.3468214796875 0.6392208015625 0.35765893593750003 0.6256766890625001 0.39595274062499997 0.5893821359375 0.40101094843749996 0.5861320734375 0.427023028125 0.557962678125 0.441474428125 0.5476708125 0.452311884375 0.535753915625 0.4552026015625 0.530334959375 0.46965399999999996 0.51679303125 0.4906078734375 0.4924153765625 0.4985546125 0.47454002968750003 0.49927783750000004 0.4528707609375 0.49783138750000006 0.4469123125 0.4833821734375 0.42253465625000003 0.468930775 0.40953440468749996 0.45664686718749997 0.40086757031250003 0.4393069359375 0.3959902921875 0.4190741046875 0.39707583125 0.4002899078125 0.40195092499999996 0.3908967171875 0.40574266562499994 0.3829477921875 0.41115943593750004 0.37716854375 0.41278446874999997 0.37138710937499997 0.4182012390625 0.360549653125 0.42253465625000003 0.3460982546875 0.43391206093749995 0.3352607984375 0.44853734375 0.3208093984375 0.457204178125 0.3186419078125 0.4626209484375 0.3121394328125 0.46858158124999993 0.3106929828125 0.47183164531250005 0.2839598609375 0.4902486671875 0.22398895937500002 0.5449624265625 0.2196539765625 0.551462553125 0.1936418953125 0.5769235625
1 0 0.26571011875 0.0065034906249999995 0.268147934375 0.0209527046875 0.2686896125 0.0411855375 0.2611061328125 0.048411237499999996 0.2556871765625 0.0563579765625 0.25189543593749997 0.0737000921875 0.2388951859375 0.0809257921875 0.23618679999999997 0.10043321406250001 0.2107257890625 0.105491421875 0.2063923734375 0.1112706703125 0.1988088921875 0.1148846125 0.186348134375 0.1148846125 0.1809313625 0.1098264046875 0.173889559375 0.10332393124999999 0.1717228515625 0.086705040625 0.1733478828125 0.043353028125 0.167389434375 0.023843421875 0.1668477578125 0.01517345625 0.1679311109375 0.005057040625 0.17118117500000002 0 0.17118117500000002 0 0.26571011875
0 0 0 0 0.0544861265625 0.005057040625 0.054170175 0.012282740625 0.0514617890625 0.020231664062499998 0.0514617890625 0.031069121875 0.0433366328125 0.0354041046875 0.04279495625 0.036850554687499995 0.039003215625 0.0354041046875 0.0227529015625 0.031069121875 0.0108338203125 0.02406246875 0 0 0
0 0.987956921875 0 0.9812147281250001 0.0075837578125 0.9804915031249999 0.01679226875 0.98265899375 0.020584009375 0.9963871671875 0.0314197359375 1 0.0327150609375 1 0 0.987956921875 0
4 0.8403168671874999 0.4469123125 0.855491490625 0.43391206093749995 0.8663289484375 0.420909625 0.8851153296875 0.40574266562499994 0.8973992375 0.391656875 0.9226880921875 0.37323985312499997 0.9299137921874999 0.36457301875 0.9320812828125 0.3591540625 0.94508623125 0.34994555156249996 0.9429187406249999 0.34182039375 0.9378605312499999 0.339112009375 0.9147391671875 0.33748697656250004 0.90751346875 0.3358619453125 0.8901735375 0.3358619453125 0.8489890171875001 0.3293618203125 0.8208094453125 0.32882014375 0.789018115625 0.3244845421875 0.763006034375 0.3239428640625 0.7485546359375 0.320151125 0.7326589718750001 0.3206928015625 0.69870015 0.3169010625 0.663294878125 0.3169010625 0.6567924046875 0.31852609374999996 0.6488434796875 0.317984415625 0.6466759890625 0.3228595109375 0.6481224390625 0.3342369140625 0.655345953125 0.34994555156249996 0.6604041625 0.35536232343749996 0.6762998265625 0.3873234578125 0.7015886828125 0.42524304218750003 0.7073701156250001 0.43987050937500005 0.7297682546875001 0.4783317703125 0.7420521625000001 0.494582084375 0.7485546359375 0.508667875 0.755057109375 0.5140846453125001 0.763006034375 0.5146263234374999 0.780345965625 0.501626071875 0.781792415625 0.49891550156250003 0.789018115625 0.49404040781249997 0.79696485625 0.48374854218749996 0.814306971875 0.47183164531250005 0.833093353125 0.4512457296875 0.8403168671874999 0.4469123125
4 0.7557803359374999 0.23564512187500003 0.7384382203125 0.23022835156250002 0.7182075718750001 0.220475978125 0.7015886828125 0.215600884375 0.6958094328125 0.21180914374999998 0.680634809375 0.20530901875000002 0.6582366703125 0.20043392343750002 0.65028993125 0.2009756015625 0.6459527625 0.20422566406249998 0.6459527625 0.23564512187500003 0.6488434796875 0.2502704046875 0.6466759890625 0.271939675 0.6466759890625 0.306609196875 0.6495667046875 0.3120259671875 0.6575134453125 0.3120259671875 0.6734112953125 0.30769255 0.6856930171875 0.29956739374999997 0.6936419421875 0.2979423625 0.71604008125 0.2876483125 0.7261564968750001 0.2849399265625 0.7601153171874999 0.266522903125 0.7789017 0.2611061328125 0.78251345625 0.2583955625 0.7839599078124999 0.24972872812500002 0.7781784734375 0.2453953109375 0.7593920921875 0.2383535078125 0.7557803359374999 0.23564512187500003
5 0.13015974531250002 0.7976919437500001 0.13196453125000002 0.7932820796875 0.1310621390625 0.7892151328125 0.12292530625 0.789555865625 0.11840241562500001 0.792604984375 0.1170455484375 0.7966741140625 0.11930699375 0.80040688125 0.12563685625 0.8007410625 0.13015974531250002 0.7976919437500001
5 0.28028255468749996 0.713655540625 0.2770160234375 0.7152871249999999 0.275268046875 0.7183974 0.275268046875 0.7208458671875 0.27592572187500003 0.723953959375 0.2783226359375 0.7252601000000001 0.2831208328125 0.726076984375 0.28791902812500003 0.7252601000000001 0.2911855609375 0.72264345 0.2922758609375 0.719214284375 0.2914018734375 0.71545530625 0.28682872812500004 0.7138193546875 0.28028255468749996 0.713655540625