1 0 0.77070136875 0.015487610937499998 0.77070136875 0.055309610937499996 0.7197456046874999 0.1061956109375 0.678344171875 0.1172576109375 0.659235509375 0.1150436109375 0.6273884078124999 0.09734561093750001 0.621018184375 0.061947610937499994 0.6369427390625 0.0176996109375 0.6178340765625 0 0.61953230625 0 0.77070136875
1 0.1924776109375 0.8853493312499999 0.1393796109375 0.8694267828125 0.1150436109375 0.8726108921875 0.11283161093750001 0.8885354453125001 0.13053161093750001 0.9140123250000001 0.1172576109375 0.9458594265625001 0.1172576109375 0.9649680890625 0.1327436109375 0.9745224203125 0.1526556109375 0.9649680890625 0.1681416109375 0.968152196875 0.1969036109375 0.9203825484375001 0.2035396109375 0.8949036625 0.1924776109375 0.8853493312499999
1 0.33558447343750003 1 0.32300961093749997 0.96178398125 0.3008856109375 0.9363050953125001 0.2699116109375 0.9331209875 0.2544256109375 0.9522296499999999 0.21460161093750002 0.9458594265625001 0.1924776109375 0.9649680890625 0.19468961093749998 0.987260859375 0.2067002875 1 0.33558447343750003 1
1 0.49557561093749997 0.8471340125 0.49557561093749997 0.812102803125 0.4756636109375 0.7898080249999999 0.45796361093750004 0.7898080249999999 0.4137176109375 0.8407637890625 0.4048676109375 0.866242675 0.4159296109375 0.8949036625 0.4269916109375 0.90445799375 0.44468961093750003 0.90445799375 0.4889376109375 0.8789811140625 0.49557561093749997 0.8471340125
1 0.38495561093749997 0.18152898125 0.40929161093750005 0.216560190625 0.4336276109375 0.23566885312500002 0.45796361093750004 0.245223184375 0.5110616109375 0.2388529625 0.5464596109375 0.207005859375 0.5796456109375 0.1496818796875 0.5907076109375 0.11146455468750001 0.5884956109374999 0.0605087890625 0.5752216109375 0.057324681249999995 0.5376116109375 0.09554200625 0.44247761093750004 0.1528659875 0.3915936109375 0.16242031875000001 0.38495561093749997 0.18152898125
0 0.1769916109375 0.207005859375 0.16371761093749998 0.197451528125 0.1238936109375 0.2038217515625 0.1172576109375 0.21337608281249998 0.1150436109375 0.23566885312500002 0.1261056109375 0.2675159546875 0.1438056109375 0.2898087265625 0.1592916109375 0.2898087265625 0.1769916109375 0.254777515625 0.1814156109375 0.2324847453125 0.1769916109375 0.207005859375
1 0.0884956109375 0.7038210515625 0.09734561093750001 0.735668153125 0.11061961093749999 0.7484085984375 0.1393796109375 0.7420383765625 0.1482296109375 0.7292999359375 0.1349556109375 0.7082812109375001 0.12477961093750001 0.698407865625 0.11283161093750001 0.6910826109375 0.1039816109375 0.6847123890625 0.0884956109375 0.7038210515625
1 0.0454765046875 0 0.0420356109375 0.022293471875000002 0.050885610937500006 0.050954459375000004 0.0796456109375 0.0700631203125 0.1216816109375 0.0700631203125 0.16371761093749998 0.0445862421875 0.1924776109375 0.00955503125 0.194891378125 0 0.0454765046875 0
1 0.8185836109375 0.8184710187500001 0.8407076109375 0.8407637890625 0.8849556109375 0.8471340125 0.9203536109374999 0.8248412421875001 0.9269916109375 0.8089166875 0.9203536109374999 0.754776815625 0.9048676109375 0.7133753828125 0.8827436109375 0.6751600640625 0.8672576109374999 0.6656057328125 0.8517696109375 0.7133753828125 0.8318576109375 0.7515927062500001 0.8053096109375 0.783439809375 0.8053096109375 0.7929941406250001 0.8185836109375 0.8184710187500001
1 0.5995576109375 0.9554137578124999 0.6039816109375 0.9458594265625001 0.6017696109374999 0.9108282171875001 0.5840716109375 0.8821652234374999 0.5597336109375 0.8726108921875 0.5044256109374999 0.8726108921875 0.4933636109375 0.8789811140625 0.4933636109375 0.8917195546875 0.5132736109375 0.9203825484375001 0.5199116109374999 0.9554137578124999 0.5331856109374999 0.9777065281249999 0.5553096109375 0.9777065281249999 0.5995576109375 0.9554137578124999
1 0.8407076109375 0.292992834375 0.8716816109375 0.3184717203125 0.9137176109375 0.32165582812500004 0.9181416109375 0.3184717203125 0.9181416109375 0.302547165625 0.9004416109375001 0.26114573281250003 0.8893796109375 0.2038217515625 0.8893796109375 0.12101888593750001 0.8716816109375 0.11783477656250001 0.8473456109375 0.1401275484375 0.8296456109375001 0.18152898125 0.8252216109375 0.2038217515625 0.8252216109375 0.26114573281250003 0.8407076109375 0.292992834375
1 0.3451336109375 0.43948990468750004 0.3561956109375 0.4331216875 0.38495561093749997 0.3917202546875 0.3982296109375 0.350318821875 0.3982296109375 0.292992834375 0.38495561093749997 0.292992834375 0.3561956109375 0.331210159375 0.3163716109375 0.3630572609375 0.27433561093750003 0.3757957 0.27433561093750003 0.3917202546875 0.3141596109375 0.436305796875 0.3451336109375 0.43948990468750004
1 0.5088496109375 0.6751600640625 0.5110616109375 0.659235509375 0.4867256109375 0.6433129625 0.44911561093749996 0.5987254140625 0.4314156109375 0.5700644265625 0.4203536109375 0.5254768796875 0.40929161093750005 0.5254768796875 0.3893796109375 0.5796187578125 0.3915936109375 0.640126846875 0.40044161093749997 0.6719739484375 0.42256561093749995 0.6942667203124999 0.46902561093750006 0.6942667203124999 0.5088496109375 0.6751600640625
1 0.2920356109375 0.9267507640625 0.3141596109375 0.9426753187499999 0.3429196109375 0.9522296499999999 0.3915936109375 0.9394912109375 0.3960176109375 0.9299368796874999 0.3915936109375 0.9108282171875001 0.3694696109375 0.8885354453125001 0.3119476109375 0.8503181203124999 0.2898236109375 0.8439499046875 0.2544256109375 0.8439499046875 0.24778761093749999 0.8503181203124999 0.2499996109375 0.8726108921875 0.25663761093750004 0.8821652234374999 0.2721236109375 0.8917195546875 0.2920356109375 0.9267507640625
1 0.1393796109375 0.5636942031250001 0.1747796109375 0.5700644265625 0.1969036109375 0.54777165625 0.1969036109375 0.5191086625 0.1575216109375 0.47515914062500003 0.1336276109375 0.4687889171875 0.1172576109375 0.4808913375 0.1172576109375 0.5191086625 0.1393796109375 0.5636942031250001
1 0.0752216109375 0.802548471875 0.0331856109375 0.83757968125 0.0243356109375 0.8535022296875001 0.055309610937499996 0.8885354453125001 0.0707956109375 0.8980897765625 0.0818576109375 0.8949036625 0.1084076109375 0.8726108921875 0.2079636109375 0.8407637890625 0.24778761093749999 0.8152869109375 0.2610616109375 0.7961782484375 0.2610616109375 0.7579609234375 0.24114961093749998 0.7388542671875 0.2035396109375 0.7420383765625 0.1681416109375 0.7675152546875 0.0752216109375 0.802548471875