1 0 0.2594346390625 0.014435846875 0.265734265625 0.024934446875 0.26835664375 0.032807848437499995 0.2578671328125 0.034120446875 0.23076923124999998 0.030182651562500003 0.2263986015625 0.014435846875 0.22465035000000003 0 0.23234290937500002 0 0.2594346390625
1 0 0.22080415156250002 0.009185453125 0.222027971875 0.0183736421875 0.21765734218750002 0.0209966515625 0.21328671406250002 0.0183736421875 0.196678321875 0.009185453125 0.1914335671875 0 0.19187060312499998 0 0.22080415156250002
1 0.05249245 0.21940559375 0.06824144374999999 0.2229020984375 0.0944890375 0.22377622343749998 0.1102358421875 0.21853146875 0.11417363750000001 0.21328671406250002 0.1036750375 0.1914335671875 0.1049876359375 0.178321678125 0.111548440625 0.1695804203125 0.13254564062500002 0.1547202796875 0.1351708375 0.149475525 0.12729743437500002 0.1424825171875 0.1076106453125 0.133741259375 0.09973724218749999 0.13199300625 0.0734918375 0.13199300625 0.044619046875 0.1389860140625 0.03149525 0.15034965 0.02755964375 0.1582167828125 0.034120446875 0.1625874125 0.045931645312500005 0.1800699296875 0.04724424375 0.21241258749999997 0.05249245 0.21940559375
1 0 0.1498252078125 0.0209966515625 0.1477272734375 0.032807848437499995 0.1424825171875 0.039370840625 0.134615384375 0.02230925 0.1293706296875 0.010498051562500001 0.128496503125 0 0.12954544375 0 0.1498252078125
1 0 0.375308640625 0.019684053125 0.377622378125 0.024934446875 0.37674825156249997 0.03149525 0.371503496875 0.023621848437500002 0.353146853125 0.009185453125 0.3452797203125 0 0.34782902656250003 0 0.375308640625
1 0.0774274453125 0.44405594375 0.0748022484375 0.4379370625 0.06561624687499999 0.42744755312500005 0.0564302453125 0.422202796875 0.034120446875 0.422202796875 0.014435846875 0.4370629375 0.013123248437500002 0.45716783281250006 0.017061043749999998 0.4632867140625 0.030182651562500003 0.4702797203125 0.0433064484375 0.47115384687499995 0.0564302453125 0.46940559375 0.06824144374999999 0.465909090625 0.076114846875 0.4606643359375 0.0774274453125 0.44405594375
1 0.025748257812499998 0.3287674828125 0.031088345312499998 0.31809440625 0.0139895625 0.30172202812500004 0.0129132328125 0.30457167812499997 0.010786823437499999 0.31311188749999996 0.0161290984375 0.3245017484375 0.025748257812499998 0.3287674828125
1 0.052453071875 0.26256992968750004 0.0460497796875 0.267552446875 0.0268114625 0.2789423078125 0.12405531562500001 0.26826923125 0.11443615781250001 0.26328671406250004 0.052453071875 0.26256992968750004
1 0.02230925 0.28409090937500003 0.0157484453125 0.2884615390625 0.0157484453125 0.297202796875 0.039370840625 0.3076923078125 0.05249245 0.3085664328125 0.0669288453125 0.31818181874999996 0.076114846875 0.3208041953125 0.091863840625 0.32954545468749996 0.101049840625 0.33741258749999997 0.101049840625 0.346153846875 0.095799446875 0.35576923125 0.0774274453125 0.377622378125 0.0774274453125 0.3889860140625 0.086613446875 0.390734265625 0.1102358421875 0.378496503125 0.1286078453125 0.3636363640625 0.1364834359375 0.353146853125 0.15091764375 0.3452797203125 0.15485543906250002 0.340034965625 0.1561680375 0.3269230765625 0.15091764375 0.31905594375 0.1496072328125 0.3111888109375 0.14435683906250002 0.3085664328125 0.1364834359375 0.3129370625 0.1246722375 0.3076923078125 0.11417363750000001 0.30681818125000004 0.09973724218749999 0.302447553125 0.070866640625 0.29020979062499996 0.057742843749999995 0.2884615390625 0.045931645312500005 0.28409090937500003 0.034120446875 0.2823426578125 0.02230925 0.28409090937500003
1 0.18110303125 0.3173076921875 0.18110303125 0.309440559375 0.17060443125 0.303321678125 0.16010583125 0.302447553125 0.15091764375 0.3085664328125 0.15091764375 0.325174825 0.15879323437499998 0.347027971875 0.1666666359375 0.35664335625 0.1758526375 0.3583916078125 0.1850386390625 0.350524475 0.188976434375 0.34178321718750004 0.188976434375 0.3321678328125 0.1863512375 0.32342657343750003 0.18110303125 0.3173076921875
1 0.296587628125 0.25174825156249997 0.282151234375 0.2491258734375 0.258531025 0.25087412656249997 0.24278203125000003 0.25611888125000004 0.23622122656250003 0.2613636359375 0.23097083281250003 0.271853146875 0.234908628125 0.2884615390625 0.25328063125 0.296328671875 0.27559042968749997 0.29895104843750003 0.2847764296875 0.303321678125 0.29790022656250004 0.302447553125 0.31495963125 0.28059440625 0.3136492203125 0.2639860140625 0.3057736296875 0.25611888125000004 0.296587628125 0.25174825156249997
1 0.2926498328125 0.3103146859375 0.288714225 0.3041958046875 0.27427783125 0.29895104843750003 0.24278203125000003 0.296328671875 0.2283456359375 0.3006993 0.21784703749999998 0.3076923078125 0.21522402812500002 0.3138111890625 0.2165344390625 0.325174825 0.22703303749999998 0.3382867140625 0.237533825 0.3382867140625 0.2598414359375 0.3199300703125 0.27034222343750003 0.315559440625 0.288714225 0.3129370625 0.2926498328125 0.3103146859375
1 0.7755897968750001 0.5891608390624999 0.7611555890624999 0.58129370625 0.7493443906249999 0.58129370625 0.7375331921875 0.5882867140625 0.7362205937499999 0.59965035 0.7493443906249999 0.609265734375 0.7664037953125 0.6083916078125 0.7755897968750001 0.5987762234375 0.7755897968750001 0.5891608390624999
1 0.4396324171875 0.44055944062499997 0.425196021875 0.4484265734375 0.4225730125 0.452797203125 0.4265086203125 0.4615384609375 0.43307161250000004 0.465034965625 0.44619322187500005 0.46678321718750004 0.481626815625 0.4676573421875 0.48950021875000005 0.46416083906249994 0.492125415625 0.45891608437500003 0.492125415625 0.4519230765625 0.48818980781250004 0.4458041953125 0.4737534140625 0.4361888109375 0.46850302031249996 0.4353146859375 0.4396324171875 0.44055944062499997
2 0.30446103125 0.3269230765625 0.3136492203125 0.34090909062499997 0.3293960265625 0.35227272656249997 0.3910750265625 0.3863636359375 0.40288622500000004 0.409090909375 0.4120744140625 0.41783216718749994 0.43831981875 0.422202796875 0.492125415625 0.421328671875 0.5131226156250001 0.4143356640625 0.5223108046875 0.40821678281249996 0.5314968062500001 0.3916083921875 0.5406828078125 0.3863636359375 0.5577422109375 0.38199300625 0.580052009375 0.3645104890625 0.61286040625 0.3479020984375 0.625984203125 0.3356643359375 0.6312345968749999 0.3138111890625 0.6167982015625 0.28146853125 0.5944884046875 0.259615384375 0.5734912046875 0.25174825156249997 0.5577422109375 0.2491258734375 0.534119815625 0.25087412656249997 0.48687720937499995 0.2604895109375 0.47506601249999997 0.2604895109375 0.4645674125 0.25611888125000004 0.45538141093749995 0.2578671328125 0.44225761406249997 0.25611888125000004 0.4370072203125 0.253496503125 0.3884520171875 0.2491258734375 0.3569562171875 0.25 0.343832421875 0.25524475468749996 0.322835221875 0.271853146875 0.3031506203125 0.3120629375 0.30446103125 0.3269230765625
1 0.636482803125 0.252622378125 0.6246716046875 0.2604895109375 0.6207359968749999 0.26923076875 0.6246716046875 0.2867132859375 0.6377954015625 0.296328671875 0.6784772015625 0.29895104843750003 0.692913596875 0.2928321671875 0.7047247953125 0.2797202796875 0.7020995984375 0.26223776249999997 0.692913596875 0.252622378125 0.6692912015625 0.24737762187499998 0.6535443953125 0.24825174843750003 0.636482803125 0.252622378125
1 0.6758520046875 0.327797203125 0.687663203125 0.31818181874999996 0.68504019375 0.3050699296875 0.6758520046875 0.30157342656249997 0.6587926015625001 0.30157342656249997 0.6535443953125 0.303321678125 0.6469814031250001 0.309440559375 0.652231796875 0.325174825 0.6587926015625001 0.328671328125 0.6758520046875 0.327797203125
1 0.7611555890624999 0.3076923078125 0.7506569890625 0.303321678125 0.7362205937499999 0.302447553125 0.713910796875 0.3085664328125 0.6902884 0.3199300703125 0.6889758015624999 0.328671328125 0.6916009984375 0.33391608437500003 0.6968513921875 0.33741258749999997 0.7099730015625 0.340034965625 0.7611555890624999 0.3243007 0.765091196875 0.3199300703125 0.765091196875 0.3138111890625 0.7611555890624999 0.3076923078125
1 0.652231796875 0.340034965625 0.6430436078125 0.33741258749999997 0.6286094 0.3382867140625 0.5892380109375 0.3618881125 0.5367450125000001 0.399475525 0.5354324140625 0.40821678281249996 0.539370209375 0.41083916093750006 0.580052009375 0.4117132859375 0.59317580625 0.40646853125 0.5984262 0.409965034375 0.6141730046875 0.4134615390625 0.657480003125 0.41520979062499996 0.6706037984375001 0.41258741250000003 0.6811023984375 0.40209790156249997 0.682414996875 0.3924825171875 0.6784772015625 0.3706293703125 0.6692912015625 0.3548951046875 0.652231796875 0.340034965625
1 0.7992121921875001 0.4877622375 0.8097107921875001 0.47989510468749996 0.8149611859375 0.47115384687499995 0.8136485875 0.4580419578125 0.78871359375 0.44405594375 0.7847779859374999 0.4300699296875 0.7755897968750001 0.42045454531250004 0.7493443906249999 0.4169580421875 0.7375331921875 0.41783216718749994 0.7178485921875 0.4291958046875 0.7191611906250001 0.4379370625 0.7257219953125 0.44055944062499997 0.75721779375 0.4449300703125 0.7690289921875 0.45629370625 0.7769023953125 0.46940559375 0.7755897968750001 0.47727272656249997 0.780840190625 0.4833916078125 0.78871359375 0.4877622375 0.7992121921875001 0.4877622375
1 0.8031499875 0.3199300703125 0.8136485875 0.3269230765625 0.8202093921875001 0.327797203125 0.8280849828125 0.3330419578125 0.837270984375 0.3321678328125 0.837270984375 0.322552446875 0.8241471875 0.302447553125 0.8215219906250001 0.277972028125 0.816273784375 0.26835664375 0.805775184375 0.258741259375 0.7874009953125001 0.2543706296875 0.7611555890624999 0.2543706296875 0.754592596875 0.252622378125 0.7125981984374999 0.252622378125 0.7073499921875 0.25524475468749996 0.724409396875 0.28409090937500003 0.7375331921875 0.2945804203125 0.7519695875 0.29545454531250004 0.7624681875 0.3006993 0.76771639375 0.3076923078125 0.7926513890625 0.3129370625 0.79789959375 0.31905594375 0.8031499875 0.3199300703125
2 1 0.21739819531250001 0.9615609296875001 0.2242919578125 0.875498225 0.2551573421875 0.8307998734375 0.28272727343750004 0.829146 0.299265734375 0.845695678125 0.3323426578125 0.8771521 0.37423951093749996 1 0.33836931406250004 1 0.21739819531250001
1 0.9265889312500001 0.341459790625 0.897952409375 0.353146853125 0.8988712281250001 0.3556118875 0.9358274375000001 0.3543793703125 0.9626110078125001 0.342071678125 0.9616790625 0.3365384609375 0.944133996875 0.33715035000000004 0.9265889312500001 0.341459790625
1 0.013123248437500002 0.5297202796875 0.024934446875 0.54370629375 0.045931645312500005 0.5506993 0.055117646875 0.5506993 0.0669288453125 0.547202796875 0.0774274453125 0.540209790625 0.0774274453125 0.5297202796875 0.0879260453125 0.5209790203125 0.0944890375 0.5078671328125 0.0931764390625 0.5 0.095799446875 0.491258740625 0.0931764390625 0.48164335625000004 0.08923864375 0.4763986015625 0.0748022484375 0.46853146875 0.055117646875 0.4702797203125 0.0354330453125 0.475524475 0.030182651562500003 0.47902097968749996 0.023621848437500002 0.491258740625 0.017061043749999998 0.49388111874999996 0.01181065 0.509615384375 0.013123248437500002 0.5297202796875
1 0.0774274453125 0.541083915625 0.08267783906250001 0.5454545453125 0.091863840625 0.5480769234375 0.1049876359375 0.546328671875 0.11417363750000001 0.5384615390625 0.1128610390625 0.5244755249999999 0.1076106453125 0.51835664375 0.09973724218749999 0.5166083921875 0.0853008484375 0.5201048953125 0.076114846875 0.5297202796875 0.0774274453125 0.541083915625
1 0.282151234375 0.4877622375 0.2874016265625 0.47727272656249997 0.288714225 0.4606643359375 0.2847764296875 0.45454545468749996 0.2677170265625 0.4449300703125 0.2545932296875 0.44055944062499997 0.237533825 0.44143356718750004 0.22703303749999998 0.4449300703125 0.2165344390625 0.4519230765625 0.2086610359375 0.46853146875 0.209973634375 0.47902097968749996 0.220472234375 0.49388111874999996 0.24015683437500002 0.5008741265625 0.25328063125 0.5 0.27559042968749997 0.4921328671875 0.282151234375 0.4877622375
1 0.363517021875 0.4877622375 0.3648296203125 0.4921328671875 0.3727030234375 0.490384615625 0.3832016234375 0.5034965031249999 0.3937002234375 0.509615384375 0.405511421875 0.509615384375 0.4225730125 0.502622378125 0.44225761406249997 0.48951048906250005 0.44357021249999995 0.48164335625000004 0.440945015625 0.47727272656249997 0.41732261875 0.4606643359375 0.4041988234375 0.4458041953125 0.4068240203125 0.42744755312500005 0.4041988234375 0.41870629375 0.3753282203125 0.41608391562499997 0.3517058234375 0.42045454531250004 0.3346464203125 0.4291958046875 0.31889742656250003 0.44055944062499997 0.3136492203125 0.4519230765625 0.3136492203125 0.46241258749999997 0.3241478203125 0.47115384687499995 0.3490806265625 0.47727272656249997 0.3569562171875 0.485139859375 0.363517021875 0.4877622375
1 0.4842520125 0.485139859375 0.5091870078125 0.5034965031249999 0.5262464125 0.5052447546875001 0.5498688078125 0.4921328671875 0.5577422109375 0.47902097968749996 0.5774268124999999 0.465909090625 0.6089247984374999 0.4615384609375 0.6089247984374999 0.4449300703125 0.6049870046875 0.4379370625 0.585302403125 0.421328671875 0.5708660078125 0.41608391562499997 0.5564296125 0.4134615390625 0.5485562093749999 0.41520979062499996 0.5301842078125001 0.4134615390625 0.52099820625 0.41520979062499996 0.5157478125 0.41958042031250004 0.5118100171875 0.4458041953125 0.4829394140625 0.46940559375 0.4803142171875 0.475524475 0.4842520125 0.485139859375
1 0.708660403125 0.45891608437500003 0.692913596875 0.44405594375 0.6732289953125 0.43269230781249995 0.6706037984375001 0.42744755312500005 0.6377954015625 0.4265734265625 0.6233590062500001 0.4291958046875 0.6141730046875 0.4379370625 0.615485603125 0.45541957968749996 0.6312345968749999 0.4615384609375 0.677164603125 0.5 0.692913596875 0.5017482515625 0.7099730015625 0.490384615625 0.713910796875 0.485139859375 0.7152233953125 0.47377622343750003 0.708660403125 0.45891608437500003
1 0.7217842 0.5445804203125 0.729659790625 0.5428321671874999 0.7375331921875 0.54370629375 0.7598429906249999 0.534965034375 0.770341590625 0.5262237765625 0.7874009953125001 0.5052447546875001 0.786088396875 0.4921328671875 0.7795275921875 0.4860139859375 0.7624681875 0.4825174828125 0.7375331921875 0.4833916078125 0.7230967984375 0.4877622375 0.7152233953125 0.4877622375 0.698161803125 0.5 0.692913596875 0.50699300625 0.6916009984375 0.5139860140625 0.6942261953125 0.5227272734375 0.7152233953125 0.5419580421875 0.7217842 0.5445804203125
1 1 0.482877834375 0.9803157734375001 0.4921328671875 0.9763779781249999 0.49825174843750003 0.9790031750000001 0.5078671328125 0.9895017749999999 0.514860140625 0.9947499796875 0.5227272734375 1 0.5247256078125 1 0.482877834375
1 0 0.63566430625 0.00131205 0.6354895109375 0.014435846875 0.6372377625000001 0.024934446875 0.6363636359375 0.02755964375 0.63111888125 0.0262470453125 0.6197552453124999 0.017061043749999998 0.6118881125 0.003937246875 0.60664335625 0 0.60664335625 0 0.63566430625
1 0 0.6861888109375001 0.0078750421875 0.6861888109375001 0.014435846875 0.690559440625 0.02230925 0.6923076921875 0.0774274453125 0.6949300703125 0.1023624390625 0.6835664328125 0.106300234375 0.672202796875 0.09973724218749999 0.6582167828125 0.086613446875 0.65034965 0.0774274453125 0.6477272734375 0.059055442187499994 0.6477272734375 0.0288722421875 0.65559440625 0.0157484453125 0.6547202796875 0.009185453125 0.6494755249999999 0 0.6538458921875 0 0.6861888109375001
1 0 0.5987768078125 0.006562443749999999 0.60576923125 0.030182651562500003 0.616258740625 0.0538050484375 0.6363636359375 0.0643036484375 0.6354895109375 0.0839904375 0.6215034968750001 0.101049840625 0.6136363640625 0.1154862359375 0.5909090906250001 0.1102358421875 0.5743007 0.08923864375 0.552447553125 0.07874004375 0.5480769234375 0.014435846875 0.571678321875 0.0026246484375 0.58129370625 0 0.5859547375 0 0.5987768078125
1 0.11942184375 0.5865384609375 0.12729743437500002 0.5917832171875 0.1496072328125 0.59965035 0.16010583125 0.5987762234375 0.167979234375 0.59440559375 0.1771652359375 0.5821678328125001 0.1666666359375 0.5664335671875 0.153542840625 0.5603146859375 0.1351708375 0.559440559375 0.1154862359375 0.565559440625 0.11417363750000001 0.577797203125 0.11942184375 0.5865384609375
2 0.14435683906250002 0.5262237765625 0.14435683906250002 0.5340909093749999 0.1574806359375 0.5603146859375 0.17454003906249999 0.5629370625 0.20603583906249998 0.5506993 0.220472234375 0.5489510484375 0.24540722812500002 0.540209790625 0.2598414359375 0.5393356640625 0.30446103125 0.53059440625 0.31495963125 0.5332167828125 0.35039322500000003 0.5297202796875 0.360891825 0.5227272734375 0.3517058234375 0.490384615625 0.33595901875 0.484265734375 0.3005254234375 0.490384615625 0.288714225 0.490384615625 0.24803242499999997 0.5017482515625 0.2257226265625 0.5017482515625 0.20603583906249998 0.5078671328125 0.1522302421875 0.51835664375 0.14435683906250002 0.5262237765625
1 0.44881841875 0.527972028125 0.43175901406249995 0.5358391609375001 0.425196021875 0.54370629375 0.4238834234375 0.553321678125 0.44225761406249997 0.5629370625 0.47112821718750003 0.5830419578125 0.4803142171875 0.584790209375 0.4947506125 0.571678321875 0.49868840781249996 0.5638111890624999 0.50000100625 0.5515734265625001 0.4947506125 0.5375874125 0.4658800109375 0.527972028125 0.44881841875 0.527972028125
1 0.5629926046875 0.48863636406250005 0.5052492125 0.5209790203125 0.5013114171875 0.53146853125 0.5013114171875 0.5629370625 0.497375809375 0.5743007 0.49868840781249996 0.6040209796875 0.5196856078125001 0.6215034968750001 0.5459310125 0.63199300625 0.5708660078125 0.65034965 0.5839898046875 0.65559440625 0.6115478078125001 0.6625874125 0.6653534062500001 0.6634615390625 0.682414996875 0.6617132859375 0.71653599375 0.64335664375 0.7309702015624999 0.63111888125 0.7349079953125 0.6232517484375 0.7362205937499999 0.6048951046875 0.7322827984375 0.59965035 0.7349079953125 0.58129370625 0.729659790625 0.5664335671875 0.7073499921875 0.5384615390625 0.69553879375 0.5297202796875 0.6837275953125 0.5078671328125 0.6666660046875 0.502622378125 0.639108 0.49825174843750003 0.6312345968749999 0.48863636406250005 0.6246716046875 0.484265734375 0.615485603125 0.4825174828125 0.59317580625 0.4825174828125 0.5787394109374999 0.48688811249999997 0.5629926046875 0.48863636406250005
1 0.8280849828125 0.6145104890625 0.8018373890625 0.6145104890625 0.7716541890624999 0.61800699375 0.7401583890625 0.627622378125 0.7309702015624999 0.6363636359375 0.7362205937499999 0.6389860140625 0.770341590625 0.6389860140625 0.7926513890625 0.634615384375 0.8307079921874999 0.63111888125 0.837270984375 0.6284965031249999 0.8385835828125 0.61888111875 0.8280849828125 0.6145104890625
1 0.585302403125 0.6923076921875 0.6233590062500001 0.7054195796875 0.6561674046875 0.7115384609375 0.6614177984375 0.7106643359375 0.6666660046875 0.7045454546875 0.6561674046875 0.6958041953125 0.6181108 0.6826923078125 0.5879276 0.677447553125 0.5682408109375 0.677447553125 0.5603674078124999 0.68094405625 0.5656178015625 0.6896853140625 0.585302403125 0.6923076921875
1 0.9448821781250001 0.6416083921875 0.9356961765625 0.634615384375 0.9133863796874999 0.627622378125 0.898949984375 0.6293706296875 0.8818905796875001 0.6389860140625 0.8661415859374999 0.64423076875 0.8438317890624999 0.6424825171874999 0.8307079921874999 0.6468531468750001 0.8149611859375 0.6468531468750001 0.800524790625 0.6416083921875 0.7847779859374999 0.6416083921875 0.7493443906249999 0.6573426578125 0.744093996875 0.665209790625 0.744093996875 0.6739510484375 0.7519695875 0.684440559375 0.7900261921875 0.690559440625 0.800524790625 0.6861888109375001 0.805775184375 0.6791958046875 0.8110233906250001 0.6826923078125 0.8149611859375 0.6826923078125 0.8202093921875001 0.678321678125 0.8293953937499999 0.6800699296875 0.8346457875000001 0.677447553125 0.8766401859374999 0.677447553125 0.8884513843749999 0.6748251749999999 0.898949984375 0.677447553125 0.919947184375 0.678321678125 0.9291331843749999 0.6756993 0.9422569812500001 0.6669580421875 0.947507375 0.659965034375 0.9488199734375 0.6494755249999999 0.9448821781250001 0.6416083921875
2 1 0.539597903125 0.9881891765624999 0.5393356640625 0.9776905765624999 0.5445804203125 0.9790031750000001 0.578671328125 0.986876578125 0.5926573421875 1 0.5926573421875 1 0.539597903125
1 0 0.753496746875 0.0157484453125 0.7604895109375 0.023621848437500002 0.7613636359375 0.0354330453125 0.7674825171874999 0.060368040624999994 0.7884615390625 0.06824144374999999 0.791083915625 0.0853008484375 0.790209790625 0.101049840625 0.7832167828125 0.11417363750000001 0.7736013984375 0.11942184375 0.765734265625 0.1181092453125 0.75699300625 0.09711204531249999 0.7465034968750001 0.0853008484375 0.735139859375 0.076114846875 0.7298951046875 0.0721792390625 0.7167832171875 0.07874004375 0.703671328125 0.0734918375 0.696678321875 0.05971174218750001 0.6932692312500001 0.0288722421875 0.6984265734374999 0.0157484453125 0.703671328125 0 0.714909475 0 0.753496746875
1 0.1076106453125 0.797202796875 0.1102358421875 0.8033216781249999 0.1154862359375 0.8059440562500001 0.13779603437500001 0.8085664328125001 0.153542840625 0.8076923078125 0.1692918328125 0.8024475531249999 0.204725428125 0.7954545453125 0.2165344390625 0.7840909093749999 0.220472234375 0.7639860140625 0.21128623281249997 0.734265734375 0.1955372390625 0.7045454546875 0.1824156296875 0.697552446875 0.17454003906249999 0.697552446875 0.1692918328125 0.703671328125 0.1758526375 0.73076923125 0.1758526375 0.74300699375 0.17060443125 0.7578671328125 0.1496072328125 0.7744755249999999 0.1312330421875 0.78059440625 0.111548440625 0.790209790625 0.1076106453125 0.797202796875
1 0.296587628125 0.796328671875 0.3136492203125 0.7867132859375 0.328083428125 0.765734265625 0.3293960265625 0.75 0.3241478203125 0.7360139859375 0.3110240234375 0.72465035 0.2926498328125 0.71940559375 0.2808408234375 0.71940559375 0.27427783125 0.7229020984375001 0.2572184265625 0.7421328671875 0.22703303749999998 0.7674825171874999 0.2230974296875 0.78059440625 0.2283456359375 0.7945804203125 0.24278203125000003 0.7989510484375 0.27427783125 0.8024475531249999 0.296587628125 0.796328671875
2 0.3083988265625 0.5367132859375 0.296587628125 0.540209790625 0.266404428125 0.54370629375 0.2598414359375 0.547202796875 0.2467198265625 0.5489510484375 0.23228343125 0.5541958046875 0.20603583906249998 0.5708041953125 0.2007876328125 0.571678321875 0.19160163125000002 0.577797203125 0.17454003906249999 0.5952797203125 0.1561680375 0.6197552453124999 0.15485543906250002 0.639860140625 0.1574806359375 0.6494755249999999 0.17060443125 0.6634615390625 0.188976434375 0.671328671875 0.1981624359375 0.672202796875 0.21784703749999998 0.6826923078125 0.23097083281250003 0.6853146859375 0.26377923124999997 0.7010489515625 0.27559042968749997 0.7045454546875 0.3320212234375 0.7360139859375 0.3517058234375 0.7421328671875 0.3727030234375 0.7543706296875 0.43044641562499997 0.777972028125 0.46981561875000005 0.7980769234375 0.481626815625 0.8015734265625 0.5144352140625 0.8216783218750001 0.5249338140625001 0.8234265734375 0.5406828078125 0.8199300703124999 0.5551192015625 0.8138111890624999 0.5656178015625 0.8041958046875 0.5708660078125 0.7770979015624999 0.5682408109375 0.75611888125 0.569553409375 0.73076923125 0.5629926046875 0.703671328125 0.5524940046875 0.6861888109375001 0.5446184140625 0.6643356640625 0.5249338140625001 0.6354895109375 0.5144352140625 0.627622378125 0.51049960625 0.6197552453124999 0.4947506125 0.6040209796875 0.4658800109375 0.58129370625 0.4068240203125 0.5489510484375 0.35039322500000003 0.5375874125 0.3425198234375 0.5393356640625 0.33595901875 0.5358391609375001 0.320210025 0.5384615390625 0.3083988265625 0.5367132859375
1 0.61286040625 0.7237762234375 0.59317580625 0.72465035 0.5734912046875 0.7386363640625 0.5721786062499999 0.7447552453124999 0.574803803125 0.75 0.606299603125 0.75611888125 0.6181108 0.7613636359375 0.6312345968749999 0.7718531468750001 0.639108 0.7736013984375 0.6430436078125 0.765734265625 0.6404205984375 0.75 0.6299219984375 0.7325174828125001 0.6220464078125 0.7263986015625 0.61286040625 0.7237762234375
1 0.7611555890624999 0.764860140625 0.76771639375 0.7709790203125 0.79789959375 0.7832167828125 0.8136485875 0.7823426578125 0.8307079921874999 0.7622377625000001 0.8556429874999999 0.7465034968750001 0.8753275875 0.740384615625 0.8818905796875001 0.740384615625 0.8897639828124999 0.7360139859375 0.8897639828124999 0.7263986015625 0.8766401859374999 0.7071678328125001 0.8556429874999999 0.6949300703125 0.837270984375 0.6896853140625 0.8136485875 0.6888111890624999 0.7952765859375 0.690559440625 0.78871359375 0.6931818187500001 0.7900261921875 0.721153846875 0.7874009953125001 0.7290209796875 0.7769023953125 0.7421328671875 0.7585303921875 0.7552447546875001 0.7611555890624999 0.764860140625
1 1 0.72902023125 0.9986877749999999 0.7263986015625 0.97375278125 0.709790209375 0.9658793781250001 0.7080419578125 0.9409443828124999 0.7080419578125 0.9343835781250001 0.709790209375 0.9212597828125 0.71940559375 0.9173219874999999 0.74300699375 0.9265101765624999 0.7534965031249999 0.9330709796875001 0.75699300625 0.9304457828125001 0.764860140625 0.9461947765625001 0.76835664375 0.9803157734375001 0.76835664375 0.9921269718750001 0.7631118875 1 0.7534969609375 1 0.72902023125
1 1 0.768356703125 0.9895017749999999 0.7666083921875 0.9724401828125 0.76923076875 0.9251975781249999 0.76923076875 0.9133863796874999 0.7718531468750001 0.9160115765624999 0.7884615390625 0.9251975781249999 0.7928321671874999 0.9488199734375 0.8208041953125 0.9566933765625001 0.8269230765625 0.9671919765625001 0.8295454546875 0.9816283718750001 0.8173076921875 0.9986877749999999 0.7893356640625 1 0.788024484375 1 0.768356703125
1 0.9081359859375 0.8260489515625 0.8963247875 0.815559440625 0.8858261875 0.8103146859375 0.8700793812500001 0.80681818125 0.8556429874999999 0.8076923078125 0.8359583859375 0.8146853140625 0.8228345890625001 0.8234265734375 0.816273784375 0.8321678328125 0.8188967937499999 0.84353146875 0.8425191906249999 0.8513986015624999 0.8950121890625 0.8452797203125 0.9068233875 0.8391608390625 0.909448584375 0.833916084375 0.9081359859375 0.8260489515625
1 0.502624015625 0.8548951046875001 0.5183730093750001 0.8479020984375 0.5223108046875 0.8409090906250001 0.5223108046875 0.83129370625 0.5170604109375 0.8251748250000001 0.497375809375 0.8225524468750001 0.481626815625 0.8304195796875 0.4803142171875 0.8426573421875 0.4934380140625 0.853146853125 0.502624015625 0.8548951046875001
1 0.738845790625 0.860139859375 0.74671919375 0.8583916078125 0.7532799984375 0.853146853125 0.754592596875 0.8260489515625 0.7480317921874999 0.809440559375 0.7309702015624999 0.7989510484375 0.7230967984375 0.796328671875 0.703412196875 0.797202796875 0.698161803125 0.7989510484375 0.6942261953125 0.8059440562500001 0.6942261953125 0.8260489515625 0.6968513921875 0.8321678328125 0.7099730015625 0.8496503499999999 0.72703459375 0.8583916078125 0.733595396875 0.859265734375 0.7362205937499999 0.8645104890624999 0.738845790625 0.8645104890624999 0.738845790625 0.860139859375
1 0.44881841875 0.8304195796875 0.4133848234375 0.83129370625 0.40288622500000004 0.8330419578124999 0.392387625 0.8391608390625 0.389764615625 0.8479020984375 0.392387625 0.853146853125 0.41469742187499997 0.8680069937500001 0.4265086203125 0.8732517484375 0.45538141093749995 0.875 0.47112821718750003 0.872377621875 0.4803142171875 0.8671328671874999 0.4829394140625 0.85664335625 0.4763786109375 0.840034965625 0.461942215625 0.8330419578124999 0.44881841875 0.8304195796875
4 1 0.6443660421875 0.98792665625 0.651171328125 0.925880128125 0.705777971875 0.9059308203124999 0.7692482515625 0.9170069625 0.8341958046875 0.9657612437499999 0.9006118875 1 0.875406496875 1 0.6443660421875
1 0.698161803125 0.7701048953125 0.7099730015625 0.7701048953125 0.71653599375 0.76835664375 0.7309702015624999 0.75699300625 0.7454065953125 0.7543706296875 0.75721779375 0.7482517484375 0.7637785984375001 0.7333916078125 0.7559051953125 0.7176573421875 0.744093996875 0.708916084375 0.7283471921875 0.703671328125 0.6994744015625 0.7019230765625 0.6758520046875 0.70629370625 0.65485480625 0.7167832171875 0.6469814031250001 0.7263986015625 0.641733196875 0.740384615625 0.641733196875 0.7508741265625 0.6456688046875 0.758741259375 0.652231796875 0.7622377625000001 0.6863527921875 0.7666083921875 0.698161803125 0.7701048953125
1 0.4225730125 0.5113636359375 0.425196021875 0.51835664375 0.4540688125 0.5236013984375 0.49081281718750003 0.5218531468750001 0.502624015625 0.5166083921875 0.5039366140625 0.50699300625 0.4947506125 0.497377621875 0.4829394140625 0.491258740625 0.46850302031249996 0.48863636406250005 0.4475058203125 0.48951048906250005 0.43175901406249995 0.497377621875 0.4225730125 0.5113636359375
1 0.7401583890625 0.33391608437500003 0.708660403125 0.3487762234375 0.6837275953125 0.36888111874999996 0.6837275953125 0.399475525 0.6758520046875 0.41608391562499997 0.677164603125 0.4300699296875 0.6837275953125 0.4353146859375 0.6994744015625 0.4370629375 0.7099730015625 0.42569929999999995 0.7152233953125 0.4230769234375 0.7230967984375 0.4239510484375 0.7322827984375 0.41870629375 0.744093996875 0.40646853125 0.754592596875 0.40034965 0.7611555890624999 0.3916083921875 0.7755897968750001 0.38723776249999997 0.8136485875 0.36800699375 0.8346457875000001 0.3610139859375 0.83989399375 0.35576923125 0.8359583859375 0.3487762234375 0.8228345890625001 0.3426573421875 0.8070855953124999 0.3304195796875 0.780840190625 0.3243007 0.7664037953125 0.325174825 0.7401583890625 0.33391608437500003
1 0.250655434375 0.41258741250000003 0.255905828125 0.41958042031250004 0.2650918296875 0.42569929999999995 0.28346383125 0.43444055937500003 0.29790022656250004 0.4353146859375 0.3136492203125 0.43356643281249996 0.320210025 0.43094405625 0.33595901875 0.41958042031250004 0.3569562171875 0.41083916093750006 0.3674548171875 0.40384615312500005 0.3805764265625 0.3863636359375 0.37401562187500004 0.37674825156249997 0.363517021875 0.37412587343750003 0.343832421875 0.360139859375 0.312336621875 0.3426573421875 0.3031506203125 0.3426573421875 0.2624666328125 0.3575174828125 0.2519680328125 0.359265734375 0.2414694328125 0.366258740625 0.2230974296875 0.38723776249999997 0.22178483125 0.39423076875 0.250655434375 0.41258741250000003
4 0 0.3168787265625 0.0544350953125 0.4022552453125 0.11749451250000001 0.5274388109375 0.19909438125 0.47966783281250003 0.2188839890625 0.38577797187499996 0.18301942499999999 0.2597727265625 0.1224408203125 0.2564772734375 0 0.2780868390625 0 0.3168787265625
1 0.76238068125 1 0.7611555890624999 0.9877622374999999 0.7532799984375 0.9790209796875 0.733595396875 0.9737762234374999 0.7191611906250001 0.9746503499999999 0.7020995984375 0.98076923125 0.6889758015624999 0.9903846156249999 0.68504019375 0.9982517484375 0.68504019375 1 0.76238068125 1
1 0.634272571875 1 0.636482803125 0.9965034968750001 0.6587926015625001 0.9772727265625001 0.6614177984375 0.96853146875 0.65485480625 0.9615384609375001 0.6246716046875 0.9475524468750001 0.6049870046875 0.9449300703124999 0.585302403125 0.9475524468750001 0.574803803125 0.952797203125 0.5551192015625 0.9580419578124999 0.5498688078125 0.9615384609375001 0.5498688078125 0.9702797203125 0.5564296125 0.975524475 0.569553409375 0.9965034968750001 0.5699284375 1 0.634272571875 1
1 0.492125415625 1 0.492125415625 0.9877622374999999 0.48687720937499995 0.9772727265625001 0.47506601249999997 0.96940559375 0.44619322187500005 0.9667832171875 0.4370072203125 0.96853146875 0.41732261875 0.98164335625 0.4133848234375 0.9886363640625 0.4133848234375 1 0.492125415625 1
1 0.36779977812500003 1 0.36614221874999997 0.9965034968750001 0.34645761875000003 0.971153846875 0.3451450203125 0.9545454546875 0.35433102031249997 0.9353146859375 0.35433102031249997 0.9291958046875 0.35039322500000003 0.9239510484375 0.3346464203125 0.921328671875 0.322835221875 0.9169580421875001 0.30971142500000004 0.9169580421875001 0.27559042968749997 0.9239510484375 0.24278203125000003 0.9239510484375 0.21259883125 0.93181818125 0.20341282968750002 0.9361888109375001 0.1955372390625 0.9423076921875 0.1824156296875 0.9763986015624999 0.183726040625 0.9833916078125 0.1931614359375 1 0.36779977812500003 1
1 0.72703459375 0.9475524468750001 0.729659790625 0.9309440562500001 0.7230967984375 0.9265734265625 0.6994744015625 0.9230769234375 0.6889758015624999 0.916083915625 0.68504019375 0.9012237765625001 0.6797898 0.896853146875 0.6666660046875 0.8951048953124999 0.6456688046875 0.8959790203125 0.6220464078125 0.9073426578125 0.6194233984374999 0.9178321671875 0.6246716046875 0.9239510484375 0.6286094 0.9256993 0.662730396875 0.9283216781249999 0.6784772015625 0.934440559375 0.6902884 0.9423076921875 0.698161803125 0.95629370625 0.7125981984374999 0.9554195796875 0.72703459375 0.9475524468750001
2 1 0.917082678125 0.9921269718750001 0.9143356640625001 0.9816283718750001 0.9134615390624999 0.97375278125 0.90559440625 0.960628984375 0.902972028125 0.9435695796875001 0.8924825171874999 0.9291331843749999 0.889860140625 0.8753275875 0.866258740625 0.8661415859374999 0.866258740625 0.8464569859375001 0.8583916078125 0.8359583859375 0.8610139859375 0.8123359890625 0.8872377625000001 0.8110233906250001 0.8977272734374999 0.8136485875 0.9020979015625 0.9042003781249999 0.9396853140625 0.9133863796874999 0.9414335671874999 0.9803157734375001 0.9676573421875 0.996062578125 0.971153846875 1 0.969186840625 1 0.917082678125
1 1 0.1408471796875 0.9724401828125 0.1520979015625 0.947507375 0.172202796875 0.9461947765625001 0.1826923078125 0.9566933765625001 0.209790209375 0.9658793781250001 0.21678321718750002 0.9750653796875 0.21940559375 1 0.2162420671875 1 0.1408471796875
1 0.60367440625 0.1381118875 0.5866150015625 0.14335664374999998 0.5734912046875 0.15034965 0.569553409375 0.1573426578125 0.5866150015625 0.166083915625 0.6141730046875 0.171328671875 0.625984203125 0.171328671875 0.639108 0.1678321671875 0.6469814031250001 0.15909090937499998 0.6456688046875 0.15034965 0.639108 0.14160839218750002 0.6325450078125 0.140734265625 0.6233590062500001 0.1354895109375 0.60367440625 0.1381118875
1 0.288714225 0.24388111875 0.3031506203125 0.2491258734375 0.320210025 0.24388111875 0.3700778265625 0.246503496875 0.42782121875 0.2447552453125 0.4396324171875 0.25 0.45538141093749995 0.2491258734375 0.45538141093749995 0.24125874062500002 0.44881841875 0.225524475 0.42782121875 0.1984265734375 0.410761815625 0.1896853140625 0.384514221875 0.19055944062500002 0.371390425 0.1896853140625 0.36614221874999997 0.1870629375 0.3595792265625 0.1888111890625 0.31889742656250003 0.1879370625 0.312336621875 0.1923076921875 0.3031506203125 0.19055944062500002 0.291339421875 0.1949300703125 0.27296523281249996 0.21853146875 0.269029625 0.23164335625 0.2598414359375 0.24038461562500002 0.2650918296875 0.246503496875 0.2847764296875 0.2456293703125 0.288714225 0.24388111875
4 0.881785571875 0.2361013984375 0.8478877171875 0.21256118906250002 0.8255647937499999 0.2003671328125 0.7553145265625 0.1604370625 0.6420088421875 0.1131730765625 0.559041684375 0.10097902031249999 0.47749431875 0.09430944062499999 0.46175845156250006 0.096215034375 0.37019596093749996 0.1076486015625 0.3272696171875 0.11717657343750001 0.277204925 0.1371853140625 0.2228349109375 0.157202796875 0.18135242499999998 0.1800699296875 0.11124654375000001 0.21914335624999998 0.0783462640625 0.246774475 0.8938067859375 0.246774475 0.881785571875 0.2361013984375
1 0.5603674078124999 0.057692307812499996 0.559054809375 0.075174825 0.5656178015625 0.0856643359375 0.5721786062499999 0.090909090625 0.5879276 0.09353146875 0.6141730046875 0.0821678328125 0.6167982015625 0.077797203125 0.615485603125 0.0673076921875 0.5984262 0.05681818125 0.5879276 0.05332167812500001 0.569553409375 0.052447553125000004 0.5603674078124999 0.057692307812499996
4 0 0 0 0.11569055937499999 0.035603684375 0.11569055937499999 0.08856921718750001 0.10576048906249999 0.1547766828125 0.0815122375 0.20775534218749997 0.037403846875 0.2207130875 0 0 0
1 0.7598429906249999 0.8618881125 0.733595396875 0.8732517484375 0.71653599375 0.877622378125 0.708660403125 0.883741259375 0.7099730015625 0.8951048953124999 0.7204716015625 0.9003496500000001 0.7283471921875 0.9003496500000001 0.738845790625 0.896853146875 0.8044625859375 0.8653846156249999 0.8070855953124999 0.85576923125 0.79789959375 0.8548951046875001 0.7598429906249999 0.8618881125
2 0.4947506125 0.8889860140625 0.48950021875000005 0.89335664375 0.492125415625 0.9020979015625 0.5091870078125 0.9256993 0.5170604109375 0.9309440562500001 0.5406828078125 0.9265734265625 0.6167982015625 0.9012237765625001 0.6404205984375 0.890734265625 0.6535443953125 0.889860140625 0.70603739375 0.872377621875 0.7099730015625 0.8618881125 0.692913596875 0.8365384609375001 0.6797898 0.8304195796875 0.6601052000000001 0.83129370625 0.6102352093750001 0.8496503499999999 0.5892380109375 0.8548951046875001 0.5629926046875 0.866258740625 0.553806603125 0.8671328671874999 0.5314968062500001 0.8758741265625 0.5223108046875 0.8767482515625 0.51049960625 0.883741259375 0.4947506125 0.8889860140625
2 0 0.90559531875 0.0026246484375 0.909965034375 0.00131205 0.9169580421875001 0.010498051562500001 0.9388111890624999 0.02230925 0.952797203125 0.04199385 0.9667832171875 0.0538050484375 0.972027971875 0.08267783906250001 0.9772727265625001 0.10892324375 0.9772727265625001 0.1614162421875 0.971153846875 0.1719170296875 0.9641608390625 0.1797904328125 0.9484265734375 0.1981624359375 0.9361888109375001 0.23228343125 0.9230769234375 0.24803242499999997 0.9195804203125 0.2598414359375 0.9143356640625001 0.2847764296875 0.8977272734374999 0.291339421875 0.8889860140625 0.296587628125 0.872377621875 0.29396243125 0.853146853125 0.29002682343749997 0.8426573421875 0.2677170265625 0.8076923078125 0.2283456359375 0.8006993 0.2165344390625 0.8006993 0.178477834375 0.80681818125 0.12992044375 0.8103146859375 0.111548440625 0.80681818125 0.06299105 0.7919580421875 0.03674564375 0.790209790625 0.0157484453125 0.7928321671874999 0 0.8000938062499999 0 0.90559531875
2 0.9409443828124999 0.372377621875 0.9356961765625 0.371503496875 0.9278205859374999 0.365384615625 0.9186345859375 0.372377621875 0.9015751812499999 0.37412587343750003 0.8963247875 0.37674825156249997 0.85039478125 0.371503496875 0.8438317890624999 0.375 0.8346457875000001 0.3924825171875 0.8307079921874999 0.43094405625 0.8202093921875001 0.45979020937500004 0.8175863828125 0.4763986015625 0.8110233906250001 0.4833916078125 0.8044625859375 0.5017482515625 0.77821499375 0.553321678125 0.76771639375 0.5646853140625 0.7664037953125 0.5760489515625 0.7755897968750001 0.583916084375 0.7834653874999999 0.583916084375 0.791338790625 0.5865384609375 0.816273784375 0.6040209796875 0.8333331890625001 0.6083916078125 0.8635163890625 0.6083916078125 0.8976373859375 0.616258740625 0.9042003781249999 0.6206293703125 0.9107611828125 0.6206293703125 0.9186345859375 0.6241258734375 0.9265101765624999 0.6232517484375 0.950130384375 0.6389860140625 0.9658793781250001 0.6381118875 0.97375278125 0.64335664375 0.9816283718750001 0.64335664375 0.9921269718750001 0.6363636359375 0.9921269718750001 0.6258741265625 0.9776905765624999 0.5856643359375 0.97375278125 0.5638111890624999 0.9685045750000001 0.5603146859375 0.9724401828125 0.552447553125 0.9671919765625001 0.5297202796875 0.9685045750000001 0.4449300703125 0.9750653796875 0.43094405625 0.9750653796875 0.4239510484375 0.9803157734375001 0.41608391562499997 0.98425138125 0.3854895109375 0.9816283718750001 0.38024475468749996 0.97375278125 0.37587412656249997 0.9658793781250001 0.37587412656249997 0.9566933765625001 0.372377621875 0.9435695796875001 0.37674825156249997 0.9409443828124999 0.372377621875
1 0.360891825 0.9326923078125 0.3517058234375 0.9466783218750001 0.353018421875 0.9545454546875 0.36220442343750003 0.9571678328125 0.389764615625 0.9554195796875 0.3989506171875 0.9510489515625 0.40944921718750005 0.9414335671874999 0.43175901406249995 0.9388111890624999 0.44619322187500005 0.9414335671874999 0.4606296171875 0.9414335671874999 0.4947506125 0.9545454546875 0.502624015625 0.9554195796875 0.5118100171875 0.9484265734375 0.5118100171875 0.934440559375 0.481626815625 0.89335664375 0.45800442031250005 0.8811188812499999 0.43831981875 0.8811188812499999 0.3884520171875 0.899475525 0.371390425 0.909965034375 0.3648296203125 0.9169580421875001 0.360891825 0.9326923078125
1 0.837270984375 0.9169580421875001 0.8254597859375 0.9090909093749999 0.8149611859375 0.90646853125 0.8070855953124999 0.8986013984375001 0.7690289921875 0.890734265625 0.7506569890625 0.8951048953124999 0.7480317921874999 0.8986013984375001 0.7480317921874999 0.909965034375 0.7519695875 0.921328671875 0.7598429906249999 0.9309440562500001 0.7690289921875 0.9370629375 0.7847779859374999 0.9423076921875 0.7939639875 0.9484265734375 0.8083981937500001 0.9475524468750001 0.8293953937499999 0.9396853140625 0.837270984375 0.93181818125 0.837270984375 0.9169580421875001
1 0.384514221875 0.8758741265625 0.38582682031250004 0.8636363640625 0.381889025 0.8548951046875001 0.371390425 0.846153846875 0.3569562171875 0.8409090906250001 0.3346464203125 0.8391608390625 0.3267708296875 0.8426573421875 0.3136492203125 0.8680069937500001 0.299212825 0.877622378125 0.29790022656250004 0.8872377625000001 0.31889742656250003 0.9012237765625001 0.328083428125 0.9012237765625001 0.35039322500000003 0.883741259375 0.3727030234375 0.8819930062499999 0.384514221875 0.8758741265625
1 0 0.040428301562500005 0.019684053125 0.0393356640625 0.0262470453125 0.0367132859375 0.0288722421875 0.027972028125 0.02230925 0.0209790203125 0.010498051562500001 0.0166083921875 0 0.015609414062499999 0 0.040428301562500005
1 0.010498051562500001 0.09440559375 0.034120446875 0.096153846875 0.044619046875 0.09440559375 0.0538050484375 0.09003496562499999 0.0538050484375 0.0734265734375 0.039370840625 0.061188810937500004 0.030182651562500003 0.0629370625 0.005249845312499999 0.07954545468749999 0.005249845312499999 0.0891608390625 0.010498051562500001 0.09440559375
1 0.209973634375 0.077797203125 0.2086610359375 0.0734265734375 0.1902890328125 0.0646853140625 0.1771652359375 0.07167832187499999 0.17454003906249999 0.083916084375 0.18110303125 0.09353146875 0.19160163125000002 0.0979020984375 0.20603583906249998 0.0926573421875 0.209973634375 0.077797203125
1 0.225006465625 0 0.22441002812500002 0.0017482515625 0.22441002812500002 0.0236013984375 0.22703303749999998 0.034090909375 0.237533825 0.05332167812500001 0.24278203125000003 0.059440559375 0.2493428359375 0.061188810937500004 0.25328063125 0.059440559375 0.2545932296875 0.0506993 0.2467198265625 0.0236013984375 0.2467198265625 0.00611888125 0.2505877328125 0 0.225006465625 0
1 0.29396243125 0.0541958046875 0.2847764296875 0.0585664328125 0.2808408234375 0.06555944062499999 0.288714225 0.0917832171875 0.296587628125 0.1048951046875 0.3031506203125 0.10839160781249998 0.3241478203125 0.1075174828125 0.328083428125 0.10576923125 0.3320212234375 0.0987762234375 0.338582028125 0.057692307812499996 0.33595901875 0.0550699296875 0.328083428125 0.05332167812500001 0.29396243125 0.0541958046875
1 0.3832016234375 0.096153846875 0.3963254203125 0.09003496562499999 0.3963254203125 0.0734265734375 0.38582682031250004 0.06818181875 0.371390425 0.06818181875 0.360891825 0.0743007 0.358266628125 0.08041957968749999 0.3595792265625 0.0874125875 0.3674548171875 0.09440559375 0.3832016234375 0.096153846875
1 0.333333821875 0.0541958046875 0.36614221874999997 0.0541958046875 0.37401562187500004 0.051573426562500004 0.3674548171875 0.0419580421875 0.33595901875 0.03146853125 0.3057736296875 0.032342657812499995 0.29396243125 0.035839160937499996 0.291339421875 0.0393356640625 0.291339421875 0.0454545453125 0.2952750296875 0.0480769234375 0.333333821875 0.0541958046875
1 0.266404428125 0 0.266404428125 0.0139860140625 0.27034222343750003 0.0227272734375 0.276903028125 0.0297202796875 0.288714225 0.034965034374999995 0.320210025 0.027972028125 0.3267708296875 0.01923076875 0.32446258125 0 0.266404428125 0
2 0.3747996953125 0 0.363346384375 0.0065384609375 0.39314893125 0.0572552453125 0.46431801874999995 0.0914335671875 0.47755994843750005 0.0881206296875 0.609985815625 0.0175611890625 0.681168028125 0.0153583921875 0.683785225 0 0.3747996953125 0
1 0.68504019375 0.034090909375 0.6811023984375 0.027972028125 0.65485480625 0.018356643750000002 0.64435620625 0.018356643750000002 0.6194233984374999 0.028846153125000003 0.615485603125 0.034090909375 0.615485603125 0.046328671875 0.6272968015625 0.05332167812500001 0.639108 0.05332167812500001 0.6469814031250001 0.049825175 0.6784772015625 0.0506993 0.68504019375 0.0454545453125 0.68504019375 0.034090909375
1 0.7007869999999999 0.0052447546875 0.6942261953125 0.009615384375 0.687663203125 0.0270979015625 0.6863527921875 0.0480769234375 0.6916009984375 0.0550699296875 0.7152233953125 0.052447553125000004 0.729659790625 0.047202796875 0.7375331921875 0.0480769234375 0.74671919375 0.0393356640625 0.7454065953125 0.027972028125 0.708660403125 0.00699300625 0.7007869999999999 0.0052447546875
1 0.743687846875 0 0.7480317921874999 0.0139860140625 0.74671919375 0.0541958046875 0.7532799984375 0.059440559375 0.7690289921875 0.0419580421875 0.7729667874999999 0.0227272734375 0.7706131625 0 0.743687846875 0
1 0.7969946078125 0 0.77921256875 0.027220279687499998 0.7706303625 0.03960664375 0.9723482999999999 0.0367482515625 0.975209765625 0.029125873437499998 0.9694890234375 0.0176923078125 0.9546146671875 0 0.7969946078125 0
2 0.9763779781249999 0 0.9763779781249999 0.024475525 0.9790031750000001 0.034090909375 0.9829387828125 0.0375874125 0.9921269718750001 0.040209790625000005 1 0.0397181515625 1 0 0.9763779781249999 0
1 0.2086610359375 0.149475525 0.1955372390625 0.134615384375 0.183726040625 0.12587412656250002 0.16010583125 0.12587412656250002 0.143044240625 0.133741259375 0.13779603437500001 0.14160839218750002 0.13779603437500001 0.1520979015625 0.14435683906250002 0.1573426578125 0.17060443125 0.16695804218750002 0.17454003906249999 0.1730769234375 0.1797904328125 0.1730769234375 0.1902890328125 0.1695804203125 0.199475034375 0.1617132859375 0.2086610359375 0.1582167828125 0.2086610359375 0.149475525
1 0.2598414359375 0.06993007031250001 0.2493428359375 0.06905594375 0.1902890328125 0.110139859375 0.188976434375 0.1197552453125 0.1929142296875 0.1232517484375 0.22178483125 0.1267482515625 0.2283456359375 0.13024475468750002 0.2519680328125 0.127622378125 0.2677170265625 0.1354895109375 0.27559042968749997 0.133741259375 0.2808408234375 0.1293706296875 0.27559042968749997 0.10664335625000002 0.266404428125 0.09003496562499999 0.2598414359375 0.06993007031250001
1 0.5223108046875 0.1127622375 0.54199540625 0.1118881125 0.5524940046875 0.10576923125 0.5498688078125 0.097027971875 0.528871609375 0.08828671406250001 0.5065618109375001 0.08828671406250001 0.4855646109375 0.0917832171875 0.47900161875 0.096153846875 0.481626815625 0.1048951046875 0.5091870078125 0.10839160781249998 0.5223108046875 0.1127622375
1 0.47900161875 0.15909090937499998 0.45538141093749995 0.16695804218750002 0.4501310171875 0.171328671875 0.4501310171875 0.177447553125 0.4540688125 0.1835664328125 0.47900161875 0.1949300703125 0.4947506125 0.19580419531249998 0.49868840781249996 0.1923076921875 0.5131226156250001 0.1879370625 0.5314968062500001 0.1861888109375 0.5380576109375 0.18094405625 0.5354324140625 0.1730769234375 0.528871609375 0.1678321671875 0.5013114171875 0.15909090937499998 0.47900161875 0.15909090937499998
1 0.4803142171875 0.1363636359375 0.4527562140625 0.116258740625 0.440945015625 0.1013986015625 0.435694621875 0.09965035 0.41469742187499997 0.10052447499999999 0.3937002234375 0.109265734375 0.3937002234375 0.12062937031250001 0.4041988234375 0.125 0.4160100203125 0.1267482515625 0.42126041406250003 0.13024475468750002 0.425196021875 0.1363636359375 0.42782121875 0.15559440625 0.4343842109375 0.1608391609375 0.451443615625 0.1625874125 0.4763786109375 0.15646853125 0.4829394140625 0.1512237765625 0.4803142171875 0.1363636359375
1 0.405511421875 0.16520979062500002 0.4041988234375 0.1573426578125 0.3753282203125 0.140734265625 0.3490806265625 0.1424825171875 0.338582028125 0.15034965 0.347768028125 0.1582167828125 0.3648296203125 0.1608391609375 0.38582682031250004 0.1695804203125 0.39763801875000004 0.1695804203125 0.405511421875 0.16520979062500002
1 0.296587628125 0.1756993 0.3136492203125 0.1678321671875 0.3372694296875 0.1486013984375 0.343832421875 0.1354895109375 0.343832421875 0.12412587343749999 0.33595901875 0.116258740625 0.31889742656250003 0.11888111875 0.307086228125 0.1293706296875 0.2926498328125 0.1372377625 0.2874016265625 0.14510489531249998 0.27296523281249996 0.153846153125 0.2572184265625 0.1547202796875 0.234908628125 0.166083915625 0.23228343125 0.1739510484375 0.24540722812500002 0.18444055937499998 0.25328063125 0.1870629375 0.296587628125 0.1756993
1 0.23622122656250003 0.2045454546875 0.2467198265625 0.19580419531249998 0.24803242499999997 0.1870629375 0.2283456359375 0.17045454531249998 0.2165344390625 0.166083915625 0.204725428125 0.16520979062500002 0.199475034375 0.171328671875 0.204725428125 0.18444055937499998 0.2257226265625 0.2045454546875 0.23622122656250003 0.2045454546875
1 0.199475034375 0.19055944062500002 0.1876638359375 0.1896853140625 0.1614162421875 0.19318181875 0.1522302421875 0.1993007 0.1364834359375 0.2045454546875 0.11679883437500001 0.21853146875 0.1207344421875 0.2263986015625 0.13779603437500001 0.225524475 0.1456694375 0.228146853125 0.1666666359375 0.222027971875 0.1929142296875 0.2071678328125 0.2007876328125 0.197552446875 0.199475034375 0.19055944062500002
1 0.1181092453125 0.24125874062500002 0.1312330421875 0.246503496875 0.167979234375 0.246503496875 0.1797904328125 0.24388111875 0.2007876328125 0.23513985937499998 0.199475034375 0.225524475 0.1824156296875 0.2272727265625 0.1666666359375 0.225524475 0.1469820359375 0.228146853125 0.122047040625 0.2263986015625 0.1181092453125 0.22989510468750002 0.1181092453125 0.24125874062500002
1 0.461942215625 0.2491258734375 0.4803142171875 0.2491258734375 0.492125415625 0.24388111875 0.51049960625 0.2263986015625 0.5091870078125 0.21678321718750002 0.4960632109375 0.21241258749999997 0.48687720937499995 0.21328671406250002 0.46850302031249996 0.209790209375 0.44881841875 0.2106643359375 0.4475058203125 0.221153846875 0.461942215625 0.2491258734375
1 0.5564296125 0.2106643359375 0.5118100171875 0.1949300703125 0.5013114171875 0.1949300703125 0.49868840781249996 0.196678321875 0.49868840781249996 0.2071678328125 0.5262464125 0.2272727265625 0.539370209375 0.23076923124999998 0.569553409375 0.2447552453125 0.5905506093749999 0.25 0.6167982015625 0.25087412656249997 0.6194233984374999 0.2491258734375 0.6194233984374999 0.24038461562500002 0.59317580625 0.2263986015625 0.5682408109375 0.21940559375 0.5564296125 0.2106643359375
1 0.5721786062499999 0.200174825 0.5656178015625 0.202797203125 0.5603674078124999 0.2106643359375 0.569553409375 0.21765734218750002 0.58267720625 0.22027972031249998 0.5997366109375 0.2272727265625 0.606299603125 0.225524475 0.6181108 0.2272727265625 0.6220464078125 0.22377622343749998 0.6312345968749999 0.2229020984375 0.64435620625 0.2115384609375 0.6404205984375 0.20192307656250003 0.6286094 0.1949300703125 0.59317580625 0.196678321875 0.5721786062499999 0.200174825
1 0.6469814031250001 0.24388111875 0.6587926015625001 0.23688811250000003 0.662730396875 0.23164335625 0.667978603125 0.23076923124999998 0.6758520046875 0.225524475 0.7020995984375 0.22027972031249998 0.733595396875 0.2106643359375 0.7191611906250001 0.20104895156249997 0.7047247953125 0.197552446875 0.682414996875 0.197552446875 0.662730396875 0.20629370625000001 0.6469814031250001 0.2071678328125 0.641733196875 0.21765734218750002 0.625984203125 0.2325174828125 0.625984203125 0.2421328671875 0.6299219984375 0.2456293703125 0.6469814031250001 0.24388111875
1 0.7191611906250001 0.25 0.7598429906249999 0.24737762187499998 0.7755897968750001 0.24825174843750003 0.7939639875 0.2421328671875 0.79789959375 0.23076923124999998 0.7939639875 0.22377622343749998 0.7769023953125 0.2141608390625 0.7585303921875 0.2141608390625 0.7283471921875 0.209790209375 0.7257219953125 0.2106643359375 0.7230967984375 0.21940559375 0.713910796875 0.21678321718750002 0.7047247953125 0.22377622343749998 0.698161803125 0.2325174828125 0.6968513921875 0.2421328671875 0.7007869999999999 0.24737762187499998 0.7191611906250001 0.25
1 0.7821527890625 0.215034965625 0.8044625859375 0.22027972031249998 0.8149611859375 0.21940559375 0.8188967937499999 0.2071678328125 0.8149611859375 0.19405594375 0.8018373890625 0.18444055937499998 0.78871359375 0.1835664328125 0.7834653874999999 0.1853146859375 0.7729667874999999 0.19318181875 0.7716541890624999 0.20629370625000001 0.7821527890625 0.215034965625
1 0.5603674078124999 0.1573426578125 0.5629926046875 0.1424825171875 0.5682408109375 0.1328671328125 0.5971136015625 0.12150349687499999 0.5984262 0.1118881125 0.5721786062499999 0.10314685312500001 0.5551192015625 0.10402097968749999 0.539370209375 0.1171328671875 0.5249338140625001 0.12150349687499999 0.523621215625 0.127622378125 0.5078744093750001 0.13986014062500002 0.5039366140625 0.1520979015625 0.5091870078125 0.1582167828125 0.5354324140625 0.1643356640625 0.553806603125 0.1625874125 0.5603674078124999 0.1573426578125
1 0.64435620625 0.0541958046875 0.6404205984375 0.062062937500000005 0.6456688046875 0.08828671406250001 0.6509191984375 0.0987762234375 0.6587926015625001 0.10664335625000002 0.6706037984375001 0.110139859375 0.6797898 0.10576923125 0.6902884 0.09353146875 0.6942261953125 0.0585664328125 0.68504019375 0.0506993 0.652231796875 0.0506993 0.64435620625 0.0541958046875
1 0.7178485921875 0.1853146859375 0.7322827984375 0.1835664328125 0.7362205937499999 0.1800699296875 0.7375331921875 0.172202796875 0.72703459375 0.1625874125 0.7125981984374999 0.1547202796875 0.7073499921875 0.1486013984375 0.7007869999999999 0.15034965 0.6902884 0.1424825171875 0.6863527921875 0.134615384375 0.6811023984375 0.133741259375 0.6732289953125 0.128496503125 0.6561674046875 0.1118881125 0.6469814031250001 0.1136363640625 0.639108 0.1197552453125 0.6377954015625 0.1328671328125 0.6509191984375 0.159965034375 0.6797898 0.174825175 0.703412196875 0.1826923078125 0.7178485921875 0.1853146859375
1 0.7847779859374999 0.1118881125 0.7795275921875 0.1048951046875 0.770341590625 0.10052447499999999 0.7349079953125 0.0979020984375 0.7112856 0.09965035 0.6863527921875 0.10576923125 0.6797898 0.1127622375 0.6837275953125 0.11888111875 0.692913596875 0.12150349687499999 0.7125981984374999 0.11888111875 0.76771639375 0.11888111875 0.7795275921875 0.1171328671875 0.7847779859374999 0.1118881125
1 0.8149611859375 0.077797203125 0.8202093921875001 0.06818181875 0.816273784375 0.05594405625 0.7992121921875001 0.046328671875 0.7821527890625 0.046328671875 0.7690289921875 0.0506993 0.7585303921875 0.0585664328125 0.754592596875 0.06818181875 0.7480317921874999 0.0734265734375 0.7532799984375 0.0830419578125 0.76771639375 0.0926573421875 0.7755897968750001 0.0917832171875 0.7834653874999999 0.0979020984375 0.791338790625 0.097027971875 0.7939639875 0.0917832171875 0.8149611859375 0.077797203125
1 0.8425191906249999 0.13199300625 0.8385835828125 0.12237762187500001 0.8280849828125 0.12062937031250001 0.7821527890625 0.12412587343749999 0.7769023953125 0.12237762187500001 0.7506569890625 0.12150349687499999 0.7454065953125 0.1267482515625 0.7454065953125 0.1354895109375 0.7519695875 0.1520979015625 0.75721779375 0.1582167828125 0.786088396875 0.177447553125 0.7992121921875001 0.18094405625 0.8136485875 0.1765734265625 0.8293953937499999 0.1643356640625 0.8412065921874999 0.14423076875000002 0.8425191906249999 0.13199300625
1 0.8858261875 0.1075174828125 0.8753275875 0.1013986015625 0.8582681843750001 0.1013986015625 0.8464569859375001 0.110139859375 0.847769584375 0.12237762187500001 0.8595807828125 0.13024475468750002 0.8740149890625 0.1293706296875 0.8858261875 0.12062937031250001 0.8858261875 0.1075174828125
1 1 0.0745024015625 0.9816283718750001 0.06555944062499999 0.9698171734375001 0.0664335671875 0.9658793781250001 0.07167832187499999 0.9566933765625001 0.0769230765625 0.9540681796875001 0.0821678328125 0.937008775 0.0926573421875 0.9133863796874999 0.10052447499999999 0.9042003781249999 0.1013986015625 0.898949984375 0.10664335625000002 0.8976373859375 0.11451048906250001 0.9028877796874999 0.12150349687499999 0.9343835781250001 0.1381118875 0.9435695796875001 0.1363636359375 0.9527555812499999 0.128496503125 0.96325418125 0.1127622375 0.9790031750000001 0.1013986015625 1 0.0910927359375 1 0.0745024015625
1 0.83989399375 0.1608391609375 0.8517051921875 0.16520979062500002 0.8595807828125 0.1730769234375 0.86089338125 0.1923076921875 0.8556429874999999 0.203671328125 0.8556429874999999 0.21328671406250002 0.862203790625 0.21940559375 0.8884513843749999 0.22902097968750001 0.8963247875 0.22377622343749998 0.909448584375 0.22465035000000003 0.92257238125 0.221153846875 0.9251975781249999 0.21678321718750002 0.9212597828125 0.19580419531249998 0.92257238125 0.1800699296875 0.9330709796875001 0.16520979062500002 0.947507375 0.1582167828125 0.9435695796875001 0.149475525 0.9304457828125001 0.140734265625 0.9212597828125 0.1372377625 0.9120737812499999 0.1372377625 0.8976373859375 0.133741259375 0.8753275875 0.1354895109375 0.8517051921875 0.14160839218750002 0.8412065921874999 0.1486013984375 0.8385835828125 0.1547202796875 0.83989399375 0.1608391609375