1 0.9628108890625 0.8580249375 0.9876026609374999 0.8641982718750001 0.9999996609374999 0.845678271875 0.9917364796875001 0.790122715625 0.9628108890625 0.8024693828125 0.9545454796874999 0.845678271875 0.9628108890625 0.8580249375
1 0.9173544796875 0.450618271875 0.933885296875 0.42592493749999993 0.933885296875 0.38271605000000003 0.9132228890625 0.3518516046875 0.89256270625 0.35802493750000003 0.8884288890625 0.395062715625 0.871900296875 0.4197538265625 0.8884288890625 0.450618271875 0.9173544796875 0.450618271875
1 0.8595032968749999 0 0.8595032968749999 0.030864937500000002 0.876034115625 0.05555605 0.9132228890625 0.049382715625000004 0.933885296875 0.0246916046875 0.9362461609375 0 0.8595032968749999 0
1 0.921488296875 0.8271604937499999 0.9462800703124999 0.8209871609375 0.9628108890625 0.790122715625 0.9628108890625 0.7592582718750001 0.9256198890625 0.7530871609374999 0.90495970625 0.777778271875 0.90495970625 0.808642715625 0.921488296875 0.8271604937499999
1 0.863637115625 0.24074049375 0.863637115625 0.191358271875 0.834711525 0.17284049375 0.822314525 0.1790116046875 0.834711525 0.2530871609375 0.85537170625 0.259258271875 0.863637115625 0.24074049375
1 0.6942151609375 0.6481471609375 0.7231407515625 0.6481471609375 0.7396693437499999 0.6296293828125 0.7355377515625 0.5740738265625 0.7107437515624999 0.5679004937500001 0.6859497515624999 0.5925916046874999 0.6818181609375 0.6234560499999999 0.6942151609375 0.6481471609375
1 0.6322323890625 0.2654316046875 0.6280985703125 0.15432049375 0.6074383890624999 0.11728493749999999 0.566115796875 0.1111116046875 0.56198420625 0.1666671609375 0.590909796875 0.308642715625 0.603306796875 0.308642715625 0.6322323890625 0.2654316046875
1 0.5697882484375 0 0.5702473890624999 0.0061738265625 0.590909796875 0.03703605 0.6322323890625 0.03703605 0.6487609796875 0.0061738265625 0.6487609796875 0 0.5697882484375 0
3 0.6528925703125 0.8518516046875 0.6776865703125 0.8333338265625001 0.6859497515624999 0.808642715625 0.6818181609375 0.7839516046874999 0.6446271609374999 0.777778271875 0.6528925703125 0.8518516046875
1 0.5289247968749999 0.845678271875 0.5413217968749999 0.8333338265625001 0.54958720625 0.777778271875 0.5413217968749999 0.7592582718750001 0.520661615625 0.7592582718750001 0.48347061562500004 0.79629605 0.479339025 0.8148138265625 0.49173602499999997 0.845678271875 0.5289247968749999 0.845678271875
1 0.3140486609375 0.6790116046875 0.3429742515625 0.6481471609375 0.3471080703125 0.604938271875 0.3305794796875 0.5679004937500001 0.29338847968750004 0.58642049375 0.2644628890625 0.6296293828125 0.2644628890625 0.65432049375 0.2768598890625 0.67284049375 0.3140486609375 0.6790116046875
2 0 0.3063263328125 0.0206611609375 0.3333338265625 0.053718343749999994 0.3518516046875 0.11156952499999999 0.3518516046875 0.23140570624999998 0.1790116046875 0.23553729687499997 0.08642049375000001 0.20661170625 0.0740738265625 0.148760525 0.104938271875 0.057852160937499994 0.11728493749999999 0 0.10157100625 0 0.3063263328125
1 0.86776870625 0.932098271875 0.9008258890624999 0.9197538265625 0.9256198890625 0.8641982718750001 0.9256198890625 0.8333338265625001 0.9132228890625 0.8209871609375 0.876034115625 0.8209871609375 0.8595032968749999 0.8333338265625001 0.84297470625 0.8641982718750001 0.847108525 0.91358049375 0.86776870625 0.932098271875
1 0.3099170703125 0.8580249375 0.3099170703125 0.8148138265625 0.29338847968750004 0.79629605 0.2892568890625 0.7716049375 0.2396688890625 0.7839516046874999 0.21900870625 0.808642715625 0.21900870625 0.845678271875 0.23140570624999998 0.8703693828124999 0.2809914796875 0.8888893828125 0.3099170703125 0.8580249375
4 1 0.6428215671874999 0.7547084421875 1 0.9323768921875001 1 1 0.7706383828125001 1 0.6428215671874999
3 0.082643934375 0.703702715625 0.07851234375 0.6666671609375 0.053718343749999994 0.635802715625 0.0165295703125 0.6296293828125 0.0289265703125 0.72839605 0.0454551609375 0.7530871609374999 0.06611534375 0.7592582718750001 0.082643934375 0.703702715625