1 0.0672831734375 0.235500878125 0.0831130765625 0.23022847031250002 0.08707165156249999 0.2249560625 0.07651765 0.2029876984375 0.07783717500000001 0.18980667812500002 0.0844326015625 0.1810193328125 0.1055406046875 0.16608084375 0.10817965468749999 0.1608084359375 0.100264703125 0.153778559375 0.0804740265625 0.1449912125 0.072559075 0.14323374375 0.046175171875 0.14323374375 0.017150018750000003 0.1502636203125 0.0039569671874999995 0.1616871703125 5.906250000000001e-7 0.1695957828125 0.0065960171875 0.1739894546875 0.01846954375 0.191564146875 0.01978906875 0.224077328125 0.0250649703125 0.23110720625 0.040897071875 0.23462214375 0.0672831734375 0.235500878125
1 0 0.4818984546875 0.0026374421875 0.4833040421875 0.01583049375 0.48418277656250003 0.0290235453125 0.48242530781250004 0.040897071875 0.47891036875 0.048812021875 0.4736379609375 0.050131546875 0.456942003125 0.047492496875 0.4507908609375 0.038258021875 0.4402460453125 0.0290235453125 0.4349736375 0.0065960171875 0.4349736375 0 0.43995302656249996 0 0.4818984546875
1 0 0.2908753359375 0.0970054765625 0.28022847031250003 0.08733555625 0.275219684375 0.025025384374999998 0.27449912187500003 0.0185883015625 0.27950790937500003 0 0.2905128828125 0 0.2908753359375
1 0 0.31458673125000003 0.0118741171875 0.319859403125 0.0250649703125 0.3207381375 0.039577546875 0.3304042171875 0.048812021875 0.333040421875 0.0646441234375 0.34182776875 0.0738786 0.34973637968750004 0.0738786 0.3585237265625 0.0686005 0.36818980625000003 0.050131546875 0.390158171875 0.050131546875 0.40158172187499996 0.059366023437500005 0.40333919218750003 0.0831130765625 0.39103690625 0.1015820296875 0.37609841875 0.1094991796875 0.365553603125 0.12400955625000001 0.357644990625 0.12796813125 0.3523725828125 0.12928765625 0.3391915640625 0.12400955625000001 0.331282953125 0.12269223124999999 0.323374340625 0.11741413125 0.3207381375 0.1094991796875 0.3251318109375 0.097625653125 0.319859403125 0.08707165156249999 0.3189806671875 0.072559075 0.3145869953125 0.043536121875 0.30228470937499996 0.030343070312499998 0.300527240625 0.01846954375 0.2961335671875 0.0065960171875 0.2943760984375 0 0.2953524125 0 0.31458673125000003
1 0.1438002328125 0.3154657296875 0.1332462328125 0.3145869953125 0.12400955625000001 0.3207381375 0.12400955625000001 0.3374340953125 0.1319267078125 0.3594024609375 0.1398416578125 0.369068540625 0.149076134375 0.3708260109375 0.1583106109375 0.3629173984375 0.1622691859375 0.354130053125 0.1622691859375 0.344463971875 0.1596301359375 0.335676625 0.154354234375 0.3295254828125 0.154354234375 0.321616871875 0.1438002328125 0.3154657296875
1 0.23219081875 0.26274165156249996 0.21635871718750002 0.268014059375 0.20976329218749998 0.2732864671875 0.20448519062499998 0.2838312828125 0.2084437671875 0.300527240625 0.22691271875000002 0.308435853125 0.24934024687499998 0.31107205625 0.2585747234375 0.3154657296875 0.271767775 0.3145869953125 0.2889172015625 0.2926186296875 0.28759987656249997 0.27592267187499997 0.279682725 0.268014059375 0.27044825 0.26362038593750003 0.2559356734375 0.2609841828125 0.23219081875 0.26274165156249996
1 0.248020721875 0.31107205625 0.21635871718750002 0.308435853125 0.201846140625 0.312829525 0.1912921390625 0.319859403125 0.1886552890625 0.3260105453125 0.1899726140625 0.3374340953125 0.200526615625 0.3506151140625 0.21108281718750002 0.3506151140625 0.2335081453125 0.3321616875 0.2440643453125 0.3277680140625 0.2625332984375 0.3251318109375 0.2664896734375 0.32249560625 0.2625332984375 0.3163444640625 0.248020721875 0.31107205625
1 0.7255942296875 0.5949033390625 0.713720703125 0.601933215625 0.712401178125 0.6133567656250001 0.7255942296875 0.623022846875 0.7427436562499999 0.6221441125 0.7519781328125 0.61247803125 0.7519781328125 0.6028119515625 0.7374677562499999 0.5949033390625 0.7255942296875 0.5949033390625
1 0.3970984640625 0.46572935 0.40105484062499996 0.47451669531249996 0.407652465625 0.478031634375 0.4208433171875 0.479789103125 0.456463896875 0.4806678390625 0.46437884843750005 0.4771529 0.4670178984375 0.4718804921875 0.4670178984375 0.46485061562499996 0.463061521875 0.45869947343749995 0.4485489453125 0.4490333921875 0.44327084531249994 0.4481546578125 0.4142478921875 0.453427065625 0.399735315625 0.4613356765625 0.3970984640625 0.46572935
2 0.303429778125 0.36467486875 0.3654342609375 0.39894551875 0.3773077875 0.42179261874999996 0.38654446249999996 0.43057996562499995 0.41292836718750003 0.4349736375 0.4670178984375 0.434094903125 0.4881259015625 0.4270650265625 0.4973625765625 0.420913884375 0.5065970531249999 0.4042179265625 0.5158315296875 0.39894551875 0.5329809562500001 0.3945518453125 0.555408484375 0.376977153125 0.5883900125 0.36028119531249997 0.6015830640625001 0.3479789109375 0.606861165625 0.3260105453125 0.5923485890625 0.2934973640625 0.5699210609375001 0.2715289984375 0.5488130578125 0.26362038593750003 0.5329809562500001 0.2609841828125 0.5092339031249999 0.26274165156249996 0.461741996875 0.27240773281249997 0.4498684703125 0.27240773281249997 0.43931447031250004 0.268014059375 0.43007999375 0.26977152968749996 0.4168869421875 0.268014059375 0.41160884218750005 0.26537785625 0.3627974109375 0.2609841828125 0.33113540625 0.2618629171875 0.3179423546875 0.26713532500000003 0.2968343515625 0.2838312828125 0.277045875 0.324253075 0.2783632 0.3391915640625 0.28759987656249997 0.35325131875000004 0.303429778125 0.36467486875
1 0.5963071640625001 0.2811950796875 0.6002635390625 0.298769771875 0.613456590625 0.308435853125 0.6543530718749999 0.31107205625 0.6688656484375 0.3049209140625 0.6807391734375 0.2917398953125 0.6781001234375 0.2741652015625 0.6688656484375 0.264499121875 0.6451185953125 0.25922671406250003 0.6292886921874999 0.2601054484375 0.612137065625 0.264499121875 0.6002635390625 0.27240773281249997 0.5963071640625001 0.2811950796875
1 0.660950696875 0.3172231984375 0.6517140218749999 0.313708259375 0.63456459375 0.313708259375 0.6292886921874999 0.3154657296875 0.6226910671875 0.321616871875 0.6279691671875 0.3374340953125 0.63456459375 0.3409490328125 0.6517140218749999 0.34007029843750003 0.663587546875 0.3304042171875 0.660950696875 0.3172231984375
1 0.712401178125 0.3145869953125 0.68997365 0.3207381375 0.666226596875 0.3321616875 0.664907071875 0.3409490328125 0.6675461234375 0.34622144062500004 0.6728242234375 0.34973637968750004 0.686015075 0.3523725828125 0.7374677562499999 0.3365553609375 0.74142413125 0.3321616875 0.74142413125 0.3260105453125 0.7374677562499999 0.319859403125 0.7269137546875 0.3154657296875 0.712401178125 0.3145869953125
1 0.6042221140625 0.3506151140625 0.5646429609375 0.3743409484375 0.5118729531249999 0.4121265375 0.5105534281249999 0.420913884375 0.5145120046875 0.42355008749999995 0.555408484375 0.42442882187500003 0.5686015359375001 0.41915641406250004 0.5738796359375 0.422671353125 0.5897095375 0.42618629218750004 0.63324506875 0.4279437609375 0.6464381203125 0.4253075578125 0.656992121875 0.4147627421875 0.658311646875 0.4050966609375 0.6543530718749999 0.38312829531250003 0.6451185953125 0.367311071875 0.6279691671875 0.3523725828125 0.6187324921874999 0.34973637968750004 0.6042221140625 0.3506151140625
1 0.7915572875 0.48418277656250003 0.7902377625 0.4710017578125 0.765171184375 0.456942003125 0.761214809375 0.44288225 0.7519781328125 0.43321616875 0.7255942296875 0.42970122968749996 0.713720703125 0.43057996562499995 0.693932225 0.442003515625 0.69525175 0.4507908609375 0.7018471765625 0.453427065625 0.73350918125 0.45782073749999996 0.7453827078125 0.4692442875 0.7532976578125 0.48242530781250004 0.7519781328125 0.49033391875000004 0.7572562328125 0.49648506093749994 0.765171184375 0.500878734375 0.7757251859375 0.500878734375 0.7862791875 0.4929701234375 0.7915572875 0.48418277656250003
1 0.7968331890625 0.34007029843750003 0.8047503390624999 0.34534270624999996 0.813984815625 0.344463971875 0.813984815625 0.334797890625 0.8007917640625 0.3145869953125 0.7981527140625 0.289982425 0.7928768125000001 0.28031634375 0.7823228109375 0.27065026406250003 0.763851659375 0.26625659062499996 0.7374677562499999 0.26625659062499996 0.73087013125 0.264499121875 0.688654125 0.264499121875 0.683378225 0.26713532500000003 0.7005276515625 0.2961335671875 0.713720703125 0.30667838281250004 0.7282332796875 0.3075571171875 0.73878728125 0.312829525 0.7440631828125001 0.319859403125 0.7691297593749999 0.3251318109375 0.7744056609375 0.331282953125 0.7796837609375 0.3321616875 0.7902377625 0.3391915640625 0.7968331890625 0.34007029843750003
2 1 0.22506704531250002 0.93893064375 0.23601933281249998 0.8524137843749999 0.2670474515625 0.80747955625 0.2947627421875 0.8058169546875 0.3113884 0.8224539671875 0.34463971875 0.8540763859375 0.38675746875 1 0.344149621875 1 0.22506704531250002
1 0.8759101265625 0.36803163437499997 0.9130613546875 0.36679261875 0.9399862640625001 0.354420034375 0.9390494015625 0.34885764531249996 0.9214117500000001 0.349472759375 0.9037740968750001 0.3538049203125 0.8749864593750001 0.365553603125 0.8759101265625 0.36803163437499997
1 0 0.5579964703125 0.01846954375 0.564147628125 0.0277040203125 0.564147628125 0.039577546875 0.5606326890625 0.050131546875 0.5536028125 0.050131546875 0.543057996875 0.0606855484375 0.5342706500000001 0.0672831734375 0.52108963125 0.0659636484375 0.51318101875 0.0686005 0.5043936734375001 0.0659636484375 0.49472759218749995 0.0620050734375 0.489455184375 0.047492496875 0.48154657343749996 0.0277040203125 0.4833040421875 0.007915542187500001 0.48857644999999994 0.0026374421875 0.4920913890625 0 0.49701094375 0 0.5579964703125
1 0.0646441234375 0.5615114234374999 0.07783717500000001 0.5597539546875 0.08707165156249999 0.5518453421875 0.0857521265625 0.5377855890625 0.0804740265625 0.5316344468749999 0.072559075 0.5298769765625 0.0580464984375 0.533391915625 0.048812021875 0.543057996875 0.050131546875 0.5544815468750001 0.0554096484375 0.5588752203125 0.0646441234375 0.5615114234374999
1 0.2625332984375 0.4736379609375 0.2585747234375 0.46748681875000003 0.2414252953125 0.45782073749999996 0.22823224375 0.453427065625 0.21108281718750002 0.45430580000000004 0.200526615625 0.45782073749999996 0.1899726140625 0.46485061562499996 0.18205766406249999 0.48154657343749996 0.1833771890625 0.4920913890625 0.193931190625 0.5070298765625 0.2137196671875 0.5140597546875 0.22691271875000002 0.51318101875 0.24934024687499998 0.5052724078125 0.2559356734375 0.500878734375 0.2612137734375 0.49033391875000004 0.2625332984375 0.4736379609375
1 0.346965309375 0.5035149390625 0.357519309375 0.5166959578125 0.3680733109375 0.5228471 0.3799468375 0.5228471 0.3970984640625 0.5158172234375 0.4168869421875 0.502636203125 0.4182064671875 0.49472759218749995 0.4155674171875 0.49033391875000004 0.3918203640625 0.4736379609375 0.37862731250000004 0.45869947343749995 0.3812663625 0.4402460453125 0.37862731250000004 0.43145870000000003 0.349604359375 0.4288224953125 0.32585730625 0.43321616875 0.308707878125 0.442003515625 0.29287577656249997 0.453427065625 0.28759987656249997 0.46485061562499996 0.28759987656249997 0.47539543125000006 0.2981538765625 0.48418277656250003 0.32321825625 0.49033391875000004 0.33113540625 0.49824253125 0.3377308328125 0.500878734375 0.33905035781250004 0.5052724078125 0.346965309375 0.5035149390625
1 0.501318953125 0.5184534265625 0.5250660046875 0.5052724078125 0.5329809562500001 0.4920913890625 0.552769434375 0.47891036875 0.5844336375 0.47451669531249996 0.5844336375 0.45782073749999996 0.5804750624999999 0.4507908609375 0.560686584375 0.434094903125 0.5461740078124999 0.4288224953125 0.53166143125 0.42618629218750004 0.5237464796875 0.4279437609375 0.5052775281249999 0.42618629218750004 0.4960430515625 0.4279437609375 0.4907649515625 0.43233743437500005 0.48680637656250003 0.45869947343749995 0.457783421875 0.48242530781250004 0.455144371875 0.48857644999999994 0.45910294687500003 0.49824253125 0.484169525 0.5166959578125 0.501318953125 0.5184534265625
1 0.6490771703125 0.44551845312499994 0.6464381203125 0.4402460453125 0.613456590625 0.43936731093750003 0.5989440140625 0.442003515625 0.5897095375 0.4507908609375 0.5910290640625 0.46836555312500006 0.606861165625 0.47451669531249996 0.6530335468749999 0.51318101875 0.6688656484375 0.5149384890625 0.686015075 0.5035149390625 0.68997365 0.49824253125 0.691293175 0.48681898125 0.68469555 0.4718804921875 0.6688656484375 0.456942003125 0.6490771703125 0.44551845312499994
1 0.713720703125 0.55711775 0.73614823125 0.5483304046875 0.7467022328125 0.5395430578125 0.763851659375 0.5184534265625 0.762532134375 0.5052724078125 0.7559367078125 0.49912126562500003 0.73878728125 0.4956063265625 0.713720703125 0.49648506093749994 0.6992081265625 0.500878734375 0.691293175 0.500878734375 0.6741415484375 0.51318101875 0.6688656484375 0.520210896875 0.6675461234375 0.5272407734375 0.6701851734375001 0.53602811875 0.691293175 0.55536028125 0.6978886015625 0.557996484375 0.7058057515625 0.556239015625 0.713720703125 0.55711775
1 1 0.49560622343749994 0.9920855124999999 0.4938488578125 0.9802119859375 0.49472759218749995 0.9577844578124999 0.5052724078125 0.9538258828125 0.5114235500000001 0.9564649328125 0.52108963125 0.967018934375 0.5281195078125 0.972294834375 0.53602811875 0.9815293109375001 0.5395430578125 0.9881269359375 0.5456942 0.9960418875 0.5456942 1 0.5483300953125 1 0.49560622343749994
1 0 0.706753725 0.050131546875 0.709138840625 0.075198125 0.6977152906249999 0.0791567 0.686291740625 0.072559075 0.6722319859375 0.059366023437500005 0.664323375 0.050131546875 0.6616871703125 0.0316625953125 0.6616871703125 0.001320115625 0.6695957828125 0 0.6695078546875 0 0.706753725
1 0 0.6288814671875 0.0026374421875 0.6300527234375 0.0263844953125 0.6502636203125001 0.0369384953125 0.6493848859375 0.0567291734375 0.63532513125 0.0738786 0.6274165203125001 0.08839117656249999 0.6045694203124999 0.0831130765625 0.5878734624999999 0.0620050734375 0.565905096875 0.051451071875 0.5615114234374999 0 0.5803952875 0 0.6288814671875
1 0.12269223124999999 0.6133567656250001 0.1332462328125 0.61247803125 0.1411611828125 0.6080843578125 0.150395659375 0.5957820734375 0.1398416578125 0.57996485 0.12664860625000002 0.5738137078125 0.10817965468749999 0.5729349734375 0.08839117656249999 0.579086115625 0.08707165156249999 0.5913884 0.09234755312500001 0.600175746875 0.100264703125 0.6054481546875 0.12269223124999999 0.6133567656250001
2 0.1306071828125 0.5738137078125 0.147756609375 0.5764499125 0.17941861406249998 0.564147628125 0.193931190625 0.5623901578125 0.2189977671875 0.5536028125 0.2335081453125 0.5527240765625 0.2783632 0.54393673125 0.2889172015625 0.546572934375 0.32453778125 0.543057996875 0.3350917828125 0.53602811875 0.32585730625 0.5035149390625 0.310027403125 0.49736379687500004 0.274406825 0.5035149390625 0.2625332984375 0.5035149390625 0.2216368171875 0.5149384890625 0.19920929062499998 0.5149384890625 0.17941861406249998 0.52108963125 0.12532908125 0.5316344468749999 0.11741413125 0.5395430578125 0.11741413125 0.5474516703125001 0.1306071828125 0.5738137078125
1 0.399735315625 0.55711775 0.398415790625 0.56678383125 0.4168869421875 0.5764499125 0.4459098953125 0.5966608078125 0.455144371875 0.598418278125 0.4696569484375 0.5852372578125 0.4736155234375 0.5773286468750001 0.4749350484375 0.5650263625 0.4696569484375 0.5509666078125 0.4406339953125 0.5413005265625 0.42348236874999995 0.5413005265625 0.406332940625 0.5492091390625 0.399735315625 0.55711775
1 0.47625237499999995 0.5448154656249999 0.47625237499999995 0.5764499125 0.4722959984375 0.5878734624999999 0.4736155234375 0.6177504390624999 0.4947235265625 0.63532513125 0.5211074296875 0.645869946875 0.5461740078124999 0.664323375 0.559367059375 0.6695957828125 0.5870704875 0.676625659375 0.6411600203125001 0.6775043937499999 0.658311646875 0.675746925 0.6926127 0.657293496875 0.707123078125 0.6449912125 0.711081653125 0.6370826015625 0.712401178125 0.6186291734375 0.708442603125 0.6133567656250001 0.711081653125 0.5949033390625 0.7058057515625 0.57996485 0.683378225 0.5518453421875 0.6715046984375 0.543057996875 0.659631171875 0.52108963125 0.6424795453125001 0.5158172234375 0.614776115625 0.5114235500000001 0.606861165625 0.5017574687499999 0.6002635390625 0.49736379687500004 0.5910290640625 0.4956063265625 0.5686015359375001 0.4956063265625 0.554088959375 0.5 0.53825905625 0.5017574687499999 0.48021095 0.5342706500000001 0.47625237499999995 0.5448154656249999
1 0.7480217578125 0.63181019375 0.716359753125 0.6414762734375 0.707123078125 0.6502636203125001 0.712401178125 0.652899825 0.7467022328125 0.652899825 0.7691297593749999 0.6485061515625 0.807387190625 0.6449912125 0.813984815625 0.642355009375 0.8153043406249999 0.632688928125 0.8047503390624999 0.6282952546875 0.7783642359375 0.6282952546875 0.7480217578125 0.63181019375
1 0.63192554375 0.7258347984375 0.63720364375 0.7249560625 0.6424795453125001 0.7188049203125 0.63192554375 0.710017575 0.5936681140625 0.6968365546874999 0.563325634375 0.691564146875 0.5435349578124999 0.691564146875 0.5356200062500001 0.6950790859375 0.54089810625 0.7038664328124999 0.560686584375 0.7065026359375 0.5989440140625 0.71968365625 0.63192554375 0.7258347984375
1 0.890501875 0.6414762734375 0.8759892984375 0.64323374375 0.8588398703125 0.652899825 0.84300776875 0.65817223125 0.8205802421874999 0.6564147625000001 0.807387190625 0.6608084359374999 0.7915572875 0.6608084359374999 0.7770447109374999 0.655536028125 0.761214809375 0.655536028125 0.7255942296875 0.6713532515625 0.7203161296875 0.6792618625 0.7203161296875 0.688049209375 0.7282332796875 0.698594025 0.766490709375 0.7047451671875 0.7770447109374999 0.70035149375 0.7823228109375 0.6933216171875001 0.7875987125 0.6968365546874999 0.7915572875 0.6968365546874999 0.7968331890625 0.6924428828125 0.8060676656249999 0.6942003515625 0.811345765625 0.691564146875 0.8535617703125 0.691564146875 0.8654352968750001 0.68892794375 0.8759892984375 0.691564146875 0.8970973015625001 0.6924428828125 0.9063317765625 0.689806678125 0.919524828125 0.6810193328125 0.924802928125 0.6739894546875 0.9261224531250001 0.6634446390625001 0.922163878125 0.655536028125 0.9129294031249999 0.6485061515625 0.890501875 0.6414762734375
2 1 0.5534856593749999 0.9656994093750001 0.5527240765625 0.9551454078124999 0.557996484375 0.9564649328125 0.5922671359375 0.964379884375 0.6063268890625 1 0.6063268890625 1 0.5534856593749999
1 0 0.777973125 0.007915542187500001 0.7820738140625 0.0329821203125 0.8031634453125 0.040897071875 0.8057996484375 0.0580464984375 0.8049209140625001 0.0738786 0.7978910375 0.08707165156249999 0.78822495625 0.09234755312500001 0.78031634375 0.09102802812500001 0.7715289984375 0.069920025 0.7609841828125 0.0580464984375 0.7495606328125 0.048812021875 0.744288225 0.044855646875 0.73110720625 0.051451071875 0.7179261859375 0.046175171875 0.710896309375 0.0323223578125 0.7074692437500001 0.001320115625 0.712653778125 0 0.71318134375 0 0.777973125
1 0.08839117656249999 0.8207381375 0.11081870468749999 0.8233743406249999 0.12664860625000002 0.8224956062500001 0.1424807078125 0.8172231984374999 0.1781012875 0.810193321875 0.1899726140625 0.798769771875 0.193931190625 0.778558875 0.1846967140625 0.7486818984375 0.1688646125 0.7188049203125 0.155673759375 0.71177504375 0.147756609375 0.71177504375 0.1424807078125 0.7179261859375 0.149076134375 0.745166959375 0.149076134375 0.75746924375 0.1438002328125 0.7724077328125001 0.12269223124999999 0.789103690625 0.10422107968750001 0.7952548328125 0.0844326015625 0.8049209140625001 0.0804740265625 0.811950790625 0.0831130765625 0.8181019328125 0.08839117656249999 0.8207381375
1 0.302110253125 0.78031634375 0.303429778125 0.764499121875 0.2981538765625 0.7504393671875 0.2849608265625 0.7390158171875 0.2664896734375 0.7337434093749999 0.25461834687499996 0.7337434093749999 0.248020721875 0.7372583484375 0.23087129375 0.7565905093749999 0.200526615625 0.7820738140625 0.196570240625 0.7952548328125 0.201846140625 0.8093145875 0.21635871718750002 0.813708259375 0.248020721875 0.8172231984374999 0.27044825 0.8110720562499999 0.28759987656249997 0.801405975 0.302110253125 0.78031634375
2 0.24010577031250002 0.55711775 0.2335081453125 0.5606326890625 0.22031729218749999 0.5623901578125 0.20580471562499997 0.567662565625 0.17941861406249998 0.5843585234375 0.1741427125 0.5852372578125 0.16490823593749998 0.5913884 0.147756609375 0.60896309375 0.12928765625 0.6335676625 0.12796813125 0.653778559375 0.1306071828125 0.6634446390625001 0.1438002328125 0.6775043937499999 0.1622691859375 0.6854130046875 0.1715036625 0.686291740625 0.1912921390625 0.6968365546874999 0.20448519062499998 0.6994727593750001 0.2374667203125 0.7152899828125 0.24934024687499998 0.7188049203125 0.306068828125 0.7504393671875 0.32585730625 0.7565905093749999 0.346965309375 0.76889279375 0.40501341562500004 0.7926186296875 0.44459037031250004 0.812829525 0.456463896875 0.8163444640625 0.4894454265625 0.8365553609375 0.49999942812500003 0.8383128296875 0.5158315296875 0.8347978906250001 0.5303441062500001 0.8286467484375001 0.54089810625 0.8189806671875001 0.5461740078124999 0.7917398953125 0.5435349578124999 0.7706502640624999 0.5448544828124999 0.745166959375 0.53825905625 0.7179261859375 0.5277050546875001 0.70035149375 0.5197879046875 0.678383128125 0.49999942812500003 0.6493848859375 0.4894454265625 0.6414762734375 0.48548905 0.6335676625 0.4696569484375 0.6177504390624999 0.4406339953125 0.5949033390625 0.3812663625 0.5623901578125 0.32453778125 0.5509666078125 0.3166228296875 0.5527240765625 0.310027403125 0.5492091390625 0.29419530156249996 0.5518453421875 0.282321775 0.5500878734375 0.27044825 0.5536028125 0.24010577031250002 0.55711775
1 0.5488130578125 0.753075571875 0.5474935328125 0.7592267140625 0.5501325828125 0.764499121875 0.5817945875 0.7706502640624999 0.5936681140625 0.775922671875 0.606861165625 0.7864674875000001 0.614776115625 0.78822495625 0.6187324921874999 0.78031634375 0.616095640625 0.764499121875 0.6055416390625 0.746924428125 0.5976244890625 0.7407732859375 0.5883900125 0.7381370828125 0.5686015359375001 0.7390158171875 0.5488130578125 0.753075571875
1 0.7744056609375 0.7978910375 0.7902377625 0.7970123015625 0.807387190625 0.7768014062499999 0.8324537671875 0.7609841828125 0.8522422453124999 0.754833040625 0.8588398703125 0.754833040625 0.866754821875 0.7504393671875 0.866754821875 0.7407732859375 0.8535617703125 0.721441125 0.8324537671875 0.709138840625 0.813984815625 0.7038664328124999 0.7902377625 0.7029876984375 0.7717688093749999 0.7047451671875 0.765171184375 0.7073813703125 0.766490709375 0.735500878125 0.763851659375 0.7434094906250001 0.7532976578125 0.7565905093749999 0.73482870625 0.7697715296875 0.7374677562499999 0.7794376093750001 0.7440631828125001 0.7855887515625 0.7744056609375 0.7978910375
1 0.9511868328125 0.724077328125 0.9432718812499999 0.722319859375 0.9182053031249999 0.722319859375 0.9116098765625 0.724077328125 0.8984168265625 0.7337434093749999 0.8944582499999999 0.75746924375 0.9036949265625 0.768014059375 0.9102903515625 0.7715289984375 0.9076513015625001 0.7794376093750001 0.9234834031249999 0.7829525484375 0.9577844578124999 0.7829525484375 0.969657984375 0.777680140625 0.9775729359374999 0.768014059375 0.9802119859375 0.7486818984375 0.9762534109375001 0.7407732859375 0.9511868328125 0.724077328125
1 0.967018934375 0.7811950796875 0.9498673078125 0.7838312828125 0.9023754015625001 0.7838312828125 0.890501875 0.7864674875000001 0.893140925 0.8031634453125 0.9023754015625001 0.8075571171875 0.9261224531250001 0.835676625 0.9340374046875001 0.84182776875 0.94459140625 0.844463971875 0.9591039828125 0.8321616875 0.9762534109375001 0.8040421796875 0.9841683609375 0.7961335671875001 0.9868074109375 0.7864674875000001 0.9828488359374999 0.7838312828125 0.967018934375 0.7811950796875
1 1 0.8167840625 0.9868074109375 0.8233743406249999 0.9788924609375 0.8330404218749999 0.9775729359374999 0.8506151140625 0.9815293109375001 0.857644990625 0.9894464624999999 0.8637961328125 1 0.867701359375 1 0.8167840625
1 0.8627962468750001 0.8251318109374999 0.8469663437499999 0.821616871875 0.8324537671875 0.8224956062500001 0.8126652906249999 0.8295254828124999 0.7994722390625 0.8383128296875 0.7928768125000001 0.8471001749999999 0.7955136640625 0.8585237265625001 0.819260715625 0.8664323375 0.8720307234375 0.8602811953125 0.88390425 0.854130053125 0.8865432999999999 0.8488576453125001 0.885223775 0.8409490328125001 0.8733502484375 0.8304042171875 0.8627962468750001 0.8251318109374999
1 0.4973625765625 0.855887521875 0.4973625765625 0.846221440625 0.4920844765625 0.8400702984375 0.4722959984375 0.8374340953124999 0.456463896875 0.84534270625 0.455144371875 0.857644990625 0.4683374234375 0.86818980625 0.47757189999999994 0.8699472765625 0.4934040015625 0.8629173984375 0.4973625765625 0.855887521875
1 0.72955060625 0.86818980625 0.73087013125 0.8409490328125001 0.7242747046875 0.824253075 0.707123078125 0.813708259375 0.6992081265625 0.8110720562499999 0.6794196484375 0.811950790625 0.6741415484375 0.813708259375 0.6701851734375001 0.8207381375 0.6701851734375001 0.8409490328125001 0.6728242234375 0.8471001749999999 0.686015075 0.8646748687500001 0.7031667015624999 0.8734622140624999 0.7097621281250001 0.8743409484375 0.712401178125 0.8796133562499999 0.715040228125 0.8796133562499999 0.715040228125 0.875219684375 0.7229551796875 0.8734622140624999 0.72955060625 0.86818980625
1 0.3773077875 0.8479789109375 0.36675378593749997 0.854130053125 0.3641169359375 0.8629173984375 0.36675378593749997 0.86818980625 0.3891813140625 0.8831282953124999 0.40105484062499996 0.8884007031250001 0.43007999375 0.890158171875 0.4459098953125 0.88752196875 0.455144371875 0.8822495609375001 0.457783421875 0.8717047453125 0.4511879953125 0.8550087874999999 0.43667541875 0.8479789109375 0.42348236874999995 0.84534270625 0.3878617890625 0.846221440625 0.3773077875 0.8479789109375
4 1 0.6456667781250001 0.9654355046875001 0.665149384375 0.9030615546874999 0.7200439375000001 0.883006971875 0.7838488578125 0.8941415640624999 0.849138840625 0.9431531234375001 0.915905096875 1 0.8740565796875 1 0.6456667781250001
1 0.6926127 0.7829525484375 0.707123078125 0.7715289984375 0.7216356546875 0.76889279375 0.73350918125 0.7627416515625 0.74010460625 0.7478031640625 0.73218965625 0.731985940625 0.7203161296875 0.7231985937500001 0.7044862265625 0.7179261859375 0.6754610734375001 0.7161687171875 0.6517140218749999 0.7205623906249999 0.63060601875 0.73110720625 0.6226910671875 0.7407732859375 0.617415165625 0.754833040625 0.617415165625 0.76537785625 0.6213715421875 0.7732864671875 0.6279691671875 0.7768014062499999 0.662270221875 0.7811950796875 0.6741415484375 0.7847100171875 0.686015075 0.7847100171875 0.6926127 0.7829525484375
1 0.42876046875 0.5369068546875 0.46569837343750003 0.535149384375 0.47757189999999994 0.5298769765625 0.47889142500000004 0.520210896875 0.4696569484375 0.510544815625 0.457783421875 0.5043936734375001 0.44327084531249994 0.5017574687499999 0.42216284374999996 0.502636203125 0.406332940625 0.510544815625 0.3970984640625 0.5246045687499999 0.399735315625 0.5316344468749999 0.42876046875 0.5369068546875
1 0.659631171875 0.3813708265625 0.659631171875 0.4121265375 0.6517140218749999 0.4288224953125 0.6530335468749999 0.44288225 0.659631171875 0.4481546578125 0.6754610734375001 0.4499121265625 0.686015075 0.43848857656250007 0.691293175 0.435852371875 0.6992081265625 0.43673110781249996 0.708442603125 0.43145870000000003 0.7203161296875 0.41915641406250004 0.73087013125 0.413005271875 0.7374677562499999 0.4042179265625 0.7519781328125 0.399824253125 0.7902377625 0.380492090625 0.811345765625 0.3734622140625 0.816621665625 0.36818980625000003 0.8126652906249999 0.3611599296875 0.7994722390625 0.3550087875 0.7836401375000001 0.342706503125 0.7572562328125 0.3365553609375 0.7427436562499999 0.3374340953125 0.716359753125 0.34622144062500004 0.68469555 0.3611599296875 0.659631171875 0.3813708265625
1 0.23878624531249998 0.43848857656250007 0.2572551984375 0.4472759234375 0.271767775 0.4481546578125 0.28759987656249997 0.4463971875 0.29419530156249996 0.443760984375 0.310027403125 0.43233743437500005 0.33113540625 0.42355008749999995 0.3416894078125 0.41652021093749997 0.354880259375 0.39894551875 0.348284834375 0.3892794375 0.3377308328125 0.38664323437500003 0.3179423546875 0.3725834796875 0.2862803515625 0.3550087875 0.277045875 0.3550087875 0.2361471953125 0.3699472765625 0.22559319375000003 0.37170474531250003 0.21503919218749998 0.378734621875 0.196570240625 0.399824253125 0.19525071562500002 0.4068541296875 0.22427366875 0.4253075578125 0.22955176875 0.43233743437500005 0.23878624531249998 0.43848857656250007
4 0 0.37254603125 0.0270178671875 0.4149209140625 0.09041004999999999 0.5407644984375 0.172440525 0.49274165156249994 0.1923345640625 0.398356765625 0.15628074218750002 0.2716871703125 0.0953824609375 0.268374340625 0 0.2852083015625 0 0.37254603125
1 0.6264091296875 1 0.63456459375 0.9929701234375001 0.63720364375 0.9841827765625 0.63060601875 0.9771528999999999 0.6002635390625 0.9630931453124999 0.5804750624999999 0.9604569421875 0.560686584375 0.9630931453124999 0.5501325828125 0.9683655531250001 0.5303441062500001 0.9736379609375 0.5250660046875 0.9771528999999999 0.5250660046875 0.9859402453125 0.53166143125 0.991212653125 0.5371585359375 1 0.6264091296875 1
1 0.46525926562500003 1 0.461741996875 0.9929701234375001 0.4498684703125 0.9850615109374999 0.4208433171875 0.9824253078125 0.41160884218750005 0.9841827765625 0.3918203640625 0.997363796875 0.3903358984375 1 0.46525926562500003 1
1 0.330816825 1 0.3205814046875 0.9868189812500001 0.3192618796875 0.9701230234375 0.32849635625 0.9507908609375001 0.32849635625 0.9446397187500001 0.32453778125 0.9393673109374999 0.308707878125 0.9367311078125 0.2968343515625 0.932337434375 0.2836413015625 0.932337434375 0.24934024687499998 0.9393673109374999 0.21635871718750002 0.9393673109374999 0.1860162390625 0.9472759234374999 0.1767817625 0.9516695953125 0.1688646125 0.9578207375 0.155673759375 0.9920913890625 0.1569910859375 0.9991212656249999 0.15749030625 1 0.330816825 1
1 0.6992081265625 0.942003515625 0.6754610734375001 0.9384885765625001 0.664907071875 0.9314587 0.660950696875 0.9165202109375 0.655672596875 0.9121265375000001 0.6424795453125001 0.91036906875 0.6213715421875 0.911247803125 0.5976244890625 0.922671353125 0.5949876390625 0.9332161687499999 0.6002635390625 0.9393673109374999 0.6042221140625 0.9411247796875 0.63852316875 0.943760984375 0.6543530718749999 0.9499121265625 0.666226596875 0.9578207375 0.6741415484375 0.9718804921875 0.688654125 0.9710017578125001 0.7031667015624999 0.9630931453124999 0.7058057515625 0.9463971875 0.6992081265625 0.942003515625
2 1 0.94162705625 0.9973614124999999 0.9393673109374999 0.969657984375 0.9297012296875 0.9591039828125 0.9288224953125 0.9511868328125 0.9209138843750001 0.93799378125 0.9182776796875001 0.9208443531249999 0.9077328640625 0.9063317765625 0.9050966609375 0.8522422453124999 0.8813708265625 0.84300776875 0.8813708265625 0.8232192921875001 0.8734622140624999 0.8126652906249999 0.87609841875 0.7889182375 0.90246045625 0.7875987125 0.9130052718749999 0.7902377625 0.9173989453125 0.8812673984374999 0.955184534375 0.890501875 0.9569420031250001 0.9577844578124999 0.9833040421874999 0.9736143609375001 0.9868189812500001 0.9841683609375 0.9815465734375 0.9960418875 0.9701230234375 1 0.9640966843750001 1 0.94162705625
1 1 0.1459285828125 0.9907659875 0.14674868125 0.9498673078125 0.1634446390625 0.924802928125 0.1836555359375 0.9234834031249999 0.19420035156249998 0.9340374046875001 0.221441125 0.9432718812499999 0.2284710015625 0.9525063578124999 0.23110720625 1 0.225081575 1 0.1459285828125
1 0.5488130578125 0.1616871703125 0.5448544828124999 0.168717046875 0.5620061093750001 0.17750439375 0.5897095375 0.1827768015625 0.6015830640625001 0.1827768015625 0.614776115625 0.1792618625 0.6226910671875 0.1704745171875 0.6213715421875 0.1616871703125 0.614776115625 0.152899825 0.6081784906250001 0.1520210890625 0.5989440140625 0.14674868125 0.5791555374999999 0.1493848859375 0.5620061093750001 0.15465729374999998 0.5488130578125 0.1616871703125
1 0.29419530156249996 0.25571177500000003 0.34432625781250004 0.2583479796875 0.40237436562499995 0.256590509375 0.4142478921875 0.2618629171875 0.43007999375 0.2609841828125 0.43007999375 0.253075571875 0.42348236874999995 0.23725834843750002 0.40237436562499995 0.210017575 0.3852249375 0.20123022812500002 0.358838834375 0.20210896250000002 0.345645784375 0.20123022812500002 0.3403698828125 0.198594025 0.33377225781250003 0.20035149375 0.29287577656249997 0.199472759375 0.2862803515625 0.2038664328125 0.277045875 0.20210896250000002 0.26517234843750004 0.2065026359375 0.246701196875 0.23022847031250002 0.2427448203125 0.243409490625 0.2335081453125 0.25219683593750003 0.23878624531249998 0.2583479796875 0.2585747234375 0.25746924375 0.2625332984375 0.25571177500000003 0.277045875 0.2609841828125 0.29419530156249996 0.25571177500000003
4 0.8022168515624999 0.211968365625 0.73159586875 0.17182776875 0.6176922671875 0.12431458749999999 0.5342872859375001 0.1120562390625 0.4523095921875 0.10535149375 0.4364906859375 0.1072671359375 0.34444501562499996 0.118760984375 0.3012921484375 0.1283391921875 0.2509632625 0.1484534265625 0.196306334375 0.16857645000000002 0.1546049453125 0.191564146875 0.0841291109375 0.23084358593749998 0.051055215625000004 0.2586203859375 0.870818959375 0.2586203859375 0.8587343093750001 0.2478910375 0.8246575734375 0.2242267140625 0.8022168515624999 0.211968365625
1 0.54089810625 0.0966608078125 0.5474935328125 0.10193321562499999 0.563325634375 0.10456942031250001 0.5897095375 0.0931458703125 0.5923485890625 0.088752196875 0.5910290640625 0.07820738125 0.5738796359375 0.067662565625 0.563325634375 0.064147628125 0.5448544828124999 0.06326889218750001 0.5356200062500001 0.0685413 0.5343004812500001 0.08611599375 0.54089810625 0.0966608078125
4 0 0 0 0.12684534218750002 0.00808708125 0.12684534218750002 0.061332115625 0.1168629171875 0.1278889609375 0.09248681875 0.181147190625 0.0481458703125 0.1961216015625 0.0049209140625 0.19655586249999998 0 0 0
1 0.6926127 0.8927943765625 0.68469555 0.8989455187500001 0.686015075 0.91036906875 0.6965690765625 0.9156414765625 0.7044862265625 0.9156414765625 0.715040228125 0.9121265375000001 0.7810032859375 0.880492090625 0.7836401375000001 0.8708260109375001 0.7744056609375 0.8699472765625 0.73614823125 0.8769771531250001 0.7097621281250001 0.8884007031250001 0.6926127 0.8927943765625
2 0.4670178984375 0.9173989453125 0.484169525 0.9411247796875 0.4920844765625 0.9463971875 0.5158315296875 0.942003515625 0.5923485890625 0.9165202109375 0.616095640625 0.9059753953125 0.6292886921874999 0.9050966609375 0.6820586984375 0.88752196875 0.686015075 0.8769771531250001 0.6688656484375 0.8514938484375 0.655672596875 0.84534270625 0.6358841187500001 0.846221440625 0.5857509624999999 0.8646748687500001 0.5646429609375 0.8699472765625 0.53825905625 0.8813708265625 0.5290245812500001 0.8822495609375001 0.5065970531249999 0.8910369062499999 0.4973625765625 0.8919156421875 0.48548905 0.8989455187500001 0.4696569484375 0.9042179265625 0.46437884843750005 0.9086116000000001 0.4670178984375 0.9173989453125
2 0 0.9721152343749999 0.01451096875 0.9824253078125 0.0263844953125 0.987697715625 0.0554096484375 0.9929701234375001 0.0817935515625 0.9929701234375001 0.1345635578125 0.9868189812500001 0.1451197578125 0.979789103125 0.15303470937500002 0.96397188125 0.1715036625 0.9516695953125 0.20580471562499997 0.9384885765625001 0.2216368171875 0.9349736375000001 0.2335081453125 0.9297012296875 0.2585747234375 0.9130052718749999 0.26517234843750004 0.9042179265625 0.27044825 0.88752196875 0.2678091984375 0.86818980625 0.2638528234375 0.857644990625 0.2414252953125 0.8224956062500001 0.201846140625 0.8154657296875 0.1899726140625 0.8154657296875 0.151715184375 0.821616871875 0.1029015546875 0.8251318109374999 0.0844326015625 0.821616871875 0.0356189703125 0.8066783828125 0.0092350671875 0.8049209140625001 0 0.8060742921875 0 0.9721152343749999
2 0.9050122515625001 0.3778558875 0.895777775 0.38488576406249997 0.8786283484374999 0.38664323437500003 0.8733502484375 0.3892794375 0.8271778671875 0.3840070296875 0.8205802421874999 0.38752196875 0.811345765625 0.4050966609375 0.807387190625 0.443760984375 0.7968331890625 0.47275922656249997 0.7941963375000001 0.489455184375 0.7875987125 0.49648506093749994 0.7810032859375 0.5149384890625 0.7546171828125 0.56678383125 0.7440631828125001 0.57820738125 0.7427436562499999 0.58963093125 0.7519781328125 0.59753954375 0.759895284375 0.59753954375 0.767810234375 0.600175746875 0.7928768125000001 0.6177504390624999 0.810026240625 0.6221441125 0.84036871875 0.6221441125 0.8746697734375 0.6300527234375 0.8812673984374999 0.634446396875 0.887862825 0.634446396875 0.895777775 0.6379613359375 0.9036949265625 0.6370826015625 0.9274397796875 0.652899825 0.9432718812499999 0.6520210890625 0.9511868328125 0.657293496875 0.9591039828125 0.657293496875 0.969657984375 0.6502636203125001 0.969657984375 0.6397188046875 0.9551454078124999 0.5992970125 0.9511868328125 0.5773286468750001 0.94591093125 0.5738137078125 0.9498673078125 0.565905096875 0.94459140625 0.543057996875 0.94591093125 0.45782073749999996 0.9525063578124999 0.443760984375 0.9525063578124999 0.43673110781249996 0.9577844578124999 0.4288224953125 0.961740834375 0.398066784375 0.9591039828125 0.3927943765625 0.9511868328125 0.38840070312499997 0.9432718812499999 0.38840070312499997 0.9340374046875001 0.38488576406249997 0.9208443531249999 0.3892794375 0.9182053031249999 0.38488576406249997 0.9129294031249999 0.3840070296875 0.9050122515625001 0.3778558875
1 0.32717683124999997 0.9701230234375 0.3364113078125 0.9727592265625 0.3641169359375 0.9710017578125001 0.3733514109375 0.966608084375 0.3839054125 0.9569420031250001 0.406332940625 0.9543058 0.4208433171875 0.9569420031250001 0.43535589375 0.9569420031250001 0.4696569484375 0.9701230234375 0.47757189999999994 0.9710017578125001 0.48680637656250003 0.96397188125 0.48680637656250003 0.9499121265625 0.456463896875 0.9086116000000001 0.43271684375 0.8963093140625 0.41292836718750003 0.8963093140625 0.3627974109375 0.9147627421875001 0.345645784375 0.9253075578125 0.33905035781250004 0.932337434375 0.3350917828125 0.9481546578125 0.32585730625 0.9622144109375 0.32717683124999997 0.9701230234375
1 0.7915572875 0.92179261875 0.7836401375000001 0.91388400625 0.7453827078125 0.9059753953125 0.7269137546875 0.91036906875 0.7242747046875 0.91388400625 0.7242747046875 0.9253075578125 0.7282332796875 0.9367311078125 0.73614823125 0.9463971875 0.7453827078125 0.9525483296875 0.761214809375 0.9578207375 0.7704492843749999 0.96397188125 0.7849596625 0.9630931453124999 0.8060676656249999 0.955184534375 0.813984815625 0.9472759234374999 0.813984815625 0.932337434375 0.8021112890625 0.9244288218750001 0.7915572875 0.92179261875
1 0.356199784375 0.8699472765625 0.345645784375 0.8611599296874999 0.33113540625 0.855887521875 0.308707878125 0.854130053125 0.300790728125 0.857644990625 0.28759987656249997 0.8831282953124999 0.2730873 0.8927943765625 0.271767775 0.90246045625 0.29287577656249997 0.9165202109375 0.302110253125 0.9165202109375 0.32453778125 0.8989455187500001 0.346965309375 0.8971880484374999 0.358838834375 0.8910369062499999 0.3601583609375 0.8787346218750001 0.356199784375 0.8699472765625
1 0 0.1067174671875 0.0065960171875 0.1072056234375 0.017150018750000003 0.10544815468749999 0.0263844953125 0.10105448125000001 0.0263844953125 0.0843585234375 0.0118741171875 0.0720562390625 0.0026374421875 0.07381370781249999 0 0.07557056875 0 0.1067174671875
1 0.1635887109375 0.075571178125 0.150395659375 0.0826010546875 0.147756609375 0.09490333906250001 0.154354234375 0.10456942031250001 0.16490823593749998 0.10896309374999999 0.17941861406249998 0.1036906859375 0.1833771890625 0.088752196875 0.18205766406249999 0.0843585234375 0.1635887109375 0.075571178125
1 0.2020868546875 0 0.197889765625 0.012302284375 0.197889765625 0.03427065 0.200526615625 0.044815465625 0.21108281718750002 0.064147628125 0.21635871718750002 0.07029877031250001 0.22295414375 0.0720562390625 0.22691271875000002 0.07029877031250001 0.22823224375 0.061511423437500004 0.22031729218749999 0.03427065 0.22031729218749999 0.016695957812500002 0.23087129375 0 0.2020868546875 0
1 0.25461834687499996 0.0764499125 0.2625332984375 0.1028119515625 0.27044825 0.1159929703125 0.277045875 0.119507909375 0.2981538765625 0.11862917343749999 0.302110253125 0.11687170468750001 0.306068828125 0.10984182812500001 0.3126642546875 0.0685413 0.310027403125 0.065905096875 0.302110253125 0.064147628125 0.2678091984375 0.0650263625 0.2585747234375 0.069420034375 0.25461834687499996 0.0764499125
1 0.3707123609375 0.0843585234375 0.3601583609375 0.079086115625 0.345645784375 0.079086115625 0.3350917828125 0.0852372578125 0.3324527328125 0.09138840000000001 0.33377225781250003 0.09841827812500001 0.3416894078125 0.10544815468749999 0.357519309375 0.1072056234375 0.3707123609375 0.10105448125000001 0.3707123609375 0.0843585234375
1 0.348284834375 0.0623901578125 0.3416894078125 0.0527240765625 0.310027403125 0.042179262499999995 0.279682725 0.043057996875 0.2678091984375 0.046572934375 0.26517234843750004 0.0500878734375 0.26517234843750004 0.056239015625 0.26912872499999996 0.0588752203125 0.307388353125 0.0650263625 0.3403698828125 0.0650263625 0.348284834375 0.0623901578125
1 0.24450235468749998 0 0.24010577031250002 0.008787346875000001 0.24010577031250002 0.02460456875 0.2440643453125 0.033391915625000004 0.250659771875 0.0404217921875 0.2625332984375 0.045694200000000004 0.29419530156249996 0.038664323437499995 0.300790728125 0.0298769765625 0.2981538765625 0.007908610937500001 0.29275582031249997 0 0.24450235468749998 0
2 0.36754430312499997 0 0.33755929375 0.01711775 0.3675191109375 0.0681019328125 0.43906375937500003 0.10246045625 0.45237556874999996 0.09913005312499999 0.585500253125 0.02819859375 0.6570580968749999 0.0259841828125 0.6614860375 0 0.36754430312499997 0
1 0.63060601875 0.028998242187500002 0.6200520171874999 0.028998242187500002 0.5949876390625 0.0395430578125 0.5910290640625 0.044815465625 0.5910290640625 0.05711775 0.6029025890625 0.064147628125 0.614776115625 0.064147628125 0.6226910671875 0.0606326890625 0.6543530718749999 0.061511423437500004 0.660950696875 0.056239015625 0.660950696875 0.044815465625 0.656992121875 0.038664323437499995 0.63060601875 0.028998242187500002
1 0.663587546875 0.0377855890625 0.662270221875 0.0588752203125 0.6675461234375 0.065905096875 0.691293175 0.06326889218750001 0.7058057515625 0.057996484375000004 0.713720703125 0.0588752203125 0.7229551796875 0.0500878734375 0.7216356546875 0.038664323437499995 0.68469555 0.017574692187499998 0.6767805984375 0.0158172234375 0.6701851734375001 0.020210896875000002 0.663587546875 0.0377855890625
1 0.7166326828125 0 0.7242747046875 0.02460456875 0.7229551796875 0.0650263625 0.72955060625 0.07029877031250001 0.7453827078125 0.0527240765625 0.7493412828125 0.033391915625000004 0.7467022328125 0.007908610937500001 0.7429530453125001 0 0.7166326828125 0
1 0.7803844828125001 0 0.755620021875 0.0379086109375 0.746992528125 0.05036028125000001 0.949774940625 0.04748681875 0.9526515046874999 0.039824253125 0.9469005750000001 0.028330404687499998 0.9230824 0 0.7803844828125001 0
2 0.964379884375 0 0.9538258828125 0.010544815624999999 0.9538258828125 0.035149384374999995 0.9564649328125 0.044815465625 0.9604213093749999 0.0483304046875 0.969657984375 0.050966607812499995 1 0.0490718828125 1 0 0.9960418875 0 0.964379884375 0
1 0.1569910859375 0.13708260156250002 0.1332462328125 0.13708260156250002 0.11609460625000001 0.1449912125 0.11081870468749999 0.152899825 0.11081870468749999 0.1634446390625 0.11741413125 0.168717046875 0.1438002328125 0.17838312812499998 0.147756609375 0.1845342703125 0.15303470937500002 0.1845342703125 0.1635887109375 0.1810193328125 0.1728231875 0.17311072031250002 0.18205766406249999 0.1695957828125 0.18205766406249999 0.1608084359375 0.1688646125 0.145869946875 0.1569910859375 0.13708260156250002
1 0.1635887109375 0.121265378125 0.1622691859375 0.130931459375 0.1662277609375 0.13444639687499998 0.19525071562500002 0.13796133593749998 0.201846140625 0.1414762734375 0.22559319375000003 0.1388400703125 0.2414252953125 0.14674868125 0.24934024687499998 0.1449912125 0.25461834687499996 0.1405975390625 0.24934024687499998 0.1177504390625 0.24010577031250002 0.10105448125000001 0.2335081453125 0.08084358593749999 0.22295414375 0.07996485 0.1635887109375 0.121265378125
1 0.5277050546875001 0.11687170468750001 0.5250660046875 0.1080843578125 0.5039580031249999 0.0992970125 0.481530475 0.0992970125 0.460422471875 0.1028119515625 0.453824846875 0.1072056234375 0.456463896875 0.1159929703125 0.484169525 0.119507909375 0.4973625765625 0.12390158124999999 0.5171510546875 0.12302284687500001 0.5277050546875001 0.11687170468750001
1 0.42480189375000005 0.1827768015625 0.42480189375000005 0.18892794375 0.42876046875 0.1950790859375 0.453824846875 0.2065026359375 0.4696569484375 0.20738137031249998 0.4736155234375 0.2038664328125 0.4881259015625 0.199472759375 0.5065970531249999 0.19771529062499998 0.513192478125 0.1924428828125 0.5105534281249999 0.1845342703125 0.5039580031249999 0.1792618625 0.47625237499999995 0.1704745171875 0.453824846875 0.1704745171875 0.43007999375 0.17838312812499998 0.42480189375000005 0.1827768015625
1 0.4155674171875 0.11247803125 0.41028931718750006 0.1107205625 0.3891813140625 0.111599296875 0.3680733109375 0.12038664375000001 0.3680733109375 0.13181019375 0.37862731250000004 0.1362038671875 0.3905008390625 0.13796133593749998 0.3957789390625 0.1414762734375 0.399735315625 0.1476274171875 0.40237436562499995 0.166959578125 0.408971990625 0.1722319859375 0.42612141875000004 0.1739894546875 0.4511879953125 0.1678383125 0.457783421875 0.1625659046875 0.455144371875 0.1476274171875 0.42744094375 0.1274165203125 0.4155674171875 0.11247803125
1 0.349604359375 0.1520210890625 0.32321825625 0.153778559375 0.3126642546875 0.1616871703125 0.32189873125 0.1695957828125 0.33905035781250004 0.1722319859375 0.3601583609375 0.1810193328125 0.3720318859375 0.1810193328125 0.3799468375 0.17662565937500002 0.37862731250000004 0.168717046875 0.349604359375 0.1520210890625
1 0.3113447296875 0.1599297015625 0.3179423546875 0.14674868125 0.3179423546875 0.13532513125 0.310027403125 0.1274165203125 0.29287577656249997 0.13005272343750002 0.28100225 0.1405975390625 0.2664896734375 0.1485061515625 0.2612137734375 0.1564147625 0.246701196875 0.165202109375 0.23087129375 0.16608084375 0.2084437671875 0.17750439375 0.20580471562499997 0.1854130046875 0.2189977671875 0.1959578203125 0.22691271875000002 0.198594025 0.27044825 0.187170475 0.28759987656249997 0.1792618625 0.3113447296875 0.1599297015625
1 0.2216368171875 0.198594025 0.201846140625 0.18189806718749998 0.1899726140625 0.17750439375 0.1781012875 0.17662565937500002 0.1728231875 0.1827768015625 0.1781012875 0.1959578203125 0.19920929062499998 0.21616871718750003 0.20976329218749998 0.21616871718750003 0.22031729218749999 0.20738137031249998 0.2216368171875 0.198594025
1 0.1345635578125 0.20474516718750002 0.12532908125 0.21089630937499998 0.1094991796875 0.21616871718750003 0.0897107015625 0.23022847031250002 0.093667078125 0.2381370828125 0.11081870468749999 0.23725834843750002 0.11873365625000001 0.2398945515625 0.1398416578125 0.23374340937500002 0.1662277609375 0.21880492031249998 0.1741427125 0.20913884062500002 0.1728231875 0.20210896250000002 0.16094966093750002 0.20123022812500002 0.1345635578125 0.20474516718750002
1 0.1411611828125 0.2583479796875 0.15303470937500002 0.25571177500000003 0.1741427125 0.24692442812499998 0.1728231875 0.23725834843750002 0.155673759375 0.2390158171875 0.1398416578125 0.23725834843750002 0.12005318125 0.2398945515625 0.094986603125 0.2381370828125 0.09102802812500001 0.24165202031250002 0.09102802812500001 0.253075571875 0.10422107968750001 0.2583479796875 0.1411611828125 0.2583479796875
1 0.4670178984375 0.25571177500000003 0.48548905 0.2381370828125 0.484169525 0.2284710015625 0.4709764734375 0.224077328125 0.461741996875 0.2249560625 0.44327084531249994 0.221441125 0.42348236874999995 0.22231985937499998 0.42216284374999996 0.232864675 0.43667541875 0.2609841828125 0.455144371875 0.2609841828125 0.4670178984375 0.25571177500000003
1 0.47625237499999995 0.2065026359375 0.4736155234375 0.20826010468749998 0.4736155234375 0.21880492031249998 0.501318953125 0.2390158171875 0.5145120046875 0.24253075625 0.5448544828124999 0.256590509375 0.5659624859375 0.2618629171875 0.5923485890625 0.26274165156249996 0.5949876390625 0.2609841828125 0.5949876390625 0.25219683593750003 0.5686015359375001 0.2381370828125 0.5435349578124999 0.23110720625 0.53166143125 0.22231985937499998 0.48680637656250003 0.2065026359375 0.47625237499999995 0.2065026359375
1 0.5356200062500001 0.22231985937499998 0.5448544828124999 0.2293497359375 0.558047534375 0.231985940625 0.5751969625 0.2390158171875 0.5817945875 0.23725834843750002 0.5936681140625 0.2390158171875 0.5976244890625 0.235500878125 0.606861165625 0.23462214375 0.6200520171874999 0.22319859375 0.616095640625 0.2135325125 0.6042221140625 0.2065026359375 0.5686015359375001 0.20826010468749998 0.5474935328125 0.21177504374999997 0.54089810625 0.21441124843749998 0.5356200062500001 0.22231985937499998
1 0.63852316875 0.243409490625 0.6437990703125 0.24253075625 0.6517140218749999 0.23725834843750002 0.6781001234375 0.231985940625 0.7097621281250001 0.22231985937499998 0.69525175 0.21265377812500003 0.6807391734375 0.20913884062500002 0.658311646875 0.20913884062500002 0.63852316875 0.2179261859375 0.6226910671875 0.21880492031249998 0.617415165625 0.2293497359375 0.6015830640625001 0.24428822499999997 0.6015830640625001 0.25395430625 0.6055416390625 0.25746924375 0.6226910671875 0.25571177500000003 0.63456459375 0.24868189843750002 0.63852316875 0.243409490625
1 0.7519781328125 0.2601054484375 0.7704492843749999 0.25395430625 0.7744056609375 0.24253075625 0.7704492843749999 0.235500878125 0.7532976578125 0.22583479843749998 0.73482870625 0.22583479843749998 0.7044862265625 0.221441125 0.7018471765625 0.22231985937499998 0.6992081265625 0.23110720625 0.68997365 0.2284710015625 0.6807391734375 0.235500878125 0.6741415484375 0.24428822499999997 0.6728242234375 0.25395430625 0.6767805984375 0.25922671406250003 0.69525175 0.2618629171875 0.73614823125 0.25922671406250003 0.7519781328125 0.2601054484375
1 0.7915572875 0.23110720625 0.7955136640625 0.21880492031249998 0.7915572875 0.20562390156250002 0.7783642359375 0.1959578203125 0.765171184375 0.1950790859375 0.759895284375 0.1968365546875 0.7493412828125 0.20474516718750002 0.7480217578125 0.2179261859375 0.7585757578125001 0.2267135328125 0.7810032859375 0.231985940625 0.7915572875 0.23110720625
1 0.5435349578124999 0.144112478125 0.5725601109375 0.132688928125 0.5738796359375 0.12302284687500001 0.5474935328125 0.1142355015625 0.5303441062500001 0.1151142359375 0.5145120046875 0.1282952546875 0.49999942812500003 0.132688928125 0.49867990312500005 0.1388400703125 0.48285 0.15114235468749998 0.47889142500000004 0.1634446390625 0.484169525 0.1695957828125 0.5105534281249999 0.175746925 0.5290245812500001 0.1739894546875 0.5356200062500001 0.168717046875 0.53825905625 0.153778559375 0.5435349578124999 0.144112478125
1 0.6213715421875 0.0992970125 0.6266496421875 0.10984182812500001 0.63456459375 0.1177504390625 0.6464381203125 0.121265378125 0.655672596875 0.11687170468750001 0.666226596875 0.10456942031250001 0.6701851734375001 0.069420034375 0.660950696875 0.061511423437500004 0.6279691671875 0.061511423437500004 0.6200520171874999 0.0650263625 0.616095640625 0.0729349734375 0.6213715421875 0.0992970125
1 0.712401178125 0.191564146875 0.713720703125 0.1836555359375 0.7031667015624999 0.1739894546875 0.688654125 0.16608084375 0.683378225 0.1599297015625 0.6767805984375 0.1616871703125 0.666226596875 0.153778559375 0.662270221875 0.145869946875 0.656992121875 0.1449912125 0.6490771703125 0.1397188046875 0.63192554375 0.12302284687500001 0.6226910671875 0.124780315625 0.614776115625 0.130931459375 0.613456590625 0.144112478125 0.6266496421875 0.1713532515625 0.655672596875 0.186291740625 0.6794196484375 0.19420035156249998 0.693932225 0.1968365546875 0.708442603125 0.1950790859375 0.712401178125 0.191564146875
1 0.7467022328125 0.111599296875 0.711081653125 0.10896309374999999 0.6873346 0.1107205625 0.662270221875 0.11687170468750001 0.655672596875 0.12390158124999999 0.659631171875 0.13005272343750002 0.6688656484375 0.132688928125 0.688654125 0.13005272343750002 0.7440631828125001 0.13005272343750002 0.7559367078125 0.1282952546875 0.761214809375 0.12302284687500001 0.7559367078125 0.1159929703125 0.7467022328125 0.111599296875
1 0.7928768125000001 0.06678383125000001 0.7757251859375 0.05711775 0.7585757578125001 0.05711775 0.7453827078125 0.061511423437500004 0.73482870625 0.069420034375 0.73087013125 0.079086115625 0.7242747046875 0.0843585234375 0.72955060625 0.0940246046875 0.7440631828125001 0.1036906859375 0.7519781328125 0.1028119515625 0.759895284375 0.10896309374999999 0.767810234375 0.1080843578125 0.7704492843749999 0.1028119515625 0.7915572875 0.088752196875 0.7968331890625 0.079086115625 0.7928768125000001 0.06678383125000001
1 0.8047503390624999 0.13181019375 0.7585757578125001 0.13532513125 0.7532976578125 0.13356766250000002 0.7269137546875 0.132688928125 0.7216356546875 0.13796133593749998 0.7216356546875 0.14674868125 0.7282332796875 0.1634446390625 0.73350918125 0.1695957828125 0.762532134375 0.18892794375 0.7757251859375 0.1924428828125 0.7902377625 0.188049209375 0.8060676656249999 0.175746925 0.8179411906249999 0.155536028125 0.819260715625 0.14323374375 0.8153043406249999 0.13356766250000002 0.8047503390624999 0.13181019375
1 0.8350928171875 0.11247803125 0.8232192921875001 0.121265378125 0.8245388171875 0.13356766250000002 0.83641234375 0.1414762734375 0.8509227203125 0.1405975390625 0.8627962468750001 0.13181019375 0.8627962468750001 0.11862917343749999 0.8522422453124999 0.11247803125 0.8350928171875 0.11247803125
1 0.9208443531249999 0.1476274171875 0.9300788296875 0.1397188046875 0.94063283125 0.12390158124999999 0.9564649328125 0.11247803125 0.9815293109375001 0.100175746875 0.9907659875 0.10105448125000001 0.9934028375 0.0931458703125 0.9591039828125 0.0764499125 0.94723045625 0.07732864687499999 0.9432718812499999 0.0826010546875 0.9340374046875001 0.0878734625 0.9313983546875001 0.0931458703125 0.914248928125 0.1036906859375 0.890501875 0.111599296875 0.8812673984374999 0.11247803125 0.8759892984375 0.1177504390625 0.8746697734375 0.12565905156249998 0.8799478734375 0.132688928125 0.9116098765625 0.1493848859375 0.9208443531249999 0.1476274171875
1 0.83641234375 0.1845342703125 0.83773186875 0.2038664328125 0.8324537671875 0.21528998281249997 0.8324537671875 0.2249560625 0.83904919375 0.23110720625 0.8654352968750001 0.24077328593749997 0.8733502484375 0.235500878125 0.8865432999999999 0.2363796140625 0.8997363515625001 0.232864675 0.9023754015625001 0.2284710015625 0.8984168265625 0.20738137031249998 0.8997363515625001 0.191564146875 0.9102903515625 0.17662565937500002 0.924802928125 0.1695957828125 0.9208443531249999 0.1608084359375 0.9076513015625001 0.1520210890625 0.8984168265625 0.1485061515625 0.8891823499999999 0.1485061515625 0.8746697734375 0.1449912125 0.8522422453124999 0.14674868125 0.8284951921875001 0.152899825 0.8179411906249999 0.1599297015625 0.8153043406249999 0.16608084375 0.816621665625 0.1722319859375 0.8284951921875001 0.17662565937500002 0.83641234375 0.1845342703125
1 1 0.1277095234375 0.9868074109375 0.1291739890625 0.9775729359374999 0.13532513125 0.9762534109375001 0.1414762734375 0.9802119859375 0.14674868125 1 0.144951303125 1 0.1277095234375