5 0.5159320375 0.5245104578124999 0.51470661875 0.517974346875 0.49999947968749997 0.5081691171875 0.48897071875 0.5081691171875 0.4840690484375 0.5212413406249999 0.485294465625 0.53104656875 0.4987740625 0.5408496734375 0.509804946875 0.5392161765625 0.5159320375 0.5245104578124999
3 0.800245978125 0.0849681375 0.78921509375 0.0849681375 0.7818625859375 0.089868628125 0.775735496875 0.10130735312500001 0.7806371671875 0.10947696093749999 0.8296560078124999 0.14052189531249998 0.839461475 0.14052189531249998 0.839461475 0.11601307187500001 0.8149509921875 0.0915042484375 0.800245978125 0.0849681375
5 0.9080891234375 0.1388883984375 0.894607403125 0.12908529375 0.8823532249999999 0.12908529375 0.877451553125 0.1372549015625 0.876226134375 0.14705800625 0.8799023890625 0.1519606203125 0.8958328203124999 0.160130228125 0.9019599109374999 0.160130228125 0.90686370625 0.1535941171875 0.9080891234375 0.1388883984375
5 0.349264584375 0.5065356203125 0.3419120765625 0.499999509375 0.3272049390625 0.4950990203125 0.32107785 0.499999509375 0.3186270140625 0.51634085 0.32475410312499997 0.5228748359375001 0.3443629125 0.5261439546875 0.349264584375 0.517974346875 0.349264584375 0.5065356203125
5 0.62622601875 0.3088230390625 0.6237751828125 0.30065343125 0.6102934624999999 0.28921470625 0.6017155375 0.28921470625 0.5968138656249999 0.299019934375 0.5968138656249999 0.3088230390625 0.60906804375 0.3202617640625 0.6188735109375 0.3218952609375 0.62622601875 0.3088230390625
5 0.9828438625 0.33006486874999996 0.9950980421875 0.33006486874999996 0.9999997125 0.3202617640625 0.9999997125 0.3088230390625 0.987745534375 0.302286928125 0.9730383953124999 0.302286928125 0.9681367249999999 0.3104565359375 0.9681367249999999 0.3235287578125 0.9828438625 0.33006486874999996
5 0.0955882140625 0.1715689546875 0.085784871875 0.16503284375 0.07965778125 0.16503284375 0.07230315000000001 0.1715689546875 0.0710777328125 0.181372059375 0.0759794046875 0.1879081703125 0.0882357078125 0.196077778125 0.1004898859375 0.19281078437500002 0.10171530468750001 0.1797385625 0.0955882140625 0.1715689546875
5 0.2169109578125 0.28268071875 0.20833303124999997 0.2761446078125 0.19975510624999998 0.2761446078125 0.1924026 0.284314215625 0.194853434375 0.2941173203125 0.20833303124999997 0.3039225484375 0.218136375 0.302286928125 0.221814753125 0.2941173203125 0.2169109578125 0.28268071875
5 0.51470661875 0.1977133984375 0.5171574546875 0.18627467343749998 0.5085774062499999 0.1732024515625 0.4975486453125 0.16503284375 0.4877453015625 0.1748359484375 0.4877453015625 0.1846411765625 0.4987740625 0.20098039218750002 0.5073519875 0.20424738593749997 0.51470661875 0.1977133984375
5 0.299429634375 0 0.3124999234375 0.013070915625000002 0.32107785 0.013070915625000002 0.3272049390625 0.0032678109375 0.32695985781250003 0 0.299429634375 0
1 0.2965694921875 0.5228748359375001 0.316176178125 0.51634085 0.3223032671875 0.5081691171875 0.323528684375 0.4983660125 0.32107785 0.4918299015625 0.30269658125 0.47875767968750005 0.2781861 0.4754906859375 0.2671573375 0.485293790625 0.263481084375 0.50163300625 0.2659319203125 0.5130717312499999 0.2745098453125 0.5212413406249999 0.2965694921875 0.5228748359375001
1 0.9522062921875 0.284314215625 0.9338229 0.28921470625 0.9227941390625001 0.2761446078125 0.9142162125000001 0.27777810468749997 0.911765378125 0.28921470625 0.9178924671875001 0.3088230390625 0.92401955625 0.31862826875 0.9436283671875 0.3251643796875 0.9558825453124999 0.3382344765625 0.9644604703124999 0.3398700984375 0.9669113062499999 0.33660097968749997 0.9681367249999999 0.31209215625 0.9718129781249999 0.302286928125 0.9693621421874999 0.2859477125 0.9522062921875 0.284314215625
1 0.5968138656249999 0.269608496875 0.588235940625 0.258169771875 0.5723033828124999 0.254902778125 0.55759836875 0.26307238593750004 0.54902044375 0.2794116015625 0.571077965625 0.3104565359375 0.587010521875 0.31209215625 0.595588446875 0.3055560453125 0.6017155375 0.2941173203125 0.5968138656249999 0.269608496875
1 0.7083332640625 0.6944450984375 0.7132349359375 0.686275490625 0.715685771875 0.67320326875 0.7132349359375 0.6486923203125 0.70343159375 0.638889215625 0.6924028328125 0.6356200984375 0.6752448578125 0.63725571875 0.6666669328125 0.6421562093750001 0.6617652609375 0.6486923203125 0.6568635890625 0.67320326875 0.659314425 0.6879089875 0.6654415140625 0.6960785953124999 0.6752448578125 0.700981209375 0.69362825 0.700981209375 0.7083332640625 0.6944450984375
1 0.30637283437499996 0.781045915625 0.290440278125 0.7826794125000001 0.2696081734375 0.7761433 0.2671573375 0.77941241875 0.272059009375 0.81209085 0.28063693437500004 0.825163071875 0.2916656953125 0.825163071875 0.31372534218750003 0.79738513125 0.31372534218750003 0.7875820265625 0.30637283437499996 0.781045915625
1 0.5802718015624999 1 0.58333426875 0.9983668296875001 0.5943630296875 0.9852946078124999 0.595588446875 0.9705888890625 0.59191219375 0.9591501640625 0.5723033828124999 0.9411774515625 0.54902044375 0.9428109484375 0.5379895593749999 0.9493470593750001 0.53186246875 0.9591501640625 0.53186246875 0.982025490625 0.5453432625 1 0.5802718015624999 1
1 0.9350483171875 1 0.9350483171875 0.98039199375 0.920343303125 0.9738558828125001 0.8958328203124999 0.9754893796875 0.8933819859375 0.978758496875 0.8933819859375 0.9950977125 0.896389865625 1 0.9350483171875 1
3 0.884804059375 0.12908529375 0.884804059375 0.11601307187500001 0.876226134375 0.10130735312500001 0.8664206671875 0.0980382359375 0.8639698328125001 0.12091568593749999 0.868871503125 0.14052189531249998 0.876226134375 0.14379101249999998 0.884804059375 0.12908529375
3 0.5911770109375001 0 0.59191219375 0.0049013078125 0.6029409546875 0.006536928124999999 0.6053919375000001 0 0.5911770109375001 0
3 0.7781863328124999 0.8267965687500001 0.7720592421875 0.8316991828125 0.7573521046875 0.8627441171875001 0.7549012687500001 0.8807189546874999 0.7634813171875 0.887255065625 0.7781863328124999 0.8839859484374999 0.800245978125 0.8594771234374999 0.8149509921875 0.8643797390625 0.8296560078124999 0.875816340625 0.8406868921875 0.875816340625 0.8443631453125 0.8692802281249999 0.8382360562500001 0.854574509375 0.827205171875 0.8464049015624999 0.80392223125 0.8415022875 0.7781863328124999 0.8267965687500001
1 0.4987740625 0.12908529375 0.4914215546875 0.10947696093749999 0.4791673765625 0.09313774531249999 0.4681364921875 0.086601634375 0.4546568953125 0.08823513125 0.4387264625 0.10130735312500001 0.42524474218749997 0.1225491828125 0.4215684875 0.1372549015625 0.4215684875 0.161763725 0.4240193234375 0.1699354578125 0.43627350312499996 0.1797385625 0.4534314765625 0.20098039218750002 0.4644602375 0.1993468953125 0.485294465625 0.178105065625 0.4963232265625 0.161763725 0.49999947968749997 0.148693628125 0.4987740625 0.12908529375
1 0.4448535515625 0.6552284312500001 0.43137183125 0.638889215625 0.42279390625 0.638889215625 0.4203430703125 0.6437918296875 0.4203430703125 0.6633980390625001 0.4448535515625 0.6911759796875 0.4571077296875 0.6928094765624999 0.485294465625 0.6797393796875 0.4840690484375 0.6666671562500001 0.4742657046875 0.6503258171875 0.45955856562499997 0.6503258171875 0.4448535515625 0.6552284312500001
3 0.162230134375 0.2575643796875 0.173235534375 0.24044134062500003 0.1787509765625 0.2306531046875 0.1576342875 0.2367643796875 0.144791821875 0.2649013078125 0.1484680765625 0.2759151953125 0.1521315875 0.27959215625 0.159473475 0.272255228125 0.162230134375 0.2575643796875
5 0.5294116328125 0.1519606203125 0.52328454375 0.14379101249999998 0.5122557828125001 0.1388883984375 0.49999947968749997 0.14379101249999998 0.4987740625 0.1535941171875 0.502450315625 0.161763725 0.519608290625 0.1699354578125 0.528186215625 0.16503284375 0.5294116328125 0.1519606203125
3 0.1899517640625 0.96895326875 0.20343136093749997 0.9624192812500001 0.2169109578125 0.946077940625 0.2205872109375 0.9248361109375001 0.21568553906250001 0.9183 0.2022059421875 0.9183 0.18872634531250002 0.9362748359375 0.1691175359375 0.9428109484375 0.1544125203125 0.9395418296875 0.1446070546875 0.9232026140625 0.1397053828125 0.9264696078125001 0.13847996406250002 0.9330057187499999 0.14215621875 0.9477114375 0.151961684375 0.9624192812500001 0.170342953125 0.96895326875 0.1899517640625 0.96895326875
1 0.4546568953125 0.5326800656249999 0.4791673765625 0.5294109484375 0.485294465625 0.5245104578124999 0.4877453015625 0.5130717312499999 0.485294465625 0.50163300625 0.47181274531249995 0.48366029375 0.4571077296875 0.485293790625 0.43014641249999996 0.49673251562500004 0.43014641249999996 0.5081691171875 0.4448535515625 0.5261439546875 0.4546568953125 0.5326800656249999
1 0.09191196093750001 0.1323522875 0.09191196093750001 0.1078434640625 0.07230315000000001 0.0767964046875 0.056372718749999995 0.06862679687499999 0.037989326562499995 0.0784320265625 0.024509729687500002 0.09967385625 0.0196080578125 0.11601307187500001 0.0196080578125 0.1388883984375 0.024509729687500002 0.15522973906249998 0.035538490625 0.1715689546875 0.050245628125 0.18300555624999998 0.0588235546875 0.18300555624999998 0.068626896875 0.17647156875 0.08455945312499999 0.1519606203125 0.09191196093750001 0.1323522875
3 0.0833340359375 0.656861928125 0.0968136328125 0.6503258171875 0.09926446875 0.6437918296875 0.09926446875 0.6192808828125 0.093137378125 0.606208659375 0.060048971875 0.612744771875 0.035538490625 0.6111112750000001 0.029411399999999997 0.6209143796875 0.029411399999999997 0.63725571875 0.035538490625 0.6535949343749999 0.042893121875 0.6601310453125 0.0833340359375 0.656861928125