1 0.5430456296874999 0.6725659515625 0.5397347015625 0.7168136953124999 0.586092053125 0.738937565625 0.6026488734375001 0.73008889375 0.6059598015625001 0.7035406859375 0.5927160921875 0.6725659515625 0.5827811265625 0.663717278125 0.5529805953125 0.663717278125 0.5430456296874999 0.6725659515625
3 0.3642380796875 0.14159303125 0.3874167546875 0.1681412390625 0.45364185468749996 0.1814164375 0.46026589375000004 0.1681412390625 0.43377410625 0.1106204875 0.3642380796875 0.1106204875 0.3642380796875 0.14159303125
3 0.281456159375 0.8008848453124999 0.2516556296875 0.8230087171875 0.23840973437500002 0.8451325890625 0.23840973437500002 0.8628321234375 0.2483447015625 0.8761051328124999 0.2615884109375 0.8761051328124999 0.2980129796875 0.81858438125 0.30132390781249996 0.8008848453124999 0.281456159375 0.8008848453124999
3 0.41970272499999994 1 0.4172194703125 0.9867266812500001 0.39072768281250003 0.9690271453125 0.33443755 0.9823001546875 0.3233999296875 1 0.41970272499999994 1
1 0.09602675468750001 0.579646128125 0.0695371515625 0.5752217921875 0.036423509375 0.6017699999999999 0.05298033125 0.6814168140625 0.092715828125 0.68584115 0.102648609375 0.6769902875 0.1092704640625 0.6283182078125 0.09602675468750001 0.579646128125
5 0.42953655625 0.7875220359374999 0.4170205953125 0.79031024375 0.41076152343750005 0.8181419468750001 0.4483115890625 0.9937158187499999 0.46291463593750004 0.9714167249999999 0.42953655625 0.7875220359374999
5 0.31903900625000003 0.7624325437499999 0.23976907343749998 0.7206203765625 0.2314229140625 0.7596465265625 0.31695410625 0.784733828125 0.31903900625000003 0.7624325437499999
5 0.5829799999999999 0.34084148281250004 0.5991390734375 0.3426112171875 0.6220205296875 0.2670799109375 0.6031777484374999 0.252698628125 0.5829799999999999 0.34084148281250004
5 0.6125838406249999 0.55752225625 0.5894029796875 0.55752225625 0.5794701984375 0.663717278125 0.5927160921875 0.6814168140625 0.6059598015625001 0.6725659515625 0.61589476875 0.5973456640625 0.6125838406249999 0.55752225625
5 0.1192054296875 0.376106946875 0.0728480796875 0.55752225625 0.0728480796875 0.5752217921875 0.0894049 0.5840704640625 0.1059595359375 0.5752217921875 0.139073178125 0.4424785625 0.14238410625 0.4026551546875 0.13543006562499998 0.3787615484375 0.1304625828125 0.3787615484375 0.1192054296875 0.376106946875
5 0.015079662499999999 1 0.0728480796875 0.81416004375 0.0728480796875 0.7876096453125 0.0629131125 0.7787609734375 0.039734437500000004 0.7831853093750001 0.0331125828125 0.8008848453124999 0 0.909046075 0 1 0.015079662499999999 1