1 1 0.2981144890625 0.9541052750000001 0.335664090625 0.9420279234375 0.35664353125 0.944445140625 0.39160853125 0.9637675937499999 0.3986024125 1 0.3822111921875 1 0.2981144890625
1 0.8599036718749999 0.1083926921875 0.9178754015624999 0.125874090625 0.944445140625 0.1223782515625 0.9468601734375 0.10489465 0.9275355359375 0.07692353125 0.9420279234375 0.04195853125 0.9420279234375 0.020979090625 0.925120503125 0.0104893703125 0.90338083125 0.020979090625 0.8864734109375 0.0174832515625 0.8550714203125 0.06992965 0.8478263187499999 0.097902971875 0.8599036718749999 0.1083926921875
1 0.709381925 0 0.7173904734375001 0.0244749296875 0.741545178125 0.052448251562500006 0.775362203125 0.055944090625 0.7922696234375 0.03496465 0.8357489656249999 0.04195853125 0.8599036718749999 0.020979090625 0.8578336156249999 0 0.709381925 0
1 0.5289850828125 0.1503493703125 0.5289850828125 0.18881020937499998 0.550724753125 0.2132876921875 0.570049390625 0.2132876921875 0.61835661875 0.1573432515625 0.6280189375 0.1293699296875 0.615941584375 0.097902971875 0.60386423125 0.0874132515625 0.584541778125 0.0874132515625 0.5362323671875 0.1153843703125 0.5289850828125 0.1503493703125
1 0.459137628125 1 0.4830907046875 0.9755238109375 0.5869568109375 0.9125876921874999 0.6425113234375 0.9020979718750001 0.649758609375 0.88111853125 0.6231888703124999 0.8426576921875 0.5966191296875001 0.8216782515625001 0.570049390625 0.81118853125 0.5120776625000001 0.8181824125 0.4734305703125 0.8531474125 0.4371985125 0.91608353125 0.425121159375 0.9580424125 0.426932403125 1 0.459137628125 1
0 0.8768110921875 0.8531474125 0.891303478125 0.8636371328125 0.934782821875 0.8566432515625 0.9420279234375 0.84615353125 0.944445140625 0.8216782515625001 0.9323677874999999 0.7867132515625 0.91304315 0.7622379718750001 0.8961357296875001 0.7622379718750001 0.8768110921875 0.8006988109375 0.8719810234375001 0.8251740906249999 0.8768110921875 0.8531474125
1 0.9734299125 0.307692971875 0.9637675937499999 0.27272797187500003 0.9492752078125 0.25874020937500003 0.9178754015624999 0.265734090625 0.9082130828125001 0.27971965 0.92270546875 0.30279615312499997 0.9338154968750001 0.31363611874999997 0.9468601734375 0.32167853125 0.9565224921875 0.3286724125 0.9734299125 0.307692971875
1 0.17632900468749999 0.18181853125 0.1521743 0.1573432515625 0.1038648890625 0.1503493703125 0.065217796875 0.17482465 0.0579705125 0.1923082515625 0.065217796875 0.25174853124999996 0.0821252171875 0.2972032515625 0.10627992343749999 0.3391599296875 0.12318734375 0.34964965000000003 0.14009694687500002 0.2972032515625 0.16183661875 0.25524437031249997 0.190821390625 0.22027937031249997 0.190821390625 0.20978965 0.17632900468749999 0.18181853125
1 0.41545884062500005 0.0314688109375 0.4106287734375 0.04195853125 0.41304380625 0.0804193703125 0.43236626093749997 0.11188853125 0.4589381828125 0.1223782515625 0.5193227640625 0.1223782515625 0.531400115625 0.1153843703125 0.531400115625 0.1013988109375 0.509662628125 0.06992965 0.50241534375 0.0314688109375 0.48792295625 0.00699353125 0.4637682515625 0.00699353125 0.41545884062500005 0.0314688109375
1 0.1521743 0.7587421328125 0.118357275 0.7307688109375 0.0724628984375 0.727272971875 0.06763283125 0.7307688109375 0.06763283125 0.7482524125000001 0.08695746875 0.7937071328124999 0.099034821875 0.8566432515625 0.099034821875 0.9475526921874999 0.118357275 0.95104853125 0.1449270140625 0.9265732515625 0.1642516515625 0.88111853125 0.1690817203125 0.8566432515625 0.1690817203125 0.7937071328124999 0.1521743 0.7587421328125
1 0.6932357687499999 0.5979026921874999 0.681158415625 0.6048943703125 0.649758609375 0.650349090625 0.635266221875 0.6958038109375 0.635266221875 0.7587421328125 0.649758609375 0.7587421328125 0.681158415625 0.7167832515625 0.7246377578125001 0.6818182515625 0.7705321359374999 0.6678326921875 0.7705321359374999 0.650349090625 0.7270527921875 0.60139853125 0.6932357687499999 0.5979026921874999
1 0.5144926953125 0.3391599296875 0.5120776625000001 0.35664353125 0.5386474015625 0.3741249296875 0.5797095265625 0.4230776921875 0.5990341640625 0.45454465 0.6111115171875 0.5034974125 0.6231888703124999 0.5034974125 0.6449285406249999 0.4440549296875 0.6425113234375 0.377622971875 0.6328511890625 0.34265797187499997 0.6086964828125 0.3181826921875 0.5579720390625 0.3181826921875 0.5144926953125 0.3391599296875
1 0.751207496875 0.062937971875 0.7270527921875 0.0454543703125 0.6956529859375 0.03496465 0.6425113234375 0.048950209375 0.6376812562499999 0.059439929687500004 0.6425113234375 0.0804193703125 0.6666660296875 0.10489465 0.7294678265625001 0.14685353125 0.75362253125 0.15384520937499999 0.7922696234375 0.15384520937499999 0.7995169078125001 0.14685353125 0.797101875 0.1223782515625 0.7898545890625 0.11188853125 0.77294716875 0.1013988109375 0.751207496875 0.062937971875
1 0.9178754015624999 0.46153853125 0.879226125 0.45454465 0.8550714203125 0.47901992968749996 0.8550714203125 0.5104890906249999 0.89806819375 0.5587413640625 0.9241553625 0.5657352453125 0.9420279234375 0.552447971875 0.9420279234375 0.5104890906249999 0.9178754015624999 0.46153853125
1 1 0.09890016093750001 0.9927545500000001 0.0944049296875 0.9806771984375 0.097902971875 0.9516902421875001 0.1223782515625 0.8429962515625 0.1573432515625 0.7995169078125001 0.1853143703125 0.7850245218749999 0.20629381093750002 0.7850245218749999 0.24825269218749998 0.80676419375 0.2692299296875 0.8478263187499999 0.265734090625 0.8864734109375 0.237762971875 0.9879222999999999 0.19929992968750002 1 0.1891784609375 1 0.09890016093750001