3 0.55601633125 0.36335504375 0.537344265625 0.360249428125 0.5228213109375 0.37266976406249996 0.5207478171875 0.3975146828125 0.5352707718749999 0.4192539875 0.5518672203125 0.42857083281249997 0.5705392859375 0.4192539875 0.5726149046875 0.39130345312500003 0.55601633125 0.36335504375
1 1 0.9023979687500001 0.975104265625 0.9503098874999999 0.973028646875 0.9813660375 0.9834024890625 0.9875772671874999 1 0.9761101 1 0.9023979687500001
3 1 0.2608697515625 0.99792544375 0.2608697515625 0.9854781078125001 0.2763978265625 0.9896272203124999 0.3043483609375 1 0.3077988484375 1 0.2608697515625
1 0.9709542703125 0 0.9585056921874999 0.0155282984375 0.9543565812500001 0.0310563734375 0.9585056921874999 0.059006906250000005 0.973028646875 0.07453498125 0.99377633125 0.0807462109375 1 0.07958167968749999 1 0 0.9709542703125 0
3 0.881741809375 0.012422682812499999 0.871370090625 0.012422682812499999 0.8443976765625001 0.037267603125 0.8423241828125001 0.052795676562500005 0.8485467890624999 0.06211252187500001 0.8858930453125 0.07142936718750001 0.8962647640625001 0.0683237515625 0.8962647640625001 0.034161987500000005 0.881741809375 0.012422682812499999
3 0.9439827390625 0.3260876640625 0.9232371781250001 0.32298205 0.9128633359375 0.335404509375 0.9149368296875 0.3664606578125 0.9232371781250001 0.3881978390625 0.9377601328124999 0.4037259125 0.970955153125 0.3850922234375 0.9626548046875 0.350932584375 0.9439827390625 0.3260876640625
1 0.9024894937499999 0.7732919625 0.9004138749999999 0.71739089375 0.8879665390625 0.695651590625 0.871370090625 0.695651590625 0.829874721875 0.7267077390625001 0.829874721875 0.7453414281249999 0.8423241828125001 0.7546582734375 0.8672209796875 0.760869503125 0.8879665390625 0.776397578125 0.9024894937499999 0.7732919625
1 0.7904570953125 0.335404509375 0.7676337921874999 0.375775378125 0.7676337921874999 0.4192539875 0.7904570953125 0.42546521718749997 0.829874721875 0.40993714218750005 0.8526980249999999 0.3850922234375 0.8526980249999999 0.36335504375 0.8402485640625 0.338510125 0.8215764984374999 0.3260876640625 0.80290443125 0.3260876640625 0.7904570953125 0.335404509375
1 0.1327792859375 0.14285638437499998 0.11203372656249999 0.1645956890625 0.1099581078125 0.1801237640625 0.11825633124999999 0.18633499375 0.1535269703125 0.183229378125 0.1659743078125 0.1645956890625 0.1659743078125 0.133539540625 0.1535269703125 0.130433925 0.1327792859375 0.14285638437499998
1 0.22062022812499998 1 0.2248139421875 0.9931682234375 0.23056066406250003 0.9558689812500001 0.22288278906249998 0.934348471875 0.21138934374999999 0.9185718640625 0.19508395 0.9185718640625 0.18072670468750002 0.9042227328125 0.1634652953125 0.8984788328125 0.150040696875 0.9199993421875 0.13566433125 0.9673291671875001 0.1347594421875 1 0.22062022812499998 1
1 0.3817430046875 0.462732596875 0.36722005 0.4658382109375 0.3506214765625 0.49378874531249994 0.35269709531250004 0.5093168203125 0.358921825 0.51552805 0.39419034062499997 0.51552805 0.3983394515625 0.5062112046875 0.39419034062499997 0.47515505625000004 0.3817430046875 0.462732596875
1 0.41701123281249997 1 0.41701151875000003 0.9999997265625 0.42531186718749997 0.9627323484374999 0.41286240625000004 0.9254649687500001 0.387967734375 0.90993689375 0.3713691625 0.9130425093750001 0.36099531875 0.9254649687500001 0.3485479828125 0.9751548078125 0.3500559953125 1 0.41701123281249997 1
1 0.7883814765625 0.4565213671875 0.778007634375 0.47515505625000004 0.778007634375 0.49068312968749994 0.7883814765625 0.512422434375 0.80705354375 0.499999975 0.8381750703125 0.49378874531249994 0.8443976765625001 0.48447190000000007 0.8443976765625001 0.45962698125 0.827801228125 0.44409890625 0.8112026562500001 0.4409932921875 0.7883814765625 0.4565213671875
1 0.8921156515625001 0.531056125 0.8672209796875 0.531056125 0.85892063125 0.5465841984375001 0.85892063125 0.568323503125 0.8651453609375 0.5745347328125 0.8858930453125 0.57142911875 0.8941912703125 0.5496898140625001 0.8921156515625001 0.531056125
1 0.8734435843749999 0.8043481124999999 0.8485467890624999 0.8571435656249999 0.8485467890624999 0.8850941000000001 0.8568471375 0.9006221734375 0.8672209796875 0.8975165593750001 0.9024894937499999 0.8633547953124999 0.925310671875 0.866460409375 0.9336110203124999 0.84472110625 0.9149368296875 0.8198761859375001 0.9087142234375 0.801242496875 0.8734435843749999 0.8043481124999999
1 0.7095441 0.70807405 0.7053949875 0.65217298125 0.678422571875 0.62111895625 0.6535279 0.6242245718749999 0.6203328796875 0.655278596875 0.6203328796875 0.6708066703125 0.636929328125 0.6770179 0.684647303125 0.71739089375 0.6970946390625 0.720496509375 0.7095441 0.70807405
1 0.4958510203125 0.57142911875 0.5145230875 0.60559088125 0.533195153125 0.6180133421875 0.5539428375 0.62111895625 0.580913128125 0.6024852671875001 0.582986621875 0.5776403484375 0.5788375109375 0.5621122734374999 0.55601633125 0.52484489375 0.5352707718749999 0.512422434375 0.50829835625 0.512422434375 0.49792451406250005 0.52484489375 0.4958510203125 0.57142911875
1 0.5788375109375 0.531056125 0.5933604640625 0.5372673546875 0.605809925 0.51552805 0.6431540578125 0.49068312968749994 0.6473031703125 0.47515505625000004 0.636929328125 0.45962698125 0.6099590375 0.44409890625 0.5954360828125 0.4503101359375 0.5726149046875 0.49378874531249994 0.5788375109375 0.531056125
1 0.70331936875 0.4192539875 0.6991702578125001 0.3850922234375 0.680498190625 0.3664606578125 0.6576770125 0.3695662734375 0.6390049453125 0.39130345312500003 0.6410784390625001 0.406831528125 0.6576770125 0.40993714218750005 0.684647303125 0.4378876765625 0.6970946390625 0.43478206249999996 0.70331936875 0.4192539875
1 0.5912869703125 0.25776413593749997 0.6016608125 0.2608697515625 0.6203328796875 0.239130446875 0.6410784390625001 0.2360248328125 0.6452275515625 0.229813603125 0.6431540578125 0.214285528125 0.6224063734375 0.1956518390625 0.6037343078124999 0.19875745312499998 0.5912869703125 0.2329192171875 0.5912869703125 0.25776413593749997
1 0.3278002984375 0.7546582734375 0.3278002984375 0.7732919625 0.342323253125 0.7919256515625 0.36099531875 0.79813688125 0.36722005 0.8074537265625 0.3713691625 0.838509875 0.387967734375 0.838509875 0.39626595781249996 0.8074537265625 0.3838164984375 0.7701863484375 0.3838164984375 0.7422358140624999 0.36514443124999996 0.7267077390625001 0.344398871875 0.7298133546875001 0.3278002984375 0.7546582734375
1 0.292531784375 0.32298205 0.27800882968749996 0.335404509375 0.2593367640625 0.37888099375 0.2593367640625 0.39130345312500003 0.29460527812500004 0.39440906875000004 0.3029035015625 0.3850922234375 0.30497912031249996 0.3540381984375 0.292531784375 0.32298205
1 0.23612043124999998 0.128664446875 0.2493771953125 0.1274217765625 0.2543569796875 0.106366471875 0.2419287640625 0.10512380156250001 0.2311618921875 0.11751652187499999 0.23612043124999998 0.128664446875
3 0.197095834375 0.052795676562500005 0.18672199218750002 0.0683237515625 0.1846463734375 0.0993799 0.190871103125 0.118011465625 0.2033205640625 0.1149058515625 0.21576789999999998 0.07453498125 0.2136922828125 0.0496900625 0.197095834375 0.052795676562500005
1 0.11410722031250001 0.05590129218749999 0.1390040171875 0.0403732171875 0.143153128125 0.0248451421875 0.1348549046875 0.012422682812499999 0.12033195000000001 0.012422682812499999 0.095435153125 0.034161987500000005 0.09336165937499999 0.0496900625 0.097510771875 0.05590129218749999 0.11410722031250001 0.05590129218749999