1 0.10605956718750001 0.6111103203125 0.098485540625 0.589506765625 0.08658112500000001 0.5817891359375 0.073592034375 0.5817891359375 0.0627702171875 0.5910498765625001 0.0454548921875 0.6234572843749999 0.0270569703125 0.6481491359375 0.019480865625 0.6805565437500001 0.019480865625 0.7006169875 0.0270569703125 0.70833254375 0.038961385937499995 0.70833254375 0.0595245015625 0.6851858765625 0.073592034375 0.674382025 0.0887442421875 0.6682095796875 0.10064865781250001 0.65277846875 0.10605956718750001 0.6234572843749999 0.10605956718750001 0.6111103203125
1 0.7261904765625 0.3966054328125 0.7218621640625 0.3858015796875 0.712120865625 0.378086025 0.699133853125 0.373456690625 0.668831515625 0.37037046875 0.662338009375 0.381172246875 0.6601728140625001 0.4027778765625 0.6612554109375 0.421297284375 0.668831515625 0.441357728125 0.675325021875 0.449073284375 0.6839837234374999 0.449073284375 0.6904772296874999 0.43981461718750003 0.7088751515625 0.43055595 0.718614371875 0.41203654375000004 0.7261904765625 0.4058640984375 0.7261904765625 0.3966054328125
1 0.69372294375 0.0493826171875 0.692640346875 0.029320098437499997 0.6861468390625001 0.023147654687499998 0.6677489171875 0.024690765625 0.6352813859374999 0.0493826171875 0.628787878125 0.0632706171875 0.63203359375 0.0833331359375 0.639609696875 0.091048690625 0.6482683984375 0.09413491406249999 0.66342060625 0.09259180312500001 0.6709946328124999 0.08796246875 0.68073593125 0.077160690625 0.6915577484375001 0.0570981734375 0.69372294375 0.0493826171875
1 0.46969800937499995 0.2638895796875 0.4686154109375 0.2438270625 0.427489178125 0.19907476562499998 0.416667359375 0.19444543281249999 0.3474019046875 0.2577150625 0.3225104765625 0.270062025 0.308440865625 0.28086380312500003 0.3051951515625 0.28703624687499996 0.3062777484375 0.3101849875 0.321427878125 0.3487648390625 0.3300865796875 0.3827153578125 0.33874528125 0.3919760984375 0.35173229375 0.3966054328125 0.3798694375 0.3966054328125 0.3896107359375 0.3919760984375 0.4134195671875 0.3688273578125 0.43506528125 0.34104928437500004 0.44805229375 0.3194436546875 0.457791515625 0.293210765625 0.4610393078125 0.29012246875000003 0.46969800937499995 0.2638895796875
1 0.5595245015625 0.5277781734375 0.5595245015625 0.51851950625 0.5551941125 0.5108018765625 0.5400439828125 0.509258765625 0.5183982687500001 0.51851950625 0.5032460609375 0.535493728125 0.5000003468750001 0.5447523953125 0.5000003468750001 0.5570993578125 0.5097395671875 0.5648149140625 0.5270569703125 0.5648149140625 0.5400439828125 0.55864246875 0.5551941125 0.5401230625 0.5595245015625 0.5277781734375
1 0.42532398281250006 0.535493728125 0.4199130734375 0.49691387656249997 0.4069260609375 0.49382765468749995 0.3712128140625 0.5108018765625 0.314934371875 0.5524700250000001 0.3008647625 0.57253046875 0.29653645 0.58642054375 0.2943733328125 0.6172848390625 0.2997842421875 0.6342590625 0.30735826875 0.643517728125 0.32034528125 0.6512353578125001 0.35173229375 0.6543215796874999 0.3777063203125 0.6450608390625 0.40259774843749996 0.6234572843749999 0.41774787812499997 0.595679209375 0.42424346249999995 0.566358025 0.42532398281250006 0.535493728125
1 0.1309530734375 0.50617254375 0.122294371875 0.4891983203125 0.115800865625 0.48456691406249996 0.10714216406249999 0.48456691406249996 0.0952377484375 0.49228454375 0.0714289171875 0.495370765625 0.0627702171875 0.5015432093750001 0.058441904687500004 0.5123449875 0.058441904687500004 0.5277781734375 0.06168761874999999 0.53857995 0.073592034375 0.55864246875 0.08333333281250001 0.566358025 0.1017312546875 0.5679011359375 0.1168834625 0.5601855796875 0.1255400859375 0.5478386171875 0.13203567031250002 0.5262350625 0.1309530734375 0.50617254375
1 0.1796533328125 0.6790113578125 0.1677489171875 0.6913583203125 0.162338009375 0.703703209375 0.1612554109375 0.717593284375 0.1709946328125 0.74691446875 0.2034621640625 0.76080246875 0.22294268437500003 0.757716246875 0.23051878750000002 0.7484575796875 0.23051878750000002 0.7330243953125 0.225107878125 0.72067950625 0.2045447625 0.697530765625 0.194805540625 0.6805565437500001 0.1893946328125 0.677468246875 0.1796533328125 0.6790113578125
1 0.4740263203125 0.7253088390625 0.4610393078125 0.73456750625 0.45887411250000004 0.7438261734375 0.477272034375 0.765431803125 0.5324678781250001 0.797839209375 0.5422070999999999 0.7962960984375 0.5530309953125 0.8024685437500001 0.5930746328125001 0.8101861734375 0.6244595671875001 0.8086409874999999 0.63203359375 0.8009254328125 0.628787878125 0.7932098765625 0.6168834624999999 0.78858054375 0.6060595671875 0.7716042468750001 0.6017312546875 0.7530869140625 0.586581125 0.72067950625 0.5876616453125 0.7098756546875 0.602813853125 0.6882720984375 0.602813853125 0.6836427656249999 0.5974029437499999 0.6790113578125 0.5833333328125 0.6836427656249999 0.5703463203125 0.674382025 0.5519483984375 0.6728389140625 0.5129873593750001 0.6820996546875 0.4945894375 0.6929014328124999 0.4740263203125 0.7253088390625
1 0.490259046875 0.6990738765625 0.490259046875 0.6913583203125 0.483765540625 0.6851858765625 0.45238060625000004 0.6898152093750001 0.423160865625 0.7098756546875 0.42207826875 0.7222226171874999 0.427489178125 0.7299381734375 0.43831099531250006 0.7361106171875 0.4621219046875 0.7361106171875 0.4729437234375 0.7283950625 0.483765540625 0.7145070625 0.490259046875 0.6990738765625
1 0.8628253921875 1 0.8593083984375 0.9799387656249999 0.8441561906249999 0.959876246875 0.8354974890625 0.9567900249999999 0.8268387875000001 0.959876246875 0.8203473593749999 0.9783956546875 0.8235930734375 0.9969129875 0.8264796000000001 1 0.8628253921875 1
1 0.4264065796875 0.8456798031250001 0.428571775 0.831789728125 0.4264065796875 0.8271603953125 0.4145021640625 0.8271603953125 0.380952034375 0.83487595 0.375541125 0.8425935796875 0.375541125 0.8533953578125001 0.3885281390625 0.862654025 0.410173853125 0.8611109140625001 0.4264065796875 0.8456798031250001
1 0.3657998265625 0.7808649875 0.3657998265625 0.7731473578125 0.3603889171875 0.7669749140625 0.3246756703125 0.7700611359375 0.3116886578125 0.7762335796875 0.30735826875 0.7870374328125 0.3106060609375 0.7947529875 0.3160169703125 0.797839209375 0.33874528125 0.797839209375 0.361471515625 0.7870374328125 0.3657998265625 0.7808649875
1 0.45419480781250005 1 0.46536761875000004 0.9583331359375 0.4664502171875 0.9429020250000001 0.463202425 0.9320981734375 0.446969696875 0.9104946171874999 0.440476190625 0.9074083953125 0.43181748906250006 0.90895150625 0.4069260609375 0.9320981734375 0.3712128140625 0.9583331359375 0.361471515625 0.972223209375 0.3603889171875 0.9830249875 0.367965021875 0.9969129875 0.368777040625 1 0.45419480781250005 1
1 0.192640346875 0.8981476546874999 0.19372294375000002 0.885802765625 0.1872294375 0.8796303203125 0.1655837234375 0.88271654375 0.1417748921875 0.8981476546874999 0.13744657968750001 0.90895150625 0.1417748921875 0.919753284375 0.1493509953125 0.925925728125 0.16342060625 0.925925728125 0.1872294375 0.90895150625 0.192640346875 0.8981476546874999
1 0 0.9932899374999999 0.0227265796875 0.9876543203124999 0.030302684375 0.9830249875 0.036796190625 0.972223209375 0.03571359375 0.9567900249999999 0.0227265796875 0.9506175796875 0 0.9506175796875 0 0.9932899374999999
4 0.786131378125 1 0.7878798265625 0.9953698765624999 0.7889603468749999 0.9753094328125 0.7867972296875 0.9675918031249999 0.7943733328125 0.959876246875 0.797619046875 0.9382706171875 0.79653645 0.9305550625000001 0.7792211250000001 0.9228395062500001 0.7380948921875 0.9135808390625 0.7305187875 0.9151239500000001 0.7261904765625 0.925925728125 0.7218621640625 0.9614193578125001 0.7132034625 0.9984560984374999 0.7132034625 1 0.786131378125 1
4 0 0.7506807 0.0119047625 0.7561731359375 0.0346330734375 0.76080246875 0.056276709375 0.77469046875 0.0941551515625 0.777778765625 0.10822476249999999 0.7932098765625 0.12337697031249999 0.8009254328125 0.12770528125 0.8086409874999999 0.1298704765625 0.8086409874999999 0.133116190625 0.7993823203125 0.1417748921875 0.7993823203125 0.1699141125 0.811729284375 0.192640346875 0.8101861734375 0.199133853125 0.8240741734375 0.225107878125 0.8333328390625001 0.2316013859375 0.8395052843749999 0.2445883984375 0.8410483953125001 0.2813863203125 0.862654025 0.301947359375 0.8672833578124999 0.30735826875 0.8719126906250001 0.3170995671875 0.8719126906250001 0.32575826874999997 0.8611109140625001 0.3225104765625 0.8425935796875 0.313853853125 0.8287035062499999 0.314934371875 0.8209879499999999 0.3106060609375 0.8132723953125 0.308440865625 0.7993823203125 0.29653645 0.7854943203125 0.295453853125 0.7716042468750001 0.2857146328125 0.757716246875 0.2867972296875 0.7484575796875 0.2835494375 0.7361106171875 0.2619058015625 0.6867289875 0.2564928140625 0.663580246875 0.212120865625 0.55864246875 0.2045447625 0.53240750625 0.1839837234375 0.4861120984375 0.1720772296875 0.45061639531250003 0.16342060625 0.43981461718750003 0.16342060625 0.4320990625 0.1482683984375 0.43055595 0.0995681390625 0.46450646874999996 0.08441593124999999 0.47222202500000005 0.07792242499999999 0.47222202500000005 0.073592034375 0.4799375796875 0.056276709375 0.49382765468749995 0.0422071 0.5000000984375 0.0378787875 0.50617254375 0 0.5320979312499999 0 0.7506807
4 0.626622684375 0.3626549140625 0.5800855406250001 0.3888898765625 0.5800855406250001 0.3966054328125 0.5898268390625 0.40740720937499997 0.6428574890625 0.441357728125 0.6612554109375 0.458334025 0.6839837234374999 0.4706789140625 0.7045447625000001 0.487655209375 0.7142860609375 0.487655209375 0.717531775 0.48302380312500004 0.7283556703125 0.4459870625 0.7305187875 0.4135796546875 0.7207795671875 0.3996916546875 0.7153686578125 0.4104934328125 0.7077925546875 0.41512276562499995 0.7034621640625 0.4104934328125 0.7077925546875 0.40740720937499997 0.7077925546875 0.40123476562500004 0.701299046875 0.40123476562500004 0.699133853125 0.4058640984375 0.6872294375 0.40123476562500004 0.6872294375 0.3950623203125 0.6915577484375001 0.387344690625 0.70670995625 0.387344690625 0.7088751515625 0.38425846875 0.705627359375 0.37962913593750003 0.694805540625 0.37499980312500003 0.66342060625 0.3719135796875 0.6558445015625 0.3657411359375 0.626622684375 0.3626549140625
1 0.1352813859375 0.7299381734375 0.1352813859375 0.71296395 0.128787878125 0.7067894328125 0.11147255468749999 0.7114187656250001 0.0995681390625 0.7283950625 0.0995681390625 0.74691446875 0.109307359375 0.7500006906250001 0.1298704765625 0.74073995 0.1352813859375 0.7299381734375
1 0 0.6648661734375 0.0054112546875 0.671295803125 0.019480865625 0.669752690625 0.0292200859375 0.6450608390625 0.0292200859375 0.6358021734375 0.023809178125 0.6280866171875 0.009739567187500001 0.6250003953125 0 0.63131285625 0 0.6648661734375
1 0.701299046875 0.7561731359375 0.6893946328125 0.74073995 0.6785707359375001 0.7422830625 0.6677489171875 0.7484575796875 0.652596709375 0.763888690625 0.646103203125 0.7762335796875 0.6471858015625 0.7870374328125 0.658009696875 0.8024685437500001 0.674242425 0.8132723953125 0.67640761875 0.817901728125 0.6839837234374999 0.8148155062500001 0.692640346875 0.8055547656250001 0.7023816453125 0.77469046875 0.701299046875 0.7561731359375
1 0.7088751515625 0.8472229140625 0.699133853125 0.8564815796874999 0.6980512546875 0.8672833578124999 0.70670995625 0.8796303203125 0.7218621640625 0.88271654375 0.7261904765625 0.8765440984374999 0.7261904765625 0.858024690625 0.7207795671875 0.848766025 0.7088751515625 0.8472229140625
1 0.7770247625 0.97140395 0.7823483984374999 0.970879209375 0.78357229375 0.9649846906249999 0.7823483984374999 0.9603698765625 0.7811141125 0.95510795 0.778658009375 0.948101728125 0.77128761875 0.948101728125 0.7680086578124999 0.955632690625 0.762685021875 0.9608946171875001 0.7663754109375 0.9684878031249999 0.77128761875 0.9697073578125 0.7770247625 0.97140395
1 0.6082247625 0.9367275062499999 0.6060595671875 0.9305550625000001 0.598485540625 0.9228395062500001 0.5822507359375 0.9228395062500001 0.566018009375 0.9305550625000001 0.5573593078125 0.9413589140624999 0.5519483984375 0.9567900249999999 0.5508658015625 0.9691349140625001 0.55411359375 0.9830249875 0.5638528140625 0.9891974328125 0.5757572296875 0.9891974328125 0.591992034375 0.9830249875 0.6060595671875 0.966048690625 0.6082247625 0.9367275062499999
1 0.55411359375 0.831789728125 0.556276709375 0.8287035062499999 0.556276709375 0.817901728125 0.5519483984375 0.8055547656250001 0.5411245015625 0.7962960984375 0.5313852812500001 0.7993823203125 0.5194808656250001 0.8132723953125 0.5194808656250001 0.8225310625000001 0.5238091781249999 0.8271603953125 0.543289696875 0.831789728125 0.55411359375 0.831789728125
1 0.446969696875 0.8750009875 0.45021541093749995 0.858024690625 0.44480450156250007 0.8564815796874999 0.43831099531250006 0.8595678031249999 0.4209956703125 0.8750009875 0.410173853125 0.8780872093750001 0.40909125468749996 0.8842596546875001 0.416667359375 0.8919752093750001 0.43181748906250006 0.8935183203125 0.446969696875 0.8750009875
1 0.218614371875 0.9506175796875 0.21969697031250002 0.939815803125 0.21103826875 0.9305550625000001 0.20021645000000002 0.9305550625000001 0.192640346875 0.9367275062499999 0.1904751515625 0.9475313578125 0.194805540625 0.9567900249999999 0.20887515156249997 0.9583331359375 0.218614371875 0.9506175796875
1 0.04870060625 0.797839209375 0.04870060625 0.8101861734375 0.056276709375 0.817901728125 0.0746746328125 0.8209879499999999 0.10714216406249999 0.8101861734375 0.1168834625 0.8040116546875 0.1190486578125 0.797839209375 0.11255307343750001 0.7901236546875 0.0811681390625 0.777778765625 0.073592034375 0.777778765625 0.0627702171875 0.7916667656249999 0.04870060625 0.797839209375
1 0.1850642421875 0.5632718031249999 0.1861468390625 0.5540131359375 0.1731598265625 0.5401230625 0.1569271 0.5401230625 0.146103203125 0.5540131359375 0.146103203125 0.5787029140625 0.1493509953125 0.5833343203125 0.1590902171875 0.5833343203125 0.1699141125 0.5787029140625 0.1850642421875 0.5632718031249999
1 0.3593083984375 0.1543203953125 0.3603889171875 0.1435186171875 0.35714320312500003 0.13580306250000002 0.3463213859375 0.131173728125 0.2943733328125 0.1435186171875 0.2867972296875 0.1496910625 0.284632034375 0.1666673578125 0.2878777484375 0.175926025 0.295453853125 0.185184690625 0.3051951515625 0.189814025 0.3246756703125 0.19135713593749998 0.3452387875 0.1774691359375 0.3593083984375 0.1543203953125