1 0 0.9364402125 0.016853370312499998 0.9025432796875 0.0112368546875 0.79237290625 0 0.7782496734375 0 0.9364402125
1 1 0.701271571875 0.9943829781250001 0.6991534328125 0.98876438125 0.7330510421875001 0.9999994937500001 0.7669486531249999 1 0.7669491984375 1 0.701271571875
1 0.8386392468749999 0 0.85112438125 0.0169498984375 0.8679780906250001 0.0254232546875 0.8960669093750001 0.0211865765625 0.89294666875 0 0.8386392468749999 0
1 0.8792132015625 0.5932197375 0.8455057859374999 0.6016951859375 0.8314603375 0.6313561187500001 0.8342706734374999 0.6525416015625 0.8679780906250001 0.673729178125 0.9044937640624999 0.6779658562499999 0.9185392140624999 0.6610170515625 0.9073041015625 0.6186439921875 0.8792132015625 0.5932197375
1 0.8314603375 0.03813538125 0.783707471875 0.042372059375 0.76404550625 0.0677963140625 0.75000005625 0.11440605156250001 0.7556186515625 0.18644004218750002 0.769662021875 0.21186429687500002 0.797752921875 0.22881310156249998 0.8314603375 0.2245764234375 0.8567408984375 0.20762761875 0.8764049437500001 0.165254559375 0.87359460625 0.0974572453125 0.85112438125 0.055084185937499995 0.8314603375 0.03813538125
1 0.3314614609375 0.12711817812499998 0.3426965734375 0.1059326953125 0.33988831406250003 0.080508440625 0.32865112343749997 0.0677963140625 0.3033705625 0.0720329921875 0.2837085953125 0.1059326953125 0.2808982578125 0.14406698281250002 0.300562303125 0.1483057546875 0.3314614609375 0.12711817812499998
5 0.9949442140625001 0.3194495421875 0.9533711796875 0.32555127968750003 0.9543814046874999 0.35004195781249997 0.9949442140625001 0.34084644062499997 0.9949442140625001 0.3194495421875
1 0.4208804375 1 0.42134859531249996 0.9957627546875001 0.41292174218750005 0.9830506265625001 0.3792143265625 0.9830506265625001 0.3548693421875 1 0.4208804375 1
1 0.5365162921875 0.851694771875 0.522472921875 0.834745965625 0.50000061875 0.83898264375 0.48876342656249994 0.8559314484374999 0.49157376406250003 0.8983045078125 0.5084274718749999 0.919492084375 0.530899775 0.9152533140625 0.5421348874999999 0.8940678312499999 0.5365162921875 0.851694771875
1 0.63764061875 0.4788126859375 0.620786909375 0.5127123890624999 0.620786909375 0.5720342546875 0.6292137640625 0.58474638125 0.6488757296875 0.54661 0.6769666296875 0.5254245171874999 0.72471949375 0.5381345515625 0.72471949375 0.5127123890624999 0.6994389328125 0.47033933125000005 0.6544943265625001 0.466102653125 0.63764061875 0.4788126859375
1 0.7162926406250001 0.8855923812500001 0.7162926406250001 0.84745809375 0.7078657859375 0.8220338390625 0.6966285953125 0.8135583890625 0.668539775 0.8177971609375 0.632022021875 0.8432193218749999 0.6039332015625 0.8983045078125 0.5955063484374999 0.9449142453125001 0.59831460625 0.9661018218749999 0.6179765734375 0.9661018218749999 0.646067471875 0.9449142453125001 0.682585225 0.9491530171875 0.7078657859375 0.919492084375 0.7162926406250001 0.8855923812500001
1 0.4044948875 0.338983475 0.42134859531249996 0.338983475 0.45786427031250004 0.364407728125 0.47190971875 0.364407728125 0.47752831406249996 0.3516956015625 0.46910146093750005 0.28813496562499996 0.43539404531250003 0.24576190625 0.3988762921875 0.24576190625 0.370787471875 0.27118616093750003 0.35674202187500004 0.3093225421875 0.35955028125 0.3559322796875 0.4044948875 0.338983475
1 0.19662971875 0.0720329921875 0.1657305625 0.1059326953125 0.1657305625 0.12711817812499998 0.1825842703125 0.14406698281250002 0.2022462359375 0.14406698281250002 0.2162916859375 0.1228815 0.2134834265625 0.0889838890625 0.19662971875 0.0720329921875
1 0.20786483125 0.2245764234375 0.17134915781249999 0.2245764234375 0.1488768546875 0.241525228125 0.1348314046875 0.26694948281249997 0.12640455 0.305083771875 0.12640455 0.330508025 0.13763966249999998 0.36016895781249997 0.174157415625 0.364407728125 0.199437978125 0.330508025 0.24157224687499998 0.305083771875 0.244382584375 0.2838982875 0.23314539375 0.25000067812500004 0.20786483125 0.2245764234375
1 0.2022462359375 0.4788126859375 0.2022462359375 0.466102653125 0.1769656734375 0.4364417203125 0.162922303125 0.4406783984375 0.1488768546875 0.4745760078125 0.1460665171875 0.5127123890624999 0.1516851125 0.5338978734375 0.1825842703125 0.5211857453125 0.2022462359375 0.4788126859375
1 0.300562303125 0.6355927968749999 0.2724714046875 0.6355927968749999 0.24719084218749998 0.6694924999999999 0.25280943749999996 0.7161022375 0.297751965625 0.7076267875 0.3174160109375 0.682202534375 0.3174160109375 0.6610170515625 0.300562303125 0.6355927968749999
1 1 0.9370465765624999 0.9971912359375 0.9322042125 0.9719106734375 0.9110166359375 0.9522466296875001 0.9067799578125 0.9410115171875001 0.9152533140625 0.9382032578124999 0.9406775671875 0.9634838203125 0.9915260765625 0.9646070874999999 1 1 1 1 0.9370465765624999
1 0.6741562921875001 0.28813496562499996 0.6488757296875 0.2923737375 0.63764061875 0.305083771875 0.63764061875 0.33474679687500003 0.6488757296875 0.343220153125 0.6966285953125 0.343220153125 0.6994389328125 0.33474679687500003 0.6938203374999999 0.305083771875 0.6741562921875001 0.28813496562499996