4 0.148148 0.340774 0.156746 0.339782 0.188492 0.342758 0.20105800000000001 0.342262 0.210318 0.344246 0.22618999999999997 0.344246 0.22817400000000002 0.33879000000000004 0.22618999999999997 0.332342 0.21891600000000003 0.321428 0.21560800000000002 0.318948 0.212302 0.312996 0.20899399999999999 0.31002 0.191138 0.279762 0.170634 0.251488 0.165344 0.246528 0.16336 0.24008 0.155424 0.22966199999999998 0.14947 0.21775799999999998 0.14285799999999998 0.212798 0.135582 0.213294 0.13029200000000002 0.217262 0.113756 0.235616 0.093254 0.253968 0.089948 0.258928 0.078042 0.270338 0.065476 0.279762 0.048942 0.299604 0.030424 0.315476 0.02447 0.32242000000000004 0.025794 0.32887 0.030424 0.331846 0.039022 0.33135 0.051588 0.33382999999999996 0.07672 0.334326 0.091932 0.337302 0.121694 0.338294 0.148148 0.340774
4 0.224206 0.219246 0.239418 0.21875 0.250662 0.21974200000000002 0.273148 0.224206 0.300264 0.22618999999999997 0.309524 0.22618999999999997 0.321428 0.22371 0.335978 0.227678 0.342592 0.225694 0.33994800000000003 0.215278 0.33002600000000004 0.197916 0.321428 0.188492 0.311508 0.170634 0.27381 0.114088 0.265874 0.10664599999999999 0.260582 0.099206 0.253306 0.10019800000000001 0.24603199999999997 0.105158 0.199736 0.150794 0.190476 0.157242 0.186508 0.162698 0.160052 0.188988 0.15344 0.19741999999999998 0.145502 0.204366 0.14616400000000002 0.210814 0.14881 0.212798 0.16336 0.213294 0.175264 0.215278 0.190476 0.215774 0.21164 0.218254 0.218254 0.21775799999999998 0.224206 0.219246
4 0.3503086671875 0 0.343254 0.007936 0.32209 0.027778000000000004 0.318122 0.033729999999999996 0.306216 0.044146000000000005 0.290344 0.062004000000000004 0.27777799999999997 0.07242 0.26455 0.085814 0.26455 0.090278 0.266534 0.093254 0.27381 0.093254 0.28373 0.09623000000000001 0.295634 0.096726 0.315476 0.099702 0.33201 0.099702 0.337962 0.09870999999999999 0.34986799999999996 0.102678 0.357804 0.10119 0.367064 0.10416600000000001 0.38955 0.10416600000000001 0.398148 0.105654 0.40674599999999994 0.105654 0.416006 0.107142 0.42724799999999996 0.10664599999999999 0.44245999999999996 0.10863 0.455026 0.10863 0.45767199999999997 0.10317400000000002 0.45701 0.09870999999999999 0.439154 0.076388 0.423942 0.052084 0.420634 0.044642 0.414022 0.03869 0.405424 0.024306 0.40277799999999997 0.022817999999999998 0.396826 0.014879999999999999 0.388686 0 0.3503086671875 0
4 0.057446 1 0.060185999999999996 0.99752 0.063492 0.9900800000000001 0.06283 0.9816459999999999 0.056878 0.9618059999999999 0.054894 0.9469239999999999 0.045634 0.9156739999999999 0.039022 0.90625 0.029099999999999997 0.8988099999999999 0 0.8824400000000001 0 1 0.057446 1
5 0.11791 0.589242 0.12368399999999999 0.590452 0.12806800000000002 0.589936 0.133148 0.586642 0.133148 0.5819639999999999 0.127142 0.57885 0.12229399999999999 0.57885 0.116752 0.5819639999999999 0.116058 0.5854320000000001 0.11791 0.589242
5 0.592506 0.916066 0.593936 0.917808 0.598314 0.919642 0.60244 0.9185760000000001 0.605146 0.9154859999999999 0.605906 0.9114280000000001 0.60244 0.9078519999999999 0.597672 0.907466 0.5927640000000001 0.909394 0.591474 0.9126839999999999 0.592506 0.916066
5 1 0.783298 0.9944900000000001 0.783298 0.9910920000000001 0.7884019999999999 0.992328 0.79188 0.998822 0.793968 1 0.79355215625 1 0.783298
1 0.017196 0.260416 0.037038 0.258928 0.058862000000000005 0.255456 0.06745999999999999 0.25 0.074736 0.242064 0.07672 0.23363 0.07539599999999999 0.22966199999999998 0.072752 0.227182 0.064154 0.22618999999999997 0.04299 0.23363 0.009260000000000001 0.241568 0.002646 0.24603199999999997 0.002646 0.253968 0.009260000000000001 0.258928 0.017196 0.260416
1 0.012565999999999999 0.643354 0.023148 0.646826 0.033068 0.6473220000000001 0.04365 0.645834 0.052248 0.64137 0.059524 0.632936 0.070768 0.614584 0.071428 0.607638 0.06481400000000001 0.599702 0.056878 0.596726 0.044312000000000004 0.59623 0.027778000000000004 0.6006940000000001 0.015874 0.608134 0.007936 0.61756 0.005292 0.626984 0.006614 0.6364080000000001 0.012565999999999999 0.643354
1 0.184756 0.457362 0.152454 0.44121 0.126302 0.435442 0.092466 0.437748 0.067858 0.44351599999999997 0.070932 0.45851600000000003 0.077084 0.481588 0.07400799999999999 0.49081400000000003 0.055548 0.506964 0.055548 0.518502 0.07400799999999999 0.534652 0.09400800000000001 0.549648 0.11554199999999999 0.578492 0.143228 0.5807979999999999 0.169372 0.560034 0.184756 0.541572 0.217056 0.512734 0.220132 0.502352 0.203214 0.47697399999999995 0.184756 0.457362
1 0.6072879999999999 0.8634320000000001 0.624206 0.85997 0.636508 0.844976 0.6380480000000001 0.824212 0.6395839999999999 0.7965220000000001 0.62574 0.79306 0.605748 0.784986 0.5980559999999999 0.773452 0.59344 0.7503759999999999 0.574986 0.73192 0.510384 0.729614 0.473466 0.749226 0.41809599999999997 0.8311299999999999 0.461164 0.8542020000000001 0.504226 0.8784280000000001 0.524226 0.90381 0.54576 0.9072720000000001 0.5842120000000001 0.896884 0.60113 0.891122 0.6072879999999999 0.8634320000000001
1 0.7484200000000001 0.5761999999999999 0.759054 0.569222 0.763042 0.55925 0.76836 0.540308 0.765702 0.531334 0.729808 0.531334 0.691256 0.53931 0.665998 0.54928 0.655364 0.572212 0.650046 0.612094 0.654034 0.634032 0.6739740000000001 0.637024 0.687268 0.63303 0.70322 0.624058 0.711198 0.6130899999999999 0.713856 0.597138 0.72715 0.58318 0.7484200000000001 0.5761999999999999
1 0.881362 0.451572 0.8933260000000001 0.440606 0.8973140000000001 0.42565 0.8893380000000001 0.41567999999999994 0.8933260000000001 0.402718 0.9225720000000001 0.389752 0.9252319999999999 0.377788 0.919914 0.360838 0.9013019999999999 0.352862 0.8707280000000001 0.350868 0.840152 0.34787599999999996 0.800272 0.34588199999999997 0.771018 0.338904 0.739114 0.343888 0.729808 0.360838 0.7244900000000001 0.388754 0.729808 0.41169200000000006 0.744432 0.43761400000000006 0.757724 0.461542 0.777666 0.48447399999999996 0.796276 0.488462 0.82287 0.48945999999999995 0.830846 0.48247999999999996 0.8348340000000001 0.468522 0.840152 0.45556 0.856104 0.45655799999999996 0.873386 0.45655799999999996 0.881362 0.451572
1 0.681952 0.143482 0.681952 0.129524 0.667328 0.12254400000000001 0.655364 0.11556599999999999 0.658022 0.10759 0.66467 0.09363 0.660682 0.08066999999999999 0.650046 0.06372 0.636752 0.051756 0.611494 0.054748 0.595542 0.050758000000000005 0.590224 0.03381 0.574272 0.030818 0.527744 0.037798 0.519768 0.048764 0.505146 0.084658 0.49982800000000005 0.10659199999999999 0.525086 0.140492 0.560978 0.168412 0.6008600000000001 0.173398 0.631436 0.171404 0.660682 0.170406 0.6739740000000001 0.157446 0.681952 0.143482
1 0.344358 0.033850000000000005 0.356964 0.031072 0.365126 0.021612 0.365126 0.013824 0.35548199999999996 0.013824 0.348068 0.019384000000000002 0.339908 0.026062000000000002 0.336198 0.031626 0.344358 0.033850000000000005
1 0.364418 0.21131000000000003 0.367724 0.215774 0.375 0.21875 0.397486 0.22371 0.406084 0.22371 0.43386199999999997 0.21775799999999998 0.43783000000000005 0.21478199999999997 0.44312199999999996 0.20634999999999998 0.445768 0.193948 0.44378399999999996 0.183532 0.435846 0.17361200000000002 0.41732800000000003 0.15625 0.383598 0.13442400000000002 0.37764600000000004 0.13244 0.36970800000000004 0.131944 0.363096 0.132936 0.35714199999999996 0.135416 0.351852 0.13988 0.349206 0.144346 0.3459 0.161706 0.3459 0.16964200000000002 0.348544 0.18006 0.355158 0.195932 0.357804 0.211806 0.364418 0.21131000000000003
1 0.326058 0.385416 0.329366 0.392362 0.34788399999999997 0.407242 0.371032 0.415674 0.39418000000000003 0.417162 0.400132 0.41666600000000004 0.41336000000000006 0.41269799999999995 0.42724799999999996 0.40625 0.43716999999999995 0.399802 0.450396 0.385912 0.45237999999999995 0.378968 0.45237999999999995 0.369048 0.448412 0.355654 0.44245999999999996 0.34722200000000003 0.434524 0.340774 0.41269799999999995 0.329366 0.400794 0.326884 0.38492000000000004 0.32589199999999996 0.368386 0.329366 0.363096 0.332342 0.35581999999999997 0.334326 0.34127 0.34375 0.328042 0.35714199999999996 0.325396 0.363592 0.32407400000000003 0.375 0.326058 0.385416
1 0.343916 0.712798 0.371694 0.726686 0.38756599999999997 0.733134 0.397486 0.735616 0.4041 0.740576 0.41336000000000006 0.744544 0.420634 0.7400800000000001 0.423942 0.735616 0.42857200000000006 0.732638 0.454366 0.697916 0.45767199999999997 0.686508 0.459656 0.6716260000000001 0.45833399999999996 0.657242 0.455026 0.64881 0.448412 0.639384 0.441798 0.632936 0.42857200000000006 0.6245040000000001 0.420634 0.621032 0.400794 0.616568 0.386904 0.6150800000000001 0.37037 0.615576 0.353174 0.620536 0.340608 0.6264879999999999 0.32672 0.638392 0.321428 0.64881 0.316798 0.667162 0.32209 0.691468 0.329366 0.700396 0.343916 0.712798
1 1 0.771823625 0.998016 0.764384 0.9947079999999999 0.759424 0.984788 0.751984 0.9761900000000001 0.747024 0.9702379999999999 0.745536 0.9490740000000001 0.7430559999999999 0.943784 0.74504 0.943784 0.753968 0.948412 0.75744 0.957672 0.7614080000000001 0.969576 0.76885 0.977514 0.771826 0.989418 0.784226 0.99537 0.78373 0.9993380000000001 0.7817459999999999 1 0.778026 1 0.771823625
1 0.8941800000000001 0.70238 0.885582 0.70387 0.8835979999999999 0.7118059999999999 0.887566 0.715278 0.892858 0.716766 0.900794 0.716766 0.905424 0.71379 0.9060840000000001 0.709326 0.902778 0.70387 0.8941800000000001 0.70238
1 0.89947 0.291666 0.905424 0.287698 0.9080679999999999 0.280754 0.902116 0.27381 0.891534 0.270834 0.8849199999999999 0.273314 0.875 0.28125 0.872354 0.288194 0.877646 0.290674 0.893518 0.292658 0.89947 0.291666
1 0.9739016921875001 0 0.9702379999999999 0.004464 0.969576 0.0124 0.972884 0.019842000000000002 0.980158 0.02629 0.9887560000000001 0.031746 0.997354 0.034721999999999996 1 0.034850015625 1 0 0.9739016921875001 0