1 0.056451589062499995 0.8192763859375001 0.0483861484375 0.777108675 0.020160370312500002 0.76505951875 0.0120971046875 0.8192763859375001 0.024194178125 0.8373501203125 0.0483861484375 0.8313255421875001 0.056451589062499995 0.8192763859375001
1 0.0967744390625 0.33734915625 0.07661192812499999 0.3674698796875 0.07661192812499999 0.40963759062499994 0.09274280625 0.433735903125 0.120968584375 0.433735903125 0.137097290625 0.40361518125 0.120968584375 0.37951903593749997 0.116934778125 0.34337373437499996 0.0967744390625 0.33734915625
1 0.0748841125 0 0.07661192812499999 0.0180725296875 0.0967744390625 0.042168675 0.13306348437499999 0.048193253125 0.1491943625 0.024097107812499997 0.1491943625 0 0.0748841125 0
1 0.064517028125 0.7951802406249999 0.08870900000000001 0.8012048187499999 0.10483770625 0.783133253125 0.10483770625 0.7530125296875 0.08467736718749999 0.7289163859375 0.0483861484375 0.7349387953125001 0.0483861484375 0.76505951875 0.064517028125 0.7951802406249999
1 0.1532259953125 0.2469869875 0.173386334375 0.240964578125 0.1854834078125 0.1686739765625 0.173386334375 0.162651565625 0.14516055625 0.18072313281250002 0.14516055625 0.22891542187499997 0.1532259953125 0.2469869875
1 0.2822578140625 0.6265050609375 0.3104835921875 0.6265050609375 0.322580665625 0.602408915625 0.3185490328125 0.5722881921875 0.2943548875 0.5481920484375 0.27016074218749997 0.5542166265625 0.266129109375 0.60843349375 0.2822578140625 0.6265050609375
1 0.3750005890625 0.14457783125 0.3709667828125 0.253011565625 0.3991925609375 0.2951814453125 0.41128963281250003 0.2951814453125 0.4395154109375 0.15662698749999998 0.43548377812499994 0.1024101203125 0.39516092812500003 0.1084346984375 0.3750005890625 0.14457783125
1 0.3548380765625 0 0.3548380765625 9.640625000000001e-7 0.3709667828125 0.03011951875 0.41128963281250003 0.03011951875 0.4314521453125 9.640625000000001e-7 0.4314522171875 0 0.3548380765625 0
3 0.3185490328125 0.783133253125 0.3266122984375 0.807229396875 0.35080644375 0.8253009640625001 0.35887188281250004 0.7530125296875 0.322580665625 0.7590371078125 0.3185490328125 0.783133253125
1 0.4596779234375 0.7349387953125001 0.451612484375 0.7530125296875 0.4596779234375 0.807229396875 0.4717749953125 0.8192763859375001 0.508064040625 0.8192763859375001 0.5201611125000001 0.7891556625 0.5161294796875 0.771084096875 0.47983826250000006 0.7349387953125001 0.4596779234375 0.7349387953125001
1 0.6653216375000001 0.5481920484375 0.64919293125 0.58433735 0.6532267375 0.6265050609375 0.681452515625 0.6566257828125 0.7177415609375 0.6506033734375001 0.7298386328124999 0.6325296390624999 0.7298386328124999 0.60843349375 0.7016128546875 0.5662657828125 0.6653216375000001 0.5481920484375
2 1 0.0898133375 0.9314507140625 0.1084346984375 0.8427417453125001 0.09638554218749999 0.7862901890625 0.06626481875 0.7580644109375 0.0783139765625 0.76209604375 0.1686739765625 0.8790329640625 0.33734915625 0.9354845203125001 0.33734915625 0.96774193125 0.319277590625 0.9999993421875001 0.27710771093750003 1 0.277105746875 1 0.0898133375
1 0.13306348437499999 0.7951802406249999 0.0967744390625 0.7951802406249999 0.08467736718749999 0.807229396875 0.08467736718749999 0.8373501203125 0.1088715125 0.8915669875000001 0.1411289234375 0.9036139765625 0.1612892625 0.8855424093750001 0.16532306875 0.8373501203125 0.1491943625 0.807229396875 0.13306348437499999 0.7951802406249999
1 0.7741931171875 0.783133253125 0.754032778125 0.7590371078125 0.7056444875000001 0.7469879515625 0.7016128546875 0.771084096875 0.6854841484375 0.7891556625 0.6854841484375 0.8313255421875001 0.713709928125 0.8614462656249999 0.76209604375 0.8433725296875 0.7741931171875 0.8192763859375001 0.7741931171875 0.783133253125
4 0.2721369796875 1 0 0.6036914640625 0 0.7050111921875 0.08696343125 1 0.2721369796875 1
1 1 0.4216858859375 0.9717735640624999 0.4638544578125 0.9637102984375 0.512048915625 0.9919360765624999 0.5481920484375 1 0.5481920484375 1 0.4216858859375
3 0.9112903749999999 0.6445787953125001 0.9072587421874999 0.680721928125 0.9233874468750001 0.7349387953125001 0.9435477859375 0.7289163859375 0.9596764921875 0.7048202406249999 0.9717735640624999 0.60843349375 0.9354845203125001 0.614458071875 0.9112903749999999 0.6445787953125001