1 0.6156576515625 0.5068031625 0.61921708125 0.527211734375 0.6370099640625 0.5442174484375 0.6654811390625001 0.540816734375 0.6761572953125 0.523808878125 0.6761572953125 0.5136045921875 0.6512455515625 0.45918459218749996 0.644128825 0.455781734375 0.6156576515625 0.5068031625
1 0.7508903921875001 0.527211734375 0.7419928828125 0.540816734375 0.740214234375 0.56122530625 0.7526690390625 0.5850345921875 0.7686832734375 0.595238878125 0.78647615625 0.595238878125 0.8096092531249999 0.568026734375 0.81494733125 0.554421734375 0.81494733125 0.5306124484375 0.804271175 0.523808878125 0.78647615625 0.5374160203125 0.7722427046875 0.5374160203125 0.7508903921875001 0.527211734375
5 0.7628113875 0.96636030625 0.7484690390625001 0.96088530625 0.7484690390625001 0.9651710203125001 0.7609067609375 0.968196734375 0.7628113875 0.96636030625
1 0.7669046265625 0.21768673437500002 0.7669046265625 0.24489887812500002 0.7740213515625001 0.25850387812500003 0.7935950171874999 0.2619045921875 0.8060498218750001 0.23809530625000003 0.8060498218750001 0.21428602031250002 0.80071174375 0.20748244843750002 0.77935943125 0.20748244843750002 0.7669046265625 0.21768673437500002
1 0.7242 0.20748244843750002 0.72064056875 0.2414960203125 0.7384334515625001 0.26530530625000004 0.7508903921875001 0.26530530625000004 0.759785765625 0.25510102031250004 0.7580071171875 0.22449030625000002 0.7473309609375 0.2006810203125 0.7384334515625001 0.19727816250000002 0.7242 0.20748244843750002
1 0.6103195734375 0.81292530625 0.5960861203125 0.81292530625 0.5747338078124999 0.8435381625 0.5747338078124999 0.8605438781249999 0.603202846875 0.9149660203125001 0.6103195734375 0.918366734375 0.6316718859375 0.9081624484375 0.644128825 0.874148878125 0.6334526687500001 0.84013530625 0.6103195734375 0.81292530625
1 0.7010669046875 0.8265303062499999 0.7010669046875 0.84013530625 0.7064049828125001 0.8503395921875001 0.7277572953125 0.8503395921875001 0.7313167265625 0.84013530625 0.7277572953125 0.8231295921875 0.7188619218750001 0.8163260203125 0.708185765625 0.8163260203125 0.7010669046875 0.8265303062499999
1 0.5195722421875 0.6700674484375 0.5338078296875 0.6700674484375 0.5409245546875 0.653061734375 0.5409245546875 0.6326531625 0.5338078296875 0.6224488781249999 0.5071174375 0.6326531625 0.5088960859375 0.653061734375 0.5195722421875 0.6700674484375
1 0.375444128125 0.6904760203125 0.39501779375 0.7040810203125 0.41637010625000004 0.6972795921875 0.40925338125 0.6564624484375 0.3985772234375 0.6258495921875 0.35942989375 0.6428574484375 0.3612106765625 0.666666734375 0.375444128125 0.6904760203125
1 0.31494661874999996 0.44898030625 0.323844128125 0.455781734375 0.3327395015625 0.45238102031249994 0.3362989328125 0.44557744843749997 0.33452028437500003 0.4217681625 0.31850605 0.41836744843749996 0.313167971875 0.43197244843749993 0.31494661874999996 0.44898030625
1 0.2758014234375 0.5816317343749999 0.2758014234375 0.595238878125 0.28291815 0.608843878125 0.295372953125 0.608843878125 0.3060491109375 0.595238878125 0.3060491109375 0.5816317343749999 0.2971537359375 0.5714295921875 0.284696796875 0.568026734375 0.2758014234375 0.5816317343749999
1 0.3612106765625 0.7687074484374999 0.37366547968749997 0.7414974484375 0.374555871875 0.71530530625 0.3612106765625 0.707483878125 0.3362989328125 0.7312931625 0.33452028437500003 0.7551024484375 0.3612106765625 0.7687074484374999
1 0.3576512453125 0.8877560203125 0.36654875468750003 0.8877560203125 0.37366547968749997 0.874148878125 0.37010605 0.8571431625000001 0.3523131671875 0.8571431625000001 0.34875373593750003 0.8639445921875 0.34875373593750003 0.874148878125 0.3576512453125 0.8877560203125
1 0.2686825625 0.7040810203125 0.238434875 0.707483878125 0.2295373671875 0.7244895921875 0.23487544531250001 0.751701734375 0.2704633453125 0.778911734375 0.28291815 0.7755110203125 0.29893238437499997 0.7448981625 0.29893238437499997 0.7312931625 0.2918156578125 0.7176860203125 0.2686825625 0.7040810203125
1 0.17793559375 0 0.17259715312499999 0.0102045921875 0.17615658437499998 0.04081530625 0.1850540921875 0.05442244843750001 0.20640640625 0.047618878125 0.2153017796875 0.034013878125 0.21886120937500003 0.0170060203125 0.2170825625 3.0625e-7 0.21708208125 0 0.17793559375 0
1 0.0865944484375 0 0.08184982187499999 0.0034010203125 0.08184982187499999 0.0238095921875 0.09252597812499999 0.05442244843750001 0.11032099687500001 0.0510195921875 0.12099715312499999 0.030613162500000003 0.12099715312499999 0.01360530625 0.116726459375 0 0.0865944484375 0
1 0.0498213515625 0.84013530625 0.040925978125 0.8571431625000001 0.040925978125 0.8843531625000001 0.0498213515625 0.9013610203125 0.060497509375 0.9013610203125 0.06939501718749999 0.877551734375 0.06939501718749999 0.8571431625000001 0.062278292187499994 0.84013530625 0.0498213515625 0.84013530625
1 0.008897509375 0.5850345921875 0.008897509375 0.6122445921875 0.0177928828125 0.6292524484375 0.0355879 0.6292524484375 0.046264056250000005 0.608843878125 0.0444832734375 0.5850345921875 0.0338071171875 0.568026734375 0.019573665625 0.568026734375 0.008897509375 0.5850345921875
2 0.41592393593750004 1 0.4501772234375 0.9625845921874999 0.455515303125 0.9251703062500001 0.44483914531249996 0.9217695921875 0.36654875468750003 0.9795924484375 0.34351064062500003 1 0.41592393593750004 1
2 1 0.8702621875000001 0.9537373671875 0.8639445921875 0.9288256234375 0.8435381625 0.9110327406250001 0.806121734375 0.9092519578125 0.7448981625 0.8985758 0.7448981625 0.886120996875 0.7619038781249999 0.8629900359375 0.8299310203125 0.8629900359375 0.874148878125 0.871885409375 0.904761734375 0.8985758 0.931971734375 0.9252661921875 0.945578878125 0.9590754453124999 0.9421760203125 0.9893231312499999 0.9149660203125001 1 0.8965985515625 1 0.8702621875000001
2 1 0.3996605234375 0.9839850531250001 0.414966734375 0.9092519578125 0.46598602031249997 0.8950185046874999 0.4863945921875 0.886120996875 0.5374160203125 0.9092519578125 0.5646260203125 0.9395017796875 0.5714295921875 0.9750896796875 0.5578224484375001 1 0.539304646875 1 0.3996605234375
2 0.6613287640625 0 0.6654811390625001 0.020408878125 0.6868334515625001 0.057823162500000004 0.71352384375 0.074828878125 0.7473309609375 0.0714281625 0.7704619218750001 0.047618878125 0.7937133109375 0 0.6613287640625 0
2 0.5142341640625 0.030613162500000003 0.49110320312500005 0.061223878125 0.47508896875 0.11904673437499999 0.47864839843749996 0.2006810203125 0.485765125 0.22789102031250003 0.5035580078125 0.2619045921875 0.5302483984374999 0.2823131625 0.5622768687499999 0.2823131625 0.5854099640625 0.26530530625000004 0.608540925 0.22449030625000002 0.613879003125 0.20408173437500002 0.617438434375 0.1360545921875 0.608540925 0.0884360203125 0.5871886125 0.044218162500000005 0.5622768687499999 0.0238095921875 0.5338078296875 0.020408878125 0.5142341640625 0.030613162500000003
2 0.0053401593749999995 0 0.005338078125 3.0625e-7 0 0.0054024484375000004 0 0.1694303375 0.0516021359375 0.1632645921875 0.07829252656249999 0.13945530625 0.0943067609375 0.1020410203125 0.09252597812499999 0.057823162500000004 0.07651174375 0.0102045921875 0.0676163703125 3.0625e-7 0.06761565 0 0.0053401593749999995 0
2 0.14412811406249998 0.22789102031250003 0.12277579999999999 0.25170030625 0.11921637031250001 0.27891244843749996 0.11921637031250001 0.37755030624999997 0.12277579999999999 0.414966734375 0.13345195781250002 0.46598602031249997 0.15124484062500002 0.5136045921875 0.17615658437499998 0.5374160203125 0.20640640625 0.5374160203125 0.252668328125 0.50340030625 0.2704633453125 0.47278959218749994 0.2811395015625 0.43197244843749993 0.2864775796875 0.3537410203125 0.27935871875 0.30612244843749997 0.26690391406249997 0.2823131625 0.233096796875 0.24829959218750003 0.17793523125 0.22449030625000002 0.14412811406249998 0.22789102031250003
1 0.7117430609375 0.19727816250000002 0.7259786484374999 0.1700681625 0.7277572953125 0.1292510203125 0.7188619218750001 0.105441734375 0.695728825 0.09183673437499999 0.67793594375 0.1156460203125 0.6708192171875 0.1496595921875 0.6708192171875 0.1700681625 0.67793594375 0.19387744843750002 0.7028476875 0.20408173437500002 0.7117430609375 0.19727816250000002
1 0.7064049828125001 0.9421760203125 0.7099644125 0.9251703062500001 0.704626334375 0.8979581624999999 0.695728825 0.8979581624999999 0.679714590625 0.931971734375 0.6886121000000001 0.945578878125 0.7064049828125001 0.9421760203125
1 0.8327402140625001 0.08503316250000001 0.8487544484375 0.061223878125 0.8505330953125 0.04081530625 0.8451950171875 0.02721030625 0.8131665484375 0.02721030625 0.8060498218750001 0.047618878125 0.8113879 0.078231734375 0.8327402140625001 0.08503316250000001
1 0.7704619218750001 0.30612244843749997 0.7722427046875 0.329931734375 0.7829188609375 0.343536734375 0.7935950171874999 0.3401360203125 0.804271175 0.32313030625 0.8024903921875 0.3095231625 0.7882569390625 0.2925174484375 0.7758 0.29591816249999997 0.7704619218750001 0.30612244843749997
1 0.8185046265624999 0.680271734375 0.8113879 0.7142853062500001 0.8167259781249999 0.7414974484375 0.83629964375 0.7448981625 0.8576519578124999 0.7278903062500001 0.8594306046875 0.707483878125 0.8380782921875 0.6768710203125 0.8256234875 0.67347030625 0.8185046265624999 0.680271734375
1 0.8861209078125001 1 0.8843423484375 0.9795924484375 0.8629900359375 0.9557831625000001 0.8540925265625001 0.9625845921874999 0.855722940625 1 0.8861209078125001 1
1 0.9288256234375 0.6462581625 0.9412804265625001 0.636053878125 0.9430612093749999 0.6122445921875 0.9341637015625001 0.6020403062499999 0.9199281140625001 0.6020403062499999 0.9128113875 0.6258495921875 0.9163708187499999 0.6428574484375 0.9288256234375 0.6462581625
1 0.9128113875 0.44557744843749997 0.9181494656250001 0.4353731625 0.9181494656250001 0.414966734375 0.900356584375 0.3911574484375 0.8843423484375 0.357143878125 0.8736661921875 0.3129260203125 0.8576519578124999 0.316326734375 0.8540925265625001 0.32313030625 0.8576519578124999 0.40476244843750003 0.8629900359375 0.4217681625 0.8967971531250001 0.44557744843749997 0.9128113875 0.44557744843749997
1 0.891459075 0.19047673437499998 0.8790042703125 0.187073878125 0.8665473312499999 0.2006810203125 0.861209253125 0.21768673437500002 0.861209253125 0.2414960203125 0.871885409375 0.25170030625 0.8896804265625 0.24829959218750003 0.900356584375 0.22789102031250003 0.891459075 0.19047673437499998
1 0.951956584375 0.12585030625 0.9359423484375 0.1088445921875 0.9252661921875 0.11224530625 0.9199281140625001 0.1224495921875 0.921708896875 0.1564631625 0.9252661921875 0.1632645921875 0.93772313125 0.159863878125 0.9501779359375 0.13945530625 0.951956584375 0.12585030625
1 1 0.95675465625 0.9964419921875001 0.9557831625000001 0.9911039140625 0.9625845921874999 0.9928825625 0.989796734375 1 0.992063878125 1 0.95675465625
1 0.816725871875 1 0.81494733125 0.9829931625 0.7829188609375 0.9625845921874999 0.7667252671875 0.9642860203125 0.7613871890625 0.9700674484375 0.7580071171875 0.9761895921875 0.768904971875 1 0.816725871875 1
1 0.8113879 0.8979581624999999 0.8113879 0.9285710203124999 0.820285409375 0.9387753062499999 0.8434163703124999 0.9387753062499999 0.8505330953125 0.9251703062500001 0.8505330953125 0.8979581624999999 0.8451950171875 0.8911567343750001 0.8167259781249999 0.8911567343750001 0.8113879 0.8979581624999999
1 0.8131665484375 0.46258530625 0.8113879 0.47959102031249995 0.8167259781249999 0.49659887812500003 0.8309615656249999 0.49999959218749995 0.841637721875 0.48979530625 0.841637721875 0.46598602031249997 0.83629964375 0.45238102031249994 0.8256234875 0.44898030625 0.8131665484375 0.46258530625
1 0.9572946625000001 0.047618878125 0.927046975 3.0625e-7 0.8967971531250001 0.04081530625 0.8985758 0.0510195921875 0.9252661921875 0.074828878125 0.9572946625000001 0.061223878125 0.9572946625000001 0.047618878125
5 0.7612099640625 0.9694224484375 0.7478284703125 0.968196734375 0.7471879 0.9748974484374999 0.7602661921875 0.9761231625000001 0.7612099640625 0.9694224484375
2 0.3434156578125 0.3333324484375 0.37366547968749997 0.33673530625 0.400355871875 0.3129260203125 0.4074725984375 0.29591816249999997 0.41192242031250004 0.2411574484375 0.4074725984375 0.23809530625000003 0.3309608546875 0.25510102031250004 0.31476939531250003 0.2598645921875 0.31850605 0.2891145921875 0.3274014234375 0.3129260203125 0.3434156578125 0.3333324484375
4 0.5115117437500001 0.524828878125 0.7669750890625 0.9583674484375001 0.7701608546875 0.78190530625 0.7176341640625 0.629796734375 0.6173658359374999 0.524828878125 0.5115117437500001 0.524828878125
3 0.0444832734375 0.3911574484375 0.0658355875 0.37755030624999997 0.05515943125 0.3197274484375 0.046264056250000005 0.3197274484375 0.0213523125 0.357143878125 0.0284690390625 0.3911574484375 0.0444832734375 0.3911574484375
1 0.11209964375 0.9591838781250001 0.11032099687500001 0.9863938781250001 0.11565907499999999 0.9965981625 0.12811387968750002 0.9931974484375001 0.13523060468749998 0.9761895921875 0.131673309375 0.945578878125 0.12099715312499999 0.9421760203125 0.11209964375 0.9591838781250001
3 0.2651252671875 0.1666674484375 0.26690391406249997 0.078231734375 0.2170825625 0.064626734375 0.21886120937500003 0.11224530625 0.2313160140625 0.146258878125 0.2544491109375 0.1700681625 0.2651252671875 0.1666674484375
1 0.2686825625 0.8911567343750001 0.28291815 0.8945574484375 0.28825622812499996 0.8843531625000001 0.28825622812499996 0.8673474484374999 0.2686825625 0.8571431625000001 0.2686825625 0.8911567343750001
1 0.3558725984375 0.4353731625 0.36654875468750003 0.44898030625 0.38078220625000003 0.442176734375 0.3843416375 0.428571734375 0.38078220625000003 0.4013595921875 0.35942989375 0.4013595921875 0.3523131671875 0.41836744843749996 0.3558725984375 0.4353731625
1 0.302491815625 0.1564631625 0.2971537359375 0.1666674484375 0.2971537359375 0.19727816250000002 0.30782989375 0.21768673437500002 0.3167252671875 0.21428602031250002 0.3256227765625 0.19047673437499998 0.3256227765625 0.1700681625 0.320284696875 0.1564631625 0.302491815625 0.1564631625
1 0.3362989328125 0.15306030625 0.3362989328125 0.187073878125 0.345196440625 0.20748244843750002 0.3612106765625 0.21428602031250002 0.37366547968749997 0.2006810203125 0.3772249109375 0.173468878125 0.37010605 0.1564631625 0.3505345203125 0.146258878125 0.3362989328125 0.15306030625
1 0.31494679531249997 0 0.31494661874999996 3.0625e-7 0.313167971875 0.01360530625 0.31850605 0.0374145921875 0.3416370109375 0.044218162500000005 0.34875373593750003 0.034013878125 0.3536066625 0 0.31494679531249997 0
1 0.421708184375 0.21088530625000002 0.4270462640625 0.2210874484375 0.45907473281250005 0.2006810203125 0.4679722421875 0.187073878125 0.47152953750000004 0.1224495921875 0.46619145937499995 0.11224530625 0.4428832734375 0.16496602031250002 0.421708184375 0.21088530625000002
1 0.40925338125 0.36394530625 0.40391530312499996 0.37755030624999997 0.40925338125 0.4931981625 0.4128106765625 0.50340030625 0.4288249109375 0.50340030625 0.43416298906249995 0.4931981625 0.4288249109375 0.3741495921875 0.425267615625 0.36394530625 0.40925338125 0.36394530625
1 0.4501772234375 0.7414974484375 0.4430604984375 0.7142853062500001 0.4270462640625 0.7142853062500001 0.4270462640625 0.7278903062500001 0.43416298906249995 0.7448981625 0.44483914531249996 0.7482988781250001 0.4501772234375 0.7414974484375
1 0.43416298906249995 0.8163260203125 0.44128185000000003 0.8265303062499999 0.44839857656250004 0.8231295921875 0.4537366546875 0.806121734375 0.4519580078125 0.78571530625 0.43416298906249995 0.7823124484374999 0.43060569375 0.7891160203124999 0.43416298906249995 0.8163260203125
1 0.44483914531249996 0.8843531625000001 0.4537366546875 0.877551734375 0.455515303125 0.8571431625000001 0.4377224203125 0.8571431625000001 0.43416298906249995 0.8673474484374999 0.435943771875 0.8809524484375 0.44483914531249996 0.8843531625000001
1 0.5521500078125 1 0.5124555156249999 0.9659874484375001 0.5000007125 0.9659874484375001 0.4985167234375 1 0.5521500078125 1
1 0.5391459078125 0.7482988781250001 0.5284697515625 0.7482988781250001 0.505338790625 0.81292530625 0.5035580078125 0.8367345921875 0.521353025 0.84013530625 0.5427053374999999 0.8027210203124999 0.548043415625 0.78571530625 0.548043415625 0.7687074484374999 0.5391459078125 0.7482988781250001
1 0.487543771875 0.46598602031249997 0.5249103203125001 0.46598602031249997 0.5355864765625 0.45238102031249994 0.5338078296875 0.3945581625 0.48398647656250005 0.38775459218749997 0.47864839843749996 0.39795887812499997 0.47864839843749996 0.45918459218749996 0.487543771875 0.46598602031249997
1 0.67793594375 0.6462581625 0.6886121000000001 0.649658878125 0.6939501781249999 0.6394567343750001 0.690390746875 0.61564530625 0.679714590625 0.5986395921875001 0.6708192171875 0.5986395921875001 0.6619217078124999 0.6258495921875 0.67793594375 0.6462581625
1 0.58362918125 0.5340131625 0.5747338078124999 0.523808878125 0.5604982203125 0.5306124484375 0.5587195734375 0.5476181625 0.5622768687499999 0.554421734375 0.5765124562499999 0.554421734375 0.58362918125 0.5340131625