1 0.5873232390625 0.9978993578124999 0.5915485921875 0.983193534375 0.59014155 0.9726893734375001 0.5830978874999999 0.966386878125 0.5774654921875 0.97479020625 0.5774654921875 0.9873951968749999 0.5816908453125 0.995798525 0.5873232390625 0.9978993578124999
1 0.1239436625 0.8466394578124999 0.1084514078125 0.829832803125 0.09154999999999999 0.829832803125 0.08169014062499999 0.810925315625 0.07183028125 0.8151269796875 0.07183028125 0.8403369625 0.088731690625 0.8760511046874999 0.09154999999999999 0.8949585921875001 0.10140774687500001 0.9117652484375001 0.10985845000000001 0.9117652484375001 0.1239436625 0.8655469453125001 0.1239436625 0.8466394578124999
1 0.15493028125 0.8445386265625 0.152111971875 0.850841121875 0.15493028125 0.869748609375 0.1676063375 0.871849440625 0.171831690625 0.8634461140624999 0.16901337968750002 0.8445386265625 0.15493028125 0.8445386265625
1 0.3338021125 0.8445386265625 0.3352112671875 0.86134528125 0.340845775 0.869748609375 0.35352183125000003 0.8676477765625 0.36056337968749996 0.8550427859375 0.359154225 0.8445386265625 0.3338021125 0.8445386265625
1 0.34647816875 0.813026146875 0.350703521875 0.829832803125 0.359154225 0.8382361296875 0.3661978875 0.829832803125 0.369014084375 0.8088244828125 0.363379578125 0.8004211546875 0.350703521875 0.7983203234375 0.34647816875 0.8025219874999999 0.34647816875 0.813026146875
1 0.5253521125 0.7836123953125 0.535211971875 0.7836123953125 0.5436626765625 0.7752090671875 0.54506971875 0.7626040749999999 0.535211971875 0.7478982515625 0.5211267609375 0.7457974203125 0.5169014078124999 0.749999084375 0.515492253125 0.7668057390625 0.5253521125 0.7836123953125
1 0.542253521875 0.9327735671875 0.5169014078124999 0.9411768953124999 0.5169014078124999 0.9516810546875 0.522535915625 0.964286046875 0.535211971875 0.966386878125 0.542253521875 0.9558827187500001 0.542253521875 0.9327735671875
1 0.298189215625 1 0.3042246484375 0.99369769375 0.3070429578125 0.9873951968749999 0.305633803125 0.9768910375000001 0.2971830984375 0.97479020625 0.28591619687500003 0.9915968609375 0.28591619687500003 1 0.298189215625 1
1 0.5845070421874999 0.094537415625 0.5915485921875 0.1092432390625 0.60281760625 0.1092432390625 0.611268309375 0.09243658437499999 0.6098591546875001 0.06512576875000001 0.60140845 0.050419945312500006 0.58873239375 0.0483191140625 0.5830978874999999 0.06512576875000001 0.5845070421874999 0.094537415625
1 0.6154936625 0.40756347968749995 0.6267605640625 0.4096643109375 0.6323950703125 0.40546264687500005 0.6352112671875 0.3949584875 0.6323950703125 0.37815183124999996 0.6183098593749999 0.376051 0.6098591546875001 0.384454328125 0.6098591546875001 0.39705931875 0.6154936625 0.40756347968749995
1 0.5894654921875 0.349999 0.593564084375 0.3431933984375 0.5917471828124999 0.3336765046875 0.5862669015625 0.32550473125 0.5766753515625 0.323446 0.57987394375 0.33978954687499996 0.5849021125 0.34796131875 0.5894654921875 0.349999
1 0.630985915625 0.5945375203125 0.6338021125 0.588235025 0.6323950703125 0.5735292015625 0.62112605625 0.5672267062499999 0.6169007046874999 0.579831696875 0.6183098593749999 0.5903358578125 0.62112605625 0.5945375203125 0.630985915625 0.5945375203125
1 0.5999992953125 0.733192428125 0.60281760625 0.7247891015625 0.60140845 0.712184109375 0.59014155 0.7079824453125 0.5873232390625 0.712184109375 0.58873239375 0.731091596875 0.5915485921875 0.7352932609375 0.5999992953125 0.733192428125
1 0.6464781687500001 0.7584024125 0.6380274640625 0.7436965875 0.6197190140625 0.7289907640625 0.6098591546875001 0.739494925 0.605633803125 0.752099915625 0.605633803125 0.7731082359375 0.611268309375 0.78571533125 0.6295767609375 0.792017828125 0.6408457750000001 0.7836123953125 0.6464781687500001 0.7710074031249999 0.6464781687500001 0.7584024125
1 0.7197183093749999 0.21428483593749997 0.72957816875 0.22478899531250002 0.7380288734375 0.22478899531250002 0.739435915625 0.21428483593749997 0.733803521875 0.19117568437500002 0.7253528171875 0.1764698609375 0.7197183093749999 0.17857069375 0.7169021125 0.1932765171875 0.7197183093749999 0.21428483593749997
1 0.7031126765625 0.274495353125 0.70722605625 0.26497845781249996 0.6989992953125 0.26361439062500003 0.6930711265625 0.27382384531250004 0.6958028171875 0.2819956171875 0.7031126765625 0.274495353125
1 0.7183091546875 0.462185109375 0.7211274640625 0.4474792859375 0.7056330984375 0.3991601515625 0.6845063375 0.39075682343749996 0.6774647890625001 0.4012609828125 0.6802809859375001 0.48949592500000005 0.6901408453125 0.48949592500000005 0.7183091546875 0.462185109375
1 0.759155634375 0.3991601515625 0.75493028125 0.38655515937499996 0.7478866203125001 0.38235349531249996 0.7380288734375 0.384454328125 0.7380288734375 0.403361815625 0.7478866203125001 0.41176514218750004 0.757746478125 0.40546264687500005 0.759155634375 0.3991601515625
1 0.797183803125 0.441176790625 0.7830985921875 0.43697512656250004 0.7690133796875 0.424370134375 0.7605626765625 0.42857179843750004 0.7676063375 0.4474792859375 0.7760570421875 0.4558826140625 0.7985908453125 0.45168094999999997 0.797183803125 0.441176790625
1 0.746479578125 0.539915890625 0.739435915625 0.5231092359375 0.7281690140625 0.5231092359375 0.7281690140625 0.5315125625 0.733803521875 0.539915890625 0.746479578125 0.539915890625
1 0.7281690140625 0.6113441765625 0.7154929578125 0.6071425125000001 0.707042253125 0.6134450078125 0.7056330984375 0.6323524953125 0.70985845 0.6428566546875001 0.70985845 0.6575624796875 0.7253528171875 0.6533608156249999 0.732394365625 0.6407558234375 0.733803521875 0.6218483359375 0.7281690140625 0.6113441765625
1 0.6380274640625 0.8277319703125 0.6436619718750001 0.834034465625 0.6746485921875001 0.834034465625 0.6830992953125 0.8256311390625 0.6845063375 0.8088244828125 0.6802809859375001 0.7983203234375 0.669014084375 0.7878161640625 0.649296478125 0.78571533125 0.6436619718750001 0.794118659375 0.6380274640625 0.8277319703125
1 0.6802809859375001 0.850841121875 0.694366196875 0.8739502734375 0.70422605625 0.8991602562500001 0.7126767609375 0.9012610875 0.7169021125 0.8928577609374999 0.7253528171875 0.8970594249999999 0.733803521875 0.888656096875 0.7380288734375 0.8760511046874999 0.739435915625 0.8466394578124999 0.726759859375 0.8151269796875 0.701407746875 0.8067236515625 0.6929570421875 0.8151269796875 0.6873246484375 0.8319336343750001 0.67887394375 0.8361352984374999 0.6802809859375001 0.850841121875
1 0.9309859156250001 0.945378559375 0.9253514078125 0.9411768953124999 0.9140845078125001 0.9432777265625001 0.9154936625 0.9558827187500001 0.9309859156250001 0.9558827187500001 0.9309859156250001 0.945378559375
1 0.8943669015625 0.8865552640625 0.8901415500000001 0.8802527687499999 0.8901415500000001 0.8655469453125001 0.8873232390625001 0.86134528125 0.8774654921874999 0.8676477765625 0.8788725359375 0.8970594249999999 0.8901415500000001 0.9138660796875 0.9014084499999999 0.9138660796875 0.9197190140625 0.8970594249999999 0.918309859375 0.888656096875 0.9070429578124999 0.890756928125 0.8943669015625 0.8865552640625
1 0.8555633796875 0.74310928125 0.8601267609375001 0.7349375078125 0.8601267609375001 0.7192865203125 0.8555633796875 0.7036334281250001 0.8409584499999999 0.6954616546875 0.8345633796874999 0.7090749625 0.8359302812499999 0.726092121875 0.848253521875 0.7376677484374999 0.8555633796875 0.74310928125
1 0.8873232390625001 0.6974782859374999 0.8788725359375 0.693276621875 0.8690147890625 0.693276621875 0.867605634375 0.6974782859374999 0.8718309859375 0.7100832765625 0.8915485921874999 0.712184109375 0.8915485921874999 0.70378078125 0.8873232390625001 0.6974782859374999
1 0.9098591546874999 0.7899169953125 0.9070429578124999 0.792017828125 0.9042246484375 0.813026146875 0.8957739437500001 0.8382361296875 0.8957739437500001 0.8487402906250001 0.8999992953125 0.850841121875 0.9169007046875001 0.8466394578124999 0.92112605625 0.8403369625 0.9169007046875001 0.8004211546875 0.9098591546874999 0.7899169953125
1 0.7743373234375001 0.284306953125 0.7711830984375 0.3001894953125 0.7688169015625 0.32136621875000004 0.7703950703125 0.3396000921875 0.7770985921875 0.347247709375 0.7893373234375 0.359033840625 0.7964359156249999 0.361974584375 0.8051126765625 0.366092046875 0.8098450703125 0.3643280203125 0.8173387328124999 0.3625639953125 0.8220711265625 0.357857121875 0.82483028125 0.3513862234375 0.8287746484375 0.3460709921875 0.83667605625 0.3396000921875 0.83983028125 0.3331312984375 0.840620421875 0.32313024375 0.8402253515625 0.30960113906250003 0.8374640843750001 0.298423365625 0.82759155 0.2819535171875 0.820888028125 0.27193351718750003 0.8098450703125 0.2678160546875 0.7952528171875 0.2695800796875 0.781435915625 0.2731102359375 0.7743373234375001 0.284306953125
1 0.813394365625 0.2536975375 0.8228591546875 0.2695800796875 0.8370711265624999 0.27193351718750003 0.8469288734375 0.2695800796875 0.852844365625 0.26369648749999997 0.8591549296875 0.25252081875 0.863492253125 0.2407557390625 0.86704155 0.22546260937499998 0.8662535218749999 0.20896960468749998 0.8630992953125001 0.1972066296875 0.8591549296875 0.19014631875000002 0.843379578125 0.18426483124999998 0.82916971875 0.18838229374999998 0.8212809859375 0.19191244999999998 0.8129992953125 0.1995579625 0.8090570421875001 0.211912453125 0.8074788734375 0.22722663437500001 0.8086619718750001 0.23957902031249997 0.813394365625 0.2536975375
1 0.8582882359375 0 0.847888028125 0.0252099625 0.847888028125 0.035714121875 0.8591549296875 0.037814953125 0.8718309859375 0.029411626562499998 0.8774654921874999 0.0210082984375 0.8736242671875001 0 0.8582882359375 0
1 0.8874641562500001 0 0.88873239375 0.018907465625 0.8943669015625 0.029411626562499998 0.8999992953125 0.033613290625 0.9098591546874999 0.0315124578125 0.918309859375 0.0231091296875 0.9169007046875001 0.014705803125 0.90845 0.0042016421875 0.9021120046875 0 0.8874641562500001 0
1 0.9098591546874999 0.0609241046875 0.9169007046875001 0.0672266015625 0.9323950703125 0.0630249375 0.9338021124999999 0.04621828125 0.9281697187500001 0.029411626562499998 0.9140845078125001 0.02731079375 0.9042246484375 0.033613290625 0.9014084499999999 0.04411745 0.9098591546874999 0.0609241046875
1 1 0.0156608953125 0.981690140625 0.0231091296875 0.976055634375 0.035714121875 0.9830992953125 0.050419945312500006 0.9985915500000001 0.06512576875000001 1 0.0653358421875 1 0.0156608953125
1 1 0.5810320859375 0.9943661968749999 0.579831696875 0.9830992953125 0.588235025 0.981690140625 0.5987391843750001 0.9873246484375 0.6197475046875 0.9915499999999999 0.6197475046875 1 0.6071435625 1 0.5810320859375
3 0.8718309859375 0.4012609828125 0.880281690625 0.40546264687500005 0.8901415500000001 0.40546264687500005 0.8929577468750001 0.4012609828125 0.8915485921874999 0.384454328125 0.8873232390625001 0.37815183124999996 0.87042183125 0.384454328125 0.8690147890625 0.3949584875 0.8718309859375 0.4012609828125
1 0.31971901406250003 0.3634460078125 0.31408450781249997 0.3718493359375 0.31408450781249997 0.38235349531249996 0.32816971875 0.42226930312500005 0.3422528171875 0.4474792859375 0.35352183125000003 0.445378453125 0.359154225 0.43067262968750003 0.363379578125 0.3886559921875 0.359154225 0.3634460078125 0.31971901406250003 0.3634460078125
1 0.4661977046875 0 0.4563373234375 0.029411626562499998 0.43661971875 0.06512576875000001 0.433803521875 0.081932425 0.43661971875 0.09243658437499999 0.45211197187499996 0.09243658437499999 0.4704225359375 0.081932425 0.5 0.037814953125 0.5042253515625 0.008403306250000001 0.502176446875 0 0.4661977046875 0
1 0.517291309375 0 0.515196478125 0.007816 0.5143091546874999 0.0662603859375 0.516083803125 0.093089146875 0.5201971828125 0.11109146562500001 0.5260978875 0.11857068125 0.527859859375 0.11067256249999999 0.5290429578125 0.07682769687499999 0.5287471828125 0.049116925 0.5260978875 0.0161561765625 0.5221346140625001 0 0.517291309375 0
1 0.5268939265625 0 0.5272809859375001 0.0051678578125 0.527859859375 0.0196842265625 0.5290429578125 0.0359456765625 0.53022605625 0.059684235937499996 0.5290429578125 0.0860498859375 0.5293387328125 0.1062603953125 0.5269852109375 0.11373960937500001 0.5346478875 0.1194547984375 0.5411274640625 0.11506368125 0.5458450703125 0.095272075 0.5479007046875 0.0702304953125 0.5496753515624999 0.041218806250000004 0.5470133796875001 0.012647071874999999 0.54130424375 0 0.5268939265625 0
1 0.167762675 0 0.1676063375 0.0021008109375 0.171831690625 0.0231091296875 0.18732394375 0.037814953125 0.2 0.037814953125 0.20985985937499999 0.0315124578125 0.2211267609375 0.0042016421875 0.2211267609375 0 0.167762675 0
1 0.23943732343750002 0.08823492031249999 0.24225352187500002 0.0672266015625 0.23661901406250002 0.0483191140625 0.22676126718749998 0.033613290625 0.20985985937499999 0.029411626562499998 0.1985908453125 0.0399157859375 0.19436549218750002 0.050419945312500006 0.19436549218750002 0.081932425 0.20422535156250002 0.10083991249999999 0.2183105640625 0.1092432390625 0.22676126718749998 0.10714240781249999 0.23943732343750002 0.08823492031249999
1 0.5295774640625 0.2415956515625 0.515492253125 0.2542006421875 0.515492253125 0.2962193859375 0.5183105640625 0.306723546875 0.5267612671874999 0.3130260421875 0.542253521875 0.3130260421875 0.553520421875 0.30042105 0.5563387328125 0.2542006421875 0.5366190140625 0.2415956515625 0.5295774640625 0.2415956515625
1 0.3704232390625 0.26050524375 0.3774647890625 0.268908571875 0.3859154921875 0.268908571875 0.388731690625 0.2647069078125 0.388731690625 0.245797315625 0.3830992953125 0.23739398750000001 0.369014084375 0.23949481874999998 0.3676049296875 0.2520998109375 0.3704232390625 0.26050524375
3 0.0577471828125 0.2941185546875 0.0577471828125 0.308824378125 0.063379578125 0.31722770625 0.07183028125 0.3193285375 0.0732394359375 0.2962193859375 0.0704232390625 0.2920177234375 0.0577471828125 0.2941185546875
1 0 0.43329926093750004 0.00281760625 0.42857179843750004 0.0098591546875 0.39705931875 0.0070429578125 0.3592443453125 0 0.3504900015625 0 0.43329926093750004
1 0.09154999999999999 0.3802526640625 0.0859154921875 0.3886559921875 0.0859154921875 0.40756347968749995 0.1000007046875 0.41176514218750004 0.10985845000000001 0.39705931875 0.11126760625000001 0.384454328125 0.09154999999999999 0.3802526640625
1 0.4816894359375 0.5168067390625 0.48309859218750006 0.52941173125 0.490140140625 0.5462183859375 0.4985908453125 0.5504200499999999 0.5084507046875 0.5420167234375 0.5112669015625 0.52941173125 0.5084507046875 0.5168067390625 0.497183803125 0.521008403125 0.4943654921875 0.5168067390625 0.4816894359375 0.5168067390625
1 0.38732464843750003 0.672268303125 0.37887394375 0.695377453125 0.3774647890625 0.7163857734375 0.37887394375 0.7247891015625 0.39014084531250004 0.74159575625 0.401407746875 0.749999084375 0.41830915468749996 0.749999084375 0.43661971875 0.739494925 0.44647957812500005 0.72268826875 0.45211197187499996 0.6995791171875 0.45211197187499996 0.6701674703125 0.44647957812500005 0.6428566546875001 0.439435915625 0.6302516640625 0.42816901406249996 0.6323524953125 0.4056330984375 0.64705831875 0.38732464843750003 0.672268303125
1 0.3267605640625 0.693276621875 0.3394366203125 0.6869741265625 0.35633802812500004 0.672268303125 0.36056337968749996 0.663864975 0.359154225 0.6575624796875 0.3422528171875 0.6617641421875 0.30281760625 0.695377453125 0.292957746875 0.6974782859374999 0.28873239375000004 0.70378078125 0.28873239375000004 0.7163857734375 0.2999992953125 0.7184866046875 0.3267605640625 0.693276621875
1 0.3042246484375 0.66596580625 0.3042246484375 0.6533608156249999 0.292957746875 0.6239491687500001 0.2619711265625 0.6302516640625 0.266196478125 0.6575624796875 0.254929578125 0.6995791171875 0.254929578125 0.7268899328125 0.2591549296875 0.731091596875 0.27042183125 0.7268899328125 0.28873239375000004 0.6995791171875 0.3042246484375 0.66596580625
1 0.1633809859375 0.674369134375 0.1563373234375 0.6890749578124999 0.1507049296875 0.739494925 0.1633809859375 0.7626040749999999 0.1788732390625 0.768906571875 0.1830985921875 0.7668057390625 0.190140140625 0.74159575625 0.1915492953125 0.7163857734375 0.1760570421875 0.6785707984375 0.1633809859375 0.674369134375
3 0.0901408453125 0.7478982515625 0.10281690156250001 0.6512599828125001 0.10140774687500001 0.6386549921875 0.09154999999999999 0.6449574874999999 0.0830992953125 0.66596580625 0.056338028124999995 0.7100832765625 0.0521126765625 0.72268826875 0.0521126765625 0.7373940921875 0.0577471828125 0.7457974203125 0.0661978875 0.749999084375 0.0901408453125 0.7478982515625
1 0.107042253125 0.6155458406250001 0.10563309843749999 0.5819325296875 0.10281690156250001 0.577730865625 0.0859154921875 0.5819325296875 0.08028098593750001 0.5987391843750001 0.0859154921875 0.6113441765625 0.10281690156250001 0.62605 0.107042253125 0.6155458406250001
1 0.08028098593750001 0.49789925156250003 0.08169014062499999 0.48109259687500006 0.06901408437499999 0.4789917640625 0.0661978875 0.4873950921875 0.06760492968750001 0.4957984203125 0.08028098593750001 0.49789925156250003
1 0 0.6355992875 0.012675351562500001 0.6407558234375 0.02112605625 0.6365541593749999 0.025351407812499997 0.6239491687500001 0.023944365625 0.6113441765625 0.0140845078125 0.6008400171875 0 0.6008400171875 0 0.6355992875
1 0.033802112499999995 0.928571903125 0.033802112499999995 0.9537818859374999 0.040845775 0.9621852140625 0.049296478125 0.95798355 0.05352183125 0.9495802234375 0.0521126765625 0.9390760625000001 0.033802112499999995 0.928571903125
1 0 0.16491581093750002 0.0042246484375 0.16806653437500002 0.018309859375 0.16806653437500002 0.02112605625 0.15966320625 0.0225352109375 0.12184823125 0.02112605625 0.11554573593749999 0.0098591546875 0.11554573593749999 0 0.13678748125 0 0.16491581093750002
1 0.8591549296875 0.172268196875 0.8760563375 0.1575623734375 0.880281690625 0.14285655 0.8774654921874999 0.12184823125 0.87042183125 0.10083991249999999 0.8591549296875 0.08403325625 0.8394373234374999 0.0777307609375 0.8267612671875 0.0798315921875 0.8084507046875 0.10083991249999999 0.8042253515625 0.1176465671875 0.8056345078125 0.13235239062499998 0.8169014078125001 0.153360709375 0.8309866203125 0.16806653437500002 0.8591549296875 0.172268196875
2 0.315211821875 0 0.2971830984375 0.0420166171875 0.2943669015625 0.0609241046875 0.2971830984375 0.075629928125 0.34366197187499997 0.08823492031249999 0.36056337968749996 0.08823492031249999 0.3661978875 0.08403325625 0.381690140625 0.0315124578125 0.3860611921875 0 0.315211821875 0
0 0.07887394375 0 0.07887394375 0.0231091296875 0.09718239375 0.0672266015625 0.10422605625 0.0714282640625 0.10985845000000001 0.0672266015625 0.1211274640625 0.0420166171875 0.1239436625 0.010504139062499999 0.1211274703125 0 0.07887394375 0
0 0.67183028125 0.0042016421875 0.6577471828125 0.018907465625 0.656338028125 0.0420166171875 0.67183028125 0.0777307609375 0.681690140625 0.08403325625 0.69859155 0.0483191140625 0.7000007046875 0.0210082984375 0.69718239375 0.010504139062499999 0.6901408453125 0.0042016421875 0.67183028125 0.0042016421875
1 0.5070415500000001 0.5462183859375 0.5070415500000001 0.575630034375 0.515492253125 0.6008400171875 0.5253521125 0.60504168125 0.535211971875 0.6029408484375 0.5464788734375 0.5903358578125 0.5507042249999999 0.577730865625 0.547888028125 0.5651258734375 0.515492253125 0.5441175546875 0.5070415500000001 0.5462183859375
1 0.4535211265625 0.41386597500000005 0.4352105640625 0.4096643109375 0.4239436625 0.41596680625 0.41549295781250006 0.426470965625 0.41549295781250006 0.445378453125 0.426759859375 0.4600842765625 0.44366126718750004 0.4600842765625 0.45211197187499996 0.45378178125 0.4563373234375 0.4327734625 0.4535211265625 0.41386597500000005
1 0.44788662031250004 0.2647069078125 0.445070421875 0.268908571875 0.445070421875 0.2836143953125 0.4605626765625 0.325631034375 0.47464788750000003 0.3235302015625 0.48591478906249996 0.308824378125 0.4943654921875 0.287816059375 0.49295845 0.2731102359375 0.48873309843749996 0.268908571875 0.44788662031250004 0.2647069078125
1 0.442254225 0.12184823125 0.433803521875 0.12184823125 0.41690211250000003 0.13235239062499998 0.41126760625000003 0.14495738281249998 0.41267676093750005 0.153360709375 0.42112746406249996 0.16806653437500002 0.4380288734375 0.1848731890625 0.44929577500000006 0.17857069375 0.46197183124999996 0.14495738281249998 0.4563373234375 0.13235239062499998 0.442254225 0.12184823125
4 1 0.5344789078125001 0.9579436625 0.5925840421874999 1 0.6251869078125 1 0.5344789078125001
4 0.7193654921875 0.1645384828125 0.6226049296875 0.32418065937499996 0.775070421875 0.37884439062499997 0.7193654921875 0.1645384828125
4 0.8646715781250001 1 0.729620421875 0.899286559375 0.755633071875 1 0.8646715781250001 1
1 0.9281697187500001 0 0.9281697187500001 0.0042016421875 0.9323950703125 0.0210082984375 0.95352183125 0.037814953125 0.9704232390625 0.035714121875 0.976055634375 0.008403306250000001 0.97432259375 0 0.9281697187500001 0
1 0.4380288734375 0.752099915625 0.43661971875 0.7647049078125 0.44084507031250003 0.7731082359375 0.45493028124999996 0.78571533125 0.4661971828125 0.7878161640625 0.48028239375000004 0.7710074031249999 0.484507746875 0.7478982515625 0.48028239375000004 0.739494925 0.4605626765625 0.7352932609375 0.4380288734375 0.752099915625
1 0.2746471828125 0.9012610875 0.2619711265625 0.8655469453125001 0.247888028125 0.8655469453125001 0.2338028171875 0.888656096875 0.228168309375 0.9096644156249999 0.2295774640625 0.9201685749999999 0.250704225 0.928571903125 0.26338028125 0.9390760625000001 0.2718309859375 0.9390760625000001 0.2774654921875 0.9264710718750001 0.2746471828125 0.9012610875