1 0.21515041250000003 0.6454552875 0.18484917343750001 0.6606070265625 0.1727273328125 0.6787886671875001 0.1727273328125 0.70606000625 0.18484917343750001 0.70908990625 0.20000091250000002 0.69697030625 0.2242423515625 0.69697030625 0.22121245156249997 0.6909082671875 0.2575757296875 0.6606070265625 0.2606056296875 0.6484851875000001 0.21515041250000003 0.6454552875
1 0.3424241265625 0.560606890625 0.30000104843750003 0.5545448515625 0.290909109375 0.563636790625 0.293939009375 0.6424231484375 0.36969770625 0.6424231484375 0.39393914531249996 0.5757586296875 0.3909092453125 0.560606890625 0.38181730625 0.5545448515625 0.37272760625 0.560606890625 0.3484839265625 0.5545448515625 0.3424241265625 0.560606890625
1 0.433332325 0.3333330390625 0.3999989453125 0.342424978125 0.38181730625 0.36666641875 0.38181730625 0.37878825781250003 0.40303108437499996 0.3757583578125 0.451516203125 0.351514678125 0.45454610312500004 0.3363629390625 0.433332325 0.3333330390625
1 0.3969690453125 0.43636307499999993 0.37575750625 0.43636307499999993 0.3424241265625 0.4575768546875 0.3424241265625 0.4696964546875 0.415150684375 0.46363665468750004 0.415150684375 0.454544715625 0.3969690453125 0.43636307499999993
1 0.1727273328125 0.5060597328124999 0.100000775 0.5121217734375 0.0909088359375 0.5181815734375 0.0909088359375 0.5393931125 0.1757572328125 0.5424252515625 0.2030308125 0.5333333125 0.2090906125 0.5242413734375 0.1909089734375 0.5090918734375001 0.1727273328125 0.5060597328124999
1 0.11818241562500001 0.42424347500000004 0.0909088359375 0.430303275 0.078786996875 0.44242511562500003 0.078786996875 0.454544715625 0.13636405468749999 0.45151481562500007 0.15454569375 0.43636307499999993 0.15454569375 0.42727337500000007 0.11818241562500001 0.42424347500000004
1 0.24545389062499998 0.3181813 0.242423990625 0.3121215 0.21515041250000003 0.3121215 0.2121205125 0.3242433390625 0.242423990625 0.3272732390625 0.24545389062499998 0.3181813
1 0.5181807218750001 0.81212218125 0.4818174421875 0.8242417812499999 0.4757576421875 0.839393521875 0.48484958125000005 0.8818188390625 0.49999908125000003 0.8939384390624999 0.5242427609375 0.8878786390625001 0.572727878125 0.8454555609375 0.569697978125 0.833333721875 0.5181807218750001 0.81212218125
1 0.5393945 0.7606071640625001 0.515150821875 0.7666669640625 0.515150821875 0.784848603125 0.5303025609375001 0.8000003421875 0.5545462390625 0.793938303125 0.5545462390625 0.781818703125 0.5393945 0.7606071640625001
1 0.1327877421875 0.21442346093750003 0.1463338359375 0.2347571578125 0.1695451546875 0.2599100296875 0.1850305640625 0.282151690625 0.1937283703125 0.26378866093750003 0.190848509375 0.23863578749999997 0.1782720734375 0.22603023906250003 0.168575496875 0.21442346093750003 0.15215178125 0.20184926406249998 0.140515890625 0.1912121421875 0.126998909375 0.1950907734375 0.1327877421875 0.21442346093750003
1 0.066031409375 0.09448376093750001 0.066031409375 0.1031815671875 0.0699100390625 0.11866697500000001 0.085393209375 0.11187937343750001 0.094091015625 0.104151225 0.08733252500000001 0.0915747875 0.066031409375 0.09448376093750001
1 0 0.4001811875 0.007697435937499999 0.4001811875 0.0173626609375 0.3982418734375 0.0164243546875 0.385667675 0.0047884640625 0.38275646406249997 0 0.38619311562499997 0 0.4001811875
1 0.05027279375 0.47369601250000004 0.029939096874999998 0.47369601250000004 0.01833231875 0.48627244843749995 0.0338177265625 0.49690957031250005 0.052212109375 0.49209039375 0.05027279375 0.47369601250000004
1 0.03636391875 0.5848483296875 0.06969729687500001 0.5787885296875 0.06969729687500001 0.5878782296875 0.078786996875 0.5909081296875 0.078786996875 0.5484850515625 0.06969729687500001 0.5151516734375 0.04242371875 0.5090918734375001 0.021212178125 0.5212114734375 0.0090903390625 0.5363632125 0.015152378125 0.572726490625 0.03636391875 0.5848483296875
1 1 0.669696775 0.9999997640625 0.6696967265625 0.966666384375 0.6787886671875001 0.93636290625 0.7181818453125 0.92424330625 0.757575025 0.93030310625 0.8151520812499999 0.9545445453125 0.8484854609375001 0.978788225 0.8666670999999999 0.9909100640625 0.8636372 1 0.84141619375 1 0.669696775
1 0.5424244 0.6939404062500001 0.5333324609375001 0.7151519453125 0.5363646 0.7606071640625001 0.5606060390625001 0.793938303125 0.6030313578125 0.8151520812499999 0.6606061750000001 0.8090900421875 0.7454545734375 0.81212218125 0.7606063125 0.8060601421875001 0.7848477515625001 0.781818703125 0.7969695906250001 0.751515225 0.790909790625 0.6696967265625 0.7575764125 0.624241509375 0.7363626328125 0.615151809375 0.6454544359375001 0.612121909375 0.5757577781250001 0.6545449875 0.5424244 0.6939404062500001
1 0.9151513671875 0.433333175 0.8878777875000001 0.433333175 0.8606064484375 0.45151481562500007 0.854544409375 0.4727263546875 0.8727282875 0.48484819375 0.9060616671874999 0.48787809375 0.93333300625 0.47575849375 0.93333300625 0.4606067546875 0.9151513671875 0.433333175
1 0.8090914296875 0.44242511562500003 0.7848477515625001 0.44242511562500003 0.7484844734375 0.4696964546875 0.7484844734375 0.48484819375 0.8242431703124999 0.48484819375 0.8363627703125 0.47575849375 0.8363627703125 0.4575768546875 0.8090914296875 0.44242511562500003
1 0.4757576421875 0.46666655468749996 0.5212128609375 0.48484819375 0.5515141 0.48181829374999996 0.5636359390625 0.4606067546875 0.5636359390625 0.43636307499999993 0.5515141 0.41212163593750006 0.5363646 0.396969896875 0.48484958125000005 0.3757583578125 0.45757600312499996 0.37878825781250003 0.4363644640625 0.390910096875 0.418182825 0.40909173593750003 0.409090884375 0.44242511562500003 0.418182825 0.46363665468750004 0.4757576421875 0.46666655468749996
1 0.409090884375 0.275758221875 0.4454541640625 0.3030295609375 0.49090938125 0.3030295609375 0.512120921875 0.287877821875 0.515150821875 0.25757658125 0.509091021875 0.24545474218750002 0.4484840640625 0.193939725 0.409090884375 0.17272818437499998 0.37575750625 0.17272818437499998 0.35454596718750003 0.18787768437500002 0.33939422656249996 0.2121213640625 0.3484839265625 0.26060648125 0.409090884375 0.275758221875
4 0.63554511875 0.44415168749999995 0.4440612609375 0.3273941671875 0.278243096875 0.5025147734375001 0.6542127062499999 0.4861828734375 0.63554511875 0.44415168749999995
4 0.264334221875 0.512090421875 0.0755152421875 0.51015110625 0.1027574703125 0.625970321875 0.264334221875 0.512090421875
4 0 0 0 0.23654701875 0.1945457484375 0.30815105468750004 0.21528804531249998 0 0 0
4 1 0.608876078125 0.886424421875 0.5534542671875 0.6487261906249999 0.5421520453124999 0.45745507500000004 0.8564554640625 0.6695836875000001 1 0.8856367296875 1 1 0.832489909375 1 0.608876078125
1 0.839394909375 0.91212231875 0.8272730703125 0.9393936578125001 0.8272730703125 0.9696971359375001 0.839394909375 0.9878787750000001 0.8818179875000001 0.990908675 0.9060616671874999 0.9787868359375 0.93636290625 0.951515496875 0.9484847453125 0.9303039578125001 0.9515146453125001 0.9060602781249999 0.92424330625 0.869697 0.8999996265625001 0.8666670999999999 0.8818179875000001 0.8727269 0.839394909375 0.91212231875
1 0.7551507578125001 1 0.787879890625 0.9454534578124999 0.787879890625 0.91212231875 0.7272729328125 0.8727269 0.6939395546875 0.8727269 0.6424245359375 0.9060602781249999 0.6181808578125 0.9303039578125001 0.6030313578125 0.954545396875 0.6030313578125 0.984848875 0.6164991609375 1 0.7551507578125001 1
5 0.1854851609375 0.22127376718749997 0.1962118578125 0.204726884375 0.18063687343749998 0.1969405125 0.168938278125 0.20960652500000002 0.1854851609375 0.22127376718749997
5 0.3276060578125 0.255332709375 0.3305150296875 0.259242690625 0.3363643265625 0.267031303125 0.3489989875 0.2621516640625 0.3431810421875 0.2524237359375 0.3383036421875 0.2494856515625 0.3276060578125 0.255332709375
4 0 0.6431611515625 0.09612214531249999 0.6262726390625 0 0.390353478125 0 0.6431611515625
1 0.3242424875 0.839393521875 0.3424241265625 0.8515153609375 0.3575758671875 0.8545452609374999 0.37272760625 0.8454555609375 0.3515160671875 0.8000003421875 0.3303022875 0.787878503125 0.2696975703125 0.7969704421875 0.2545458296875 0.81212218125 0.2696975703125 0.8242417812499999 0.3242424875 0.839393521875
1 0.8272730703125 0.5939402703125001 0.8848478875 0.6333334484375001 0.9545445453125 0.6515150875 0.981818125 0.6454552875 0.9878779249999999 0.6303035484375 0.984848025 0.572726490625 0.9909100640625 0.5454551515625 0.984848025 0.5272735125 0.9484847453125 0.4999999328125 0.8878777875000001 0.4999999328125 0.842424809375 0.5303034125 0.8151512296875 0.566666690625 0.8151512296875 0.5787885296875 0.8272730703125 0.5939402703125001
1 0.8696961484375001 0.6545449875 0.8575765484375 0.6727266265625 0.854544409375 0.7121220453125 0.8606064484375 0.7242416453125 0.9151513671875 0.7181818453125 0.9121214671875 0.6787886671875001 0.8878777875000001 0.6575748875 0.8696961484375001 0.6545449875
1 0.8060615296875 0.6606070265625 0.8060615296875 0.6818185671875 0.8242431703124999 0.6909082671875 0.839394909375 0.6878783671875001 0.845454709375 0.6727266265625 0.842424809375 0.6545449875 0.8151512296875 0.6484851875000001 0.8060615296875 0.6606070265625
1 0.6303026968750001 0.572726490625 0.6424245359375 0.5939402703125001 0.669695875 0.5939402703125001 0.6848476156250001 0.5818184296875 0.6878797546875 0.566666690625 0.666665975 0.5484850515625 0.6363647359375 0.5424252515625 0.6303026968750001 0.572726490625
1 0.6424245359375 0.6000000703125 0.6030313578125 0.6000000703125 0.59696931875 0.6090920093750001 0.5999992187500001 0.621211609375 0.624242896875 0.6272736484375 0.6393946359375 0.621211609375 0.6424245359375 0.6000000703125
1 0.3515160671875 0.7151519453125 0.3121206484375 0.7212117453125 0.293939009375 0.7454554250000001 0.293939009375 0.7606071640625001 0.3424241265625 0.7666669640625 0.3666655671875 0.7454554250000001 0.3666655671875 0.7242416453125 0.3515160671875 0.7151519453125