1 0.434272653125 0.537559625 0.4483575125 0.539906103125 0.46478885 0.532864671875 0.46478885 0.5164313375 0.42722922499999993 0.514084859375 0.42722922499999993 0.5305161968750001 0.434272653125 0.537559625
1 0.54460105625 0.4131463609375 0.5516424875 0.42018779375 0.575117253125 0.42253427187500003 0.584507159375 0.41549284062499997 0.5821586859375001 0.396713028125 0.5610323937499999 0.39436655 0.5469475359375 0.399061503125 0.54460105625 0.4131463609375
1 0.7605629109375001 0.6760557515625 0.7488265265625 0.673709271875 0.7253517609375 0.683099178125 0.6948355640625 0.708920421875 0.692489084375 0.7230052812500001 0.7183103281250001 0.737090140625 0.7417830984375 0.7300467140625 0.7558679578125 0.7112669015625 0.7605629109375001 0.6760557515625
1 0.692489084375 0.5657273468749999 0.70422546875 0.5727707750000001 0.7277002343750001 0.5704222999999999 0.7300467140625 0.5657273468749999 0.7277002343750001 0.549296009375 0.6971840375 0.549296009375 0.692489084375 0.5539909625 0.692489084375 0.5657273468749999
1 0.708920421875 0.9835681921875 0.7159618546875001 0.9906096249999999 0.7464780515625 0.9976530515625001 0.7558679578125 0.9882631453125 0.7558679578125 0.9647883796875 0.7253517609375 0.9553984734375 0.713615375 0.9577469484375 0.708920421875 0.9835681921875
1 0.6173718312500001 0.70422546875 0.6361496484375 0.7018769953125 0.643193075 0.692489084375 0.6361496484375 0.6807507046875 0.603286971875 0.6854456578125 0.60563345 0.7018769953125 0.6173718312500001 0.70422546875
1 0.424882746875 0.47183028125000004 0.443662559375 0.50704143125 0.45539894375 0.511736384375 0.46478885 0.49061009375 0.462440375 0.460093896875 0.4483575125 0.44131408437499997 0.42018779375 0.4460090375 0.424882746875 0.47183028125000004
1 0.41549284062499997 0.81220739375 0.42722922499999993 0.816902346875 0.4460090375 0.8145538734375 0.4577474171875 0.8028174874999999 0.45539894375 0.7934275828125 0.41784131406249997 0.7934275828125 0.4131463609375 0.7981225359375 0.41549284062499997 0.81220739375
1 0.7394366203125 0.7605629109375001 0.7464780515625 0.772301290625 0.7699528171875001 0.7746477703125 0.77699624375 0.7699528171875001 0.7793427234375 0.7582164312499999 0.7746477703125 0.7511730046875 0.7417830984375 0.7511730046875 0.7394366203125 0.7605629109375001
1 0.2089208921875 0.6854456578125 0.2089208921875 0.6596244125 0.192487559375 0.6408446015625 0.1807511734375 0.6408446015625 0.1596248828125 0.6525829812499999 0.14319155 0.68779413125 0.14319155 0.7018769953125 0.1525814546875 0.7159618546875001 0.1807511734375 0.7183103281250001 0.20187746406249998 0.7018769953125 0.2089208921875 0.6854456578125
1 0.0727692484375 0.664319365625 0.061032864062500004 0.6525829812499999 0.0516429578125 0.63380316875 0.032863145312499994 0.63380316875 0.0234732390625 0.6572779343749999 0.0234732390625 0.70422546875 0.030516667187500002 0.7159618546875001 0.0469480046875 0.7206568078125 0.07511772343749999 0.708920421875 0.07981267656249999 0.6971840375 0.0727692484375 0.683099178125 0.0727692484375 0.664319365625
1 1 0.1962445171875 0.9906096249999999 0.20187746406249998 0.9882631453125 0.21596232343750002 0.995304578125 0.22769870937499997 1 0.2297111953125 1 0.1962445171875
1 0.47183020468750003 1 0.47183028125000004 0.99999953125 0.45539894375 0.98121971875 0.43192417812499995 0.98121971875 0.41079788749999996 0.9976530515625001 0.410630309375 1 0.47183020468750003 1
1 0.3281174484375 1 0.3239442484375 0.98121971875 0.3098593890625 0.9741782859375 0.2887330984375 0.9788732390625 0.272299765625 0.995304578125 0.2705392328125 1 0.3281174484375 1
1 0.7183103281250001 0.22769870937499997 0.7347416671875 0.2089208921875 0.7488265265625 0.1807511734375 0.7535214781249999 0.147886503125 0.7488265265625 0.1197187796875 0.7277002343750001 0.0821591546875 0.7159618546875001 0.0868541078125 0.678404225 0.14319155 0.629108215625 0.20187746406249998 0.610328403125 0.2300471828125 0.61502335625 0.2441320421875 0.6455395546875 0.2511734734375 0.683099178125 0.24882699531250002 0.7183103281250001 0.22769870937499997
1 0.4336835828125 0 0.42722922499999993 0.0023469484375 0.41549284062499997 0.016431807812499998 0.4037564546875 0.0727692484375 0.3638503515625 0.1056339203125 0.3544604453125 0.1197187796875 0.3544604453125 0.15727640781250002 0.38497664375 0.192487559375 0.4084514078125 0.2065724171875 0.4295777 0.2089208921875 0.450703990625 0.19953098593750002 0.502346478125 0.1220652578125 0.5258212437500001 0.0516429578125 0.5258212437500001 0.016431807812499998 0.511736384375 4.6874999999999996e-7 0.5117354453125 0 0.4336835828125 0
1 0.514084859375 0.7347416671875 0.5187798124999999 0.7253517609375 0.514084859375 0.7018769953125 0.47652523437500005 0.6666658453125 0.48122018750000006 0.6455395546875 0.478873709375 0.6267597421875 0.45539894375 0.607981925 0.43192417812499995 0.607981925 0.41079788749999996 0.6197183093749999 0.396713028125 0.6408446015625 0.396713028125 0.6901406109375 0.41079788749999996 0.7206568078125 0.44131408437499997 0.7558679578125 0.478873709375 0.7605629109375001 0.495305046875 0.7535214781249999 0.514084859375 0.7347416671875
1 0.6502345078125 0.380281690625 0.678404225 0.380281690625 0.6948355640625 0.3732402578125 0.713615375 0.352111971875 0.7277002343750001 0.3239442484375 0.7300467140625 0.29577453125000003 0.7206568078125 0.2699532859375 0.7018769953125 0.24882699531250002 0.6901406109375 0.246478521875 0.678404225 0.2511734734375 0.638498121875 0.29812300468749997 0.6244132625 0.30046948281249997 0.60563345 0.3145543421875 0.603286971875 0.3380291078125 0.6220647890625 0.36619683125 0.6502345078125 0.380281690625
1 0.4460090375 0.29342805156249996 0.4483575125 0.2605633796875 0.43192417812499995 0.22065727656249998 0.356806925 0.17605622031249998 0.335680634375 0.17605622031249998 0.31220586875 0.18779260625 0.3051644359375 0.20187746406249998 0.3051644359375 0.21596232343750002 0.326290728125 0.25586842656250003 0.3333341546875 0.2840381453125 0.34272206562499996 0.29342805156249996 0.3591553984375 0.30046948281249997 0.4295777 0.3051644359375 0.4460090375 0.29342805156249996
1 0.29812300468749997 0.6408446015625 0.316900821875 0.6314546953125 0.3380291078125 0.600938496875 0.345070540625 0.532864671875 0.3380291078125 0.50704143125 0.3192492953125 0.48122018750000006 0.3028159625 0.47417875625 0.2840381453125 0.47417875625 0.2746482390625 0.48122018750000006 0.2582169015625 0.5258212437500001 0.2300471828125 0.549296009375 0.21361584531250002 0.575117253125 0.22300375625000002 0.59859201875 0.2511734734375 0.6267597421875 0.281689671875 0.6408446015625 0.29812300468749997 0.6408446015625
1 0 0.16666631406250002 0.0469480046875 0.16666631406250002 0.1220652578125 0.1737097421875 0.1267602109375 0.1690147890625 0.1220652578125 0.147886503125 0.10328544531249999 0.12441373281250001 0.030516667187500002 0.0821591546875 0.014085328125 0.06572781718750001 0 0.06082848125 0 0.16666631406250002
1 0.874647040625 0 0.8849761734375001 0.014085328125 0.8849761734375001 0.06337934218749999 0.9178408453125 0.1197187796875 0.9319257046875 0.13380363906249998 0.9436620890625 0.1384985921875 0.9741782859375 0.1361501171875 1 0.126219209375 1 0.038787228125 0.9882631453125 0.028168192187500003 0.9788732390625 0.009390375 0.976995378125 0 0.874647040625 0
1 0.8990610328124999 0.25352194843750003 0.8967145546875 0.2323936625 0.8521134968749999 0.1619713609375 0.7934275828125 0.09154906093750001 0.7816892015625 0.0868541078125 0.772301290625 0.0892025828125 0.7582164312499999 0.1220652578125 0.7558679578125 0.15727640781250002 0.762911384375 0.192487559375 0.7793427234375 0.22065727656249998 0.8239437796875 0.25586842656250003 0.8497650234374999 0.262909859375 0.8920196015625 0.2605633796875 0.8990610328124999 0.25352194843750003
1 0.6901406109375 0.8239437796875 0.70422546875 0.7910791078125 0.7065719484375 0.7582164312499999 0.6995305171874999 0.7394366203125 0.6619708921874999 0.7230052812500001 0.603286971875 0.708920421875 0.5657273468749999 0.708920421875 0.54460105625 0.7206568078125 0.523474765625 0.7441315734375 0.523474765625 0.7676063375 0.539906103125 0.7816892015625 0.5962435453125 0.81220739375 0.6267597421875 0.8591549296875 0.6502345078125 0.8615014078125001 0.6619708921874999 0.8568084499999999 0.6901406109375 0.8239437796875
1 0.48591514062499996 0.9295772296875 0.462440375 0.8849761734375001 0.4295777 0.8474185453124999 0.4037564546875 0.8427235921875 0.392018075 0.8708913140625001 0.392018075 0.8967145546875 0.4037564546875 0.9295772296875 0.42018779375 0.94600856875 0.45539894375 0.9600934265625 0.48122018750000006 0.9577469484375 0.48591514062499996 0.9530519953125 0.48591514062499996 0.9295772296875
1 0.647888028125 0.647888028125 0.6572779343749999 0.6408446015625 0.6572779343749999 0.6173718312500001 0.6220647890625 0.5539909625 0.610328403125 0.50704143125 0.600938496875 0.495305046875 0.5821586859375001 0.495305046875 0.549296009375 0.5164313375 0.537559625 0.537559625 0.537559625 0.5516424875 0.56338086875 0.593897065625 0.5657273468749999 0.63380316875 0.5727707750000001 0.6455395546875 0.5868536390625 0.6525829812499999 0.647888028125 0.647888028125
1 0.6154944296875 0 0.654929459375 0.032863145312499994 0.6854456578125 0.039906573437499995 0.692489084375 0.032863145312499994 0.692489084375 0.014085328125 0.6886472343750001 0 0.6154944296875 0
1 0 0.4707262296875 0.007041901562499999 0.47652523437500005 0.014085328125 0.502346478125 0.0258217140625 0.5187798124999999 0.0375580984375 0.523474765625 0.0680742953125 0.5187798124999999 0.0845076296875 0.504694953125 0.1056339203125 0.460093896875 0.12441373281250001 0.43661913124999996 0.1291086859375 0.4084514078125 0.11737030468750001 0.396713028125 0.0821591546875 0.3779352109375 0 0.3584751109375 0 0.4707262296875
1 0.9238160234375 1 0.9014075125 0.9835681921875 0.8755862671875001 0.9765267609375 0.8685448359375 0.98121971875 0.8661963609375001 0.9976530515625001 0.8673699171875 1 0.9238160234375 1
1 0.84120396875 1 0.8286387328125 0.9694833328125 0.8192488265625 0.9600934265625 0.8004690140624999 0.9600934265625 0.7910791078125 0.9765267609375 0.7910791078125 0.9976530515625001 0.7920179671875001 1 0.84120396875 1
1 0.603286971875 0.8896711265624999 0.5892021125 0.8661963609375001 0.56338086875 0.8638498828125 0.523474765625 0.8896711265624999 0.50704143125 0.9201873234375 0.511736384375 0.9483570421874999 0.5305161968750001 0.9577469484375 0.5422525828125 0.9577469484375 0.59859201875 0.9201873234375 0.603286971875 0.8896711265624999
1 0.39436655 0.9577469484375 0.39436655 0.9906096249999999 0.4084514078125 0.9976530515625001 0.424882746875 0.9835681921875 0.42722922499999993 0.9694833328125 0.4131463609375 0.9436620890625 0.40140798125000005 0.9389671359375 0.39436655 0.9577469484375
1 0.3788643828125 1 0.361501878125 0.8849761734375001 0.361501878125 0.8497650234374999 0.352111971875 0.8403751171874999 0.3333341546875 0.8403751171874999 0.326290728125 0.8521134968749999 0.326290728125 0.8873246484375 0.3333341546875 0.9154923703125 0.34037558749999997 0.9201873234375 0.345070540625 0.9342721828125 0.3380291078125 0.9788732390625 0.339788921875 1 0.3788643828125 1
1 0.0938975359375 0.8615014078125001 0.0774642015625 0.8591549296875 0.07042277031250001 0.8497650234374999 0.0563379109375 0.8474185453124999 0.0516429578125 0.8521134968749999 0.061032864062500004 0.8615014078125001 0.09154906093750001 0.9483570421874999 0.10093896718749999 0.9600934265625 0.1079803984375 0.9600934265625 0.11737030468750001 0.9413136156249999 0.11737030468750001 0.9201873234375 0.0938975359375 0.8615014078125001
1 0 0.7721886546875 0.0375580984375 0.7793427234375 0.0774642015625 0.7605629109375001 0.0892025828125 0.7464780515625 0.09624401406250001 0.7230052812500001 0.1056339203125 0.7183103281250001 0.09154906093750001 0.7183103281250001 0.058686384375 0.7300467140625 0.014085328125 0.7558679578125 0 0.757433584375 0 0.7721886546875
1 0.1079803984375 0.7300467140625 0.0985924875 0.7605629109375001 0.0985924875 0.7863841546875 0.1056339203125 0.7934275828125 0.12441373281250001 0.7957740609374999 0.13380363906249998 0.7863841546875 0.13380363906249998 0.772301290625 0.1220652578125 0.737090140625 0.1079803984375 0.7300467140625
1 0.2268068078125 0.9847174875 0.174671478125 0.873146009375 0.169202346875 0.9161268781249999 0.1911507046875 0.9691780515625 0.2268068078125 0.9847174875
1 0.1298589203125 0.9252813375000001 0.128943075 0.9362435453125 0.13718368593750002 0.9426524640625 0.1445064546875 0.9417366203125 0.14908368593750002 0.92985856875 0.1445064546875 0.9197882625 0.136267840625 0.9197882625 0.1298589203125 0.9252813375000001
1 0.14908368593750002 0.9664325125 0.14176091562499998 0.9737552812500001 0.1435906109375 0.9792244125 0.1563845078125 0.9856333328125 0.1655389671875 0.9856333328125 0.1655389671875 0.9764788734375 0.1600478875 0.964600821875 0.14908368593750002 0.9664325125
1 0.0923711265625 0.8393196015625 0.0923711265625 0.845728521875 0.099693896875 0.8557748828125 0.1070186625 0.856690728125 0.1106580984375 0.851197653125 0.1115719484375 0.845728521875 0.1006097421875 0.8356582156249999 0.0923711265625 0.8393196015625
1 0 0.8935828640624999 0.009390375 0.9014075125 0.0375580984375 0.9014075125 0.039906573437499995 0.8779347421875 0.0211267609375 0.8544599765625 0.0117368546875 0.8309852109375001 0 0.8276316203125 0 0.8935828640624999
1 0.29812300468749997 0.7981225359375 0.27699471875000004 0.8028174874999999 0.25586842656250003 0.8333336859375 0.25352194843750003 0.8591549296875 0.2676048125 0.9154923703125 0.2793431921875 0.9131458921875 0.29812300468749997 0.8896711265624999 0.307510915625 0.8028174874999999 0.29812300468749997 0.7981225359375
1 0.6619708921874999 0.9483570421874999 0.6995305171874999 0.9577469484375 0.708920421875 0.9530519953125 0.7183103281250001 0.9295772296875 0.7230052812500001 0.8873246484375 0.713615375 0.8568084499999999 0.6971840375 0.8450700703124999 0.6760557515625 0.8544599765625 0.673709271875 0.8638498828125 0.6572779343749999 0.8802812203125001 0.63380316875 0.8943660796874999 0.6244132625 0.9061024640625 0.6244132625 0.9154923703125 0.6361496484375 0.9319257046875 0.6619708921874999 0.9483570421874999
1 0.7887326296875 0.8779347421875 0.7676063375 0.8802812203125001 0.762911384375 0.8943660796874999 0.780047065625 0.9082154921875001 0.794365375 0.9140836859375 0.8004690140624999 0.9201873234375 0.8098589203125 0.9272307515625 0.8145538734375 0.8990610328124999 0.8075124406249999 0.8896711265624999 0.7887326296875 0.8779347421875
1 0.8708913140625001 0.9201873234375 0.8694826296875 0.9176053984375001 0.8607990609374999 0.9105639671875 0.8553997656250001 0.9061024640625 0.8380286390625 0.9014075125 0.8192488265625 0.9248822765625 0.8239437796875 0.94600856875 0.8450700703124999 0.9577469484375 0.8591549296875 0.9577469484375 0.8755862671875001 0.9436620890625 0.8708913140625001 0.9201873234375
1 0.9154923703125 0.8615014078125001 0.8920196015625 0.8450700703124999 0.8544599765625 0.8450700703124999 0.8497650234374999 0.8521134968749999 0.8521134968749999 0.8849761734375001 0.8708913140625001 0.9248822765625 0.9107974171875 0.9553984734375 0.9295772296875 0.9600934265625 0.9483570421874999 0.9530519953125 0.9483570421874999 0.9084509390625 0.9154923703125 0.8615014078125001
1 0.504694953125 0.77699624375 0.47417875625 0.7957740609374999 0.47652523437500005 0.8098589203125 0.49295856875000005 0.8192488265625 0.504694953125 0.8192488265625 0.5187798124999999 0.7910791078125 0.5187798124999999 0.77699624375 0.504694953125 0.77699624375
1 0.36619683125 0.7511730046875 0.36619683125 0.7394366203125 0.3497654921875 0.7206568078125 0.335680634375 0.7183103281250001 0.286384625 0.7605629109375001 0.281689671875 0.7746477703125 0.29342805156249996 0.7910791078125 0.3051644359375 0.7981225359375 0.3192492953125 0.7981225359375 0.3591553984375 0.762911384375 0.36619683125 0.7511730046875
1 0.27699471875000004 0.7417830984375 0.262909859375 0.7253517609375 0.2441320421875 0.7323951875 0.2112673703125 0.7582164312499999 0.19718251250000002 0.77699624375 0.19953098593750002 0.7957740609374999 0.2300471828125 0.8192488265625 0.25352194843750003 0.816902346875 0.2652583328125 0.7981225359375 0.27699471875000004 0.7417830984375
1 0.1455400234375 0.61502335625 0.1291086859375 0.612676878125 0.0938975359375 0.6244132625 0.0774642015625 0.63380316875 0.0774642015625 0.6525829812499999 0.0845076296875 0.6572779343749999 0.10093896718749999 0.654929459375 0.1384985921875 0.6314546953125 0.1455400234375 0.61502335625
1 0.237088615625 0.654929459375 0.24882699531250002 0.6619708921874999 0.2652583328125 0.6619708921874999 0.2840381453125 0.6525829812499999 0.281689671875 0.6455395546875 0.2441320421875 0.6267597421875 0.2323936625 0.63380316875 0.237088615625 0.654929459375
1 0.286384625 0.6572779343749999 0.2840381453125 0.6854456578125 0.30046948281249997 0.7065719484375 0.326290728125 0.7112669015625 0.3497654921875 0.6971840375 0.352111971875 0.6807507046875 0.3145543421875 0.654929459375 0.29577453125000003 0.6502345078125 0.286384625 0.6572779343749999
1 0.38497664375 0.68779413125 0.37089178437500003 0.6854456578125 0.361501878125 0.6948355640625 0.3591553984375 0.7065719484375 0.38497664375 0.7511730046875 0.396713028125 0.762911384375 0.42018779375 0.762911384375 0.42722922499999993 0.7558679578125 0.42722922499999993 0.7441315734375 0.38497664375 0.68779413125
1 0.70422546875 0.6760557515625 0.683099178125 0.6760557515625 0.6690143187500001 0.683099178125 0.654929459375 0.6971840375 0.6525829812499999 0.7112669015625 0.6690143187500001 0.713615375 0.6854456578125 0.708920421875 0.70422546875 0.68779413125 0.70422546875 0.6760557515625
1 0.8309852109375001 0.7253517609375 0.8427235921875 0.6971840375 0.8403751171874999 0.673709271875 0.816902346875 0.6572779343749999 0.8028174874999999 0.6619708921874999 0.7840376765625 0.6995305171874999 0.7652578640625001 0.7230052812500001 0.7699528171875001 0.7347416671875 0.8004690140624999 0.7558679578125 0.8145538734375 0.7535214781249999 0.81220739375 0.7488265265625 0.8309852109375001 0.7253517609375
1 0.9295772296875 0.5727707750000001 0.9061024640625 0.556337440625 0.8920196015625 0.56338086875 0.8685448359375 0.6619708921874999 0.8755862671875001 0.6948355640625 0.8920196015625 0.7253517609375 0.9037559859375 0.7230052812500001 0.9483570421874999 0.6502345078125 0.94600856875 0.612676878125 0.9295772296875 0.5727707750000001
1 0.9530519953125 0.647888028125 0.9530519953125 0.664319365625 0.9718318078125 0.683099178125 0.985914671875 0.6760557515625 0.9929580984375 0.654929459375 0.9882631453125 0.647888028125 0.9671368546875 0.6408446015625 0.9530519953125 0.647888028125
1 0.8497650234374999 0.5539909625 0.8380286390625 0.549296009375 0.8286387328125 0.5539909625 0.8098589203125 0.6220647890625 0.8145538734375 0.6408446015625 0.8380286390625 0.63380316875 0.8638498828125 0.61502335625 0.8755862671875001 0.59859201875 0.8708913140625001 0.575117253125 0.8497650234374999 0.5539909625
1 0.7277002343750001 0.6502345078125 0.7347416671875 0.6314546953125 0.7277002343750001 0.600938496875 0.6995305171874999 0.575117253125 0.6807507046875 0.575117253125 0.6572779343749999 0.593897065625 0.654929459375 0.6220647890625 0.6596244125 0.6361496484375 0.683099178125 0.6596244125 0.6971840375 0.6619708921874999 0.7065719484375 0.673709271875 0.7065719484375 0.664319365625 0.7277002343750001 0.6502345078125
1 0.5610323937499999 0.629108215625 0.558685915625 0.612676878125 0.54460105625 0.60563345 0.52816971875 0.607981925 0.50938990625 0.6267597421875 0.514084859375 0.6408446015625 0.504694953125 0.654929459375 0.504694953125 0.664319365625 0.5305161968750001 0.678404225 0.5422525828125 0.673709271875 0.5610323937499999 0.629108215625
1 0.2253522296875 0.52816971875 0.21596232343750002 0.52816971875 0.1901410796875 0.5422525828125 0.18779260625 0.558685915625 0.19718251250000002 0.568075821875 0.2089208921875 0.5704222999999999 0.2300471828125 0.5539909625 0.2323936625 0.5352111500000001 0.2253522296875 0.52816971875
1 0.1079803984375 0.5422525828125 0.09154906093750001 0.5539909625 0.09154906093750001 0.568075821875 0.1056339203125 0.5868536390625 0.1220652578125 0.5868536390625 0.1361501171875 0.575117253125 0.1384985921875 0.556337440625 0.1291086859375 0.5422525828125 0.1079803984375 0.5422525828125
1 0.18544612656249998 0.467135328125 0.1690147890625 0.467135328125 0.1455400234375 0.48122018750000006 0.1502349765625 0.49295856875000005 0.2112673703125 0.514084859375 0.2347421359375 0.532864671875 0.2441320421875 0.532864671875 0.25352194843750003 0.523474765625 0.25352194843750003 0.495305046875 0.2441320421875 0.48591514062499996 0.18544612656249998 0.467135328125
1 0.321595775 0.478873709375 0.32863920156250004 0.49295856875000005 0.34037558749999997 0.504694953125 0.3544604453125 0.502346478125 0.3591553984375 0.48122018750000006 0.34741701875 0.46478885 0.3239442484375 0.46478885 0.321595775 0.478873709375
1 0.469483803125 0.462440375 0.46478885 0.467135328125 0.467135328125 0.49765352187499995 0.49061009375 0.52816971875 0.511736384375 0.52816971875 0.514084859375 0.514084859375 0.504694953125 0.49295856875000005 0.4835686625 0.462440375 0.469483803125 0.462440375
1 0.521126290625 0.511736384375 0.514084859375 0.521126290625 0.50938990625 0.5610323937499999 0.521126290625 0.5704222999999999 0.5352111500000001 0.5610323937499999 0.5422525828125 0.5164313375 0.5352111500000001 0.511736384375 0.521126290625 0.511736384375
1 0.48826361562500004 0.5610323937499999 0.48122018750000006 0.5704222999999999 0.48122018750000006 0.584507159375 0.495305046875 0.59859201875 0.5187798124999999 0.5962435453125 0.52816971875 0.5868536390625 0.52816971875 0.5727707750000001 0.49765352187499995 0.558685915625 0.48826361562500004 0.5610323937499999
1 0.68779413125 0.521126290625 0.6619708921874999 0.521126290625 0.63380316875 0.549296009375 0.63380316875 0.575117253125 0.647888028125 0.5892021125 0.6666658453125 0.5892021125 0.6854456578125 0.568075821875 0.6948355640625 0.5469475359375 0.68779413125 0.521126290625
1 0.7535214781249999 0.568075821875 0.7253517609375 0.575117253125 0.7230052812500001 0.593897065625 0.7300467140625 0.603286971875 0.7464780515625 0.607981925 0.7558679578125 0.600938496875 0.762911384375 0.5892021125 0.762911384375 0.5727707750000001 0.7535214781249999 0.568075821875
1 0.9413136156249999 0.50938990625 0.9577469484375 0.504694953125 0.9694833328125 0.47417875625 0.9694833328125 0.4530524640625 0.9530519953125 0.4460090375 0.9272307515625 0.4483575125 0.8708913140625001 0.47183028125000004 0.8356801640624999 0.50704143125 0.8333336859375 0.5305161968750001 0.8474185453124999 0.539906103125 0.9061024640625 0.5352111500000001 0.9413136156249999 0.50938990625
1 0.9530519953125 0.380281690625 0.950703521875 0.37089178437500003 0.9248822765625 0.3685453046875 0.9061024640625 0.3732402578125 0.9014075125 0.38262816875 0.9014075125 0.41079788749999996 0.9154923703125 0.434272653125 0.9295772296875 0.43192417812499995 0.9319257046875 0.399061503125 0.9530519953125 0.380281690625
1 0.7887326296875 0.443662559375 0.7887326296875 0.4577474171875 0.8145538734375 0.47183028125000004 0.8380286390625 0.467135328125 0.8521134968749999 0.4577474171875 0.8521134968749999 0.4483575125 0.8450700703124999 0.44131408437499997 0.7934275828125 0.43896760625000003 0.7887326296875 0.443662559375
1 0.7300467140625 0.460093896875 0.7394366203125 0.467135328125 0.7652578640625001 0.467135328125 0.7816892015625 0.45539894375 0.7863841546875 0.326290728125 0.7816892015625 0.27699471875000004 0.7746477703125 0.2511734734375 0.737090140625 0.246478521875 0.7300467140625 0.25352194843750003 0.7323951875 0.3192492953125 0.7277002343750001 0.345070540625 0.7323951875 0.3732402578125 0.7300467140625 0.40610293437499995 0.7253517609375 0.41079788749999996 0.7300467140625 0.42018779375 0.7300467140625 0.460093896875
1 0.8708913140625001 0.3380291078125 0.8591549296875 0.345070540625 0.8591549296875 0.352111971875 0.8732397890625 0.36619683125 0.8896711265624999 0.3732402578125 0.9201873234375 0.37089178437500003 0.9366206578125 0.352111971875 0.9248822765625 0.34272206562499996 0.9014075125 0.3380291078125 0.8708913140625001 0.3380291078125
1 0.7206568078125 0.4084514078125 0.70422546875 0.4131463609375 0.678404225 0.4460090375 0.6854456578125 0.4577474171875 0.70422546875 0.467135328125 0.7183103281250001 0.467135328125 0.7277002343750001 0.45539894375 0.7277002343750001 0.41784131406249997 0.7206568078125 0.4084514078125
1 0.654929459375 0.38262816875 0.6455395546875 0.399061503125 0.6502345078125 0.4295777 0.6619708921874999 0.43896760625000003 0.6854456578125 0.43661913124999996 0.70422546875 0.41549284062499997 0.7018769953125 0.399061503125 0.6854456578125 0.38262816875 0.654929459375 0.38262816875
1 0.6619708921874999 0.450703990625 0.6572779343749999 0.45539894375 0.6572779343749999 0.467135328125 0.664319365625 0.478873709375 0.6971840375 0.5 0.7112669015625 0.49295856875000005 0.7112669015625 0.478873709375 0.70422546875 0.467135328125 0.678404225 0.450703990625 0.6619708921874999 0.450703990625
1 0.584507159375 0.47417875625 0.5915485921875 0.48122018750000006 0.6220647890625 0.48122018750000006 0.629108215625 0.467135328125 0.629108215625 0.44131408437499997 0.6197183093749999 0.43661913124999996 0.5821586859375001 0.43896760625000003 0.584507159375 0.47417875625
1 0.593897065625 0.38497664375 0.593897065625 0.396713028125 0.60563345 0.4131463609375 0.6173718312500001 0.4131463609375 0.629108215625 0.40140798125000005 0.629108215625 0.380281690625 0.6220647890625 0.3732402578125 0.593897065625 0.38497664375
1 0.5305161968750001 0.43192417812499995 0.5187798124999999 0.443662559375 0.514084859375 0.49061009375 0.521126290625 0.50938990625 0.537559625 0.511736384375 0.5516424875 0.49061009375 0.5516424875 0.450703990625 0.5469475359375 0.43661913124999996 0.5305161968750001 0.43192417812499995
1 0.450703990625 0.40610293437499995 0.443662559375 0.4131463609375 0.443662559375 0.4295777 0.45539894375 0.4483575125 0.47417875625 0.4577474171875 0.48826361562500004 0.4577474171875 0.495305046875 0.4483575125 0.49295856875000005 0.42253427187500003 0.450703990625 0.40610293437499995
1 0.380281690625 0.43661913124999996 0.380281690625 0.41549284062499997 0.3732402578125 0.4084514078125 0.34037558749999997 0.40610293437499995 0.321595775 0.41079788749999996 0.31220586875 0.42253427187500003 0.3145543421875 0.4530524640625 0.33098568125 0.46478885 0.3544604453125 0.460093896875 0.37089178437500003 0.450703990625 0.380281690625 0.43661913124999996
1 0.10328544531249999 0.326290728125 0.1056339203125 0.34272206562499996 0.1220652578125 0.3638503515625 0.1384985921875 0.3638503515625 0.1549299296875 0.3497654921875 0.1549299296875 0.34037558749999997 0.1361501171875 0.326290728125 0.11737030468750001 0.321595775 0.10328544531249999 0.326290728125
1 0 0.357177771875 0.0375580984375 0.3591553984375 0.049296478125 0.352111971875 0.0469480046875 0.32863920156250004 0.016431807812499998 0.2887330984375 0.0023469484375 0.2887330984375 0 0.291080046875 0 0.357177771875
1 0.030516667187500002 0.20187746406249998 0.0211267609375 0.2089208921875 0.0211267609375 0.22300375625000002 0.039906573437499995 0.25586842656250003 0.0774642015625 0.2652583328125 0.0938975359375 0.25352194843750003 0.0938975359375 0.2347421359375 0.0774642015625 0.21596232343750002 0.0446015265625 0.20187746406249998 0.030516667187500002 0.20187746406249998
1 0.462440375 0.286384625 0.42253427187500003 0.3051644359375 0.41784131406249997 0.3192492953125 0.42722922499999993 0.34272206562499996 0.43661913124999996 0.34741701875 0.4530524640625 0.345070540625 0.47183028125000004 0.316900821875 0.47417875625 0.29812300468749997 0.462440375 0.286384625
1 0.5516424875 0.3192492953125 0.5868536390625 0.3239442484375 0.5962435453125 0.31220586875 0.593897065625 0.2840381453125 0.556337440625 0.281689671875 0.549296009375 0.291079578125 0.5516424875 0.3192492953125
1 0.6267597421875 0.246478521875 0.5962435453125 0.22769870937499997 0.584507159375 0.2300471828125 0.5821586859375001 0.25586842656250003 0.5915485921875 0.27699471875000004 0.603286971875 0.2887330984375 0.6220647890625 0.291079578125 0.647888028125 0.27699471875000004 0.654929459375 0.262909859375 0.6525829812499999 0.25352194843750003 0.6267597421875 0.246478521875
1 0.7511730046875 0.1948360328125 0.7347416671875 0.21596232343750002 0.7347416671875 0.2347421359375 0.7441315734375 0.2441320421875 0.7699528171875001 0.246478521875 0.77699624375 0.2323936625 0.77699624375 0.21831079843749998 0.7605629109375001 0.1948360328125 0.7511730046875 0.1948360328125
1 0.7957740609374999 0.2652583328125 0.7840376765625 0.27699471875000004 0.7840376765625 0.3098593890625 0.8004690140624999 0.33098568125 0.8215953046875001 0.335680634375 0.8403751171874999 0.3239442484375 0.8427235921875 0.29577453125000003 0.8262902578125001 0.272299765625 0.7957740609374999 0.2652583328125
1 0.9107974171875 0.25586842656250003 0.9014075125 0.25586842656250003 0.8990610328124999 0.27699471875000004 0.9061024640625 0.3028159625 0.9319257046875 0.345070540625 0.950703521875 0.3544604453125 0.9671368546875 0.352111971875 0.9671368546875 0.3333341546875 0.9295772296875 0.2746482390625 0.9107974171875 0.25586842656250003
1 0.1690147890625 0.1948360328125 0.1784046953125 0.18544612656249998 0.1713612671875 0.1784046953125 0.1314551640625 0.1713612671875 0.11737030468750001 0.18309765312499998 0.1361501171875 0.19718251250000002 0.1690147890625 0.1948360328125
1 0.18779260625 0.1314551640625 0.18309765312499998 0.16666631406250002 0.1901410796875 0.18779260625 0.20187746406249998 0.19953098593750002 0.2253522296875 0.20187746406249998 0.2394370890625 0.1807511734375 0.2347421359375 0.15727640781250002 0.2065724171875 0.1314551640625 0.18779260625 0.1314551640625
1 0.1502349765625 0.049296478125 0.1291086859375 0.049296478125 0.12441373281250001 0.05399143125 0.12441373281250001 0.07981267656249999 0.1384985921875 0.10093896718749999 0.1784046953125 0.1267602109375 0.1948360328125 0.1267602109375 0.19718251250000002 0.1126753515625 0.1737097421875 0.0680742953125 0.1502349765625 0.049296478125
1 0.0045269906249999995 0 4.6874999999999996e-7 0.0211267609375 0 0.0211347375 0 0.0611893359375 0.032863145312499994 0.06337934218749999 0.032863145312499994 0 0.0045269906249999995 0
1 0.47183028125000004 0.20187746406249998 0.4577474171875 0.20187746406249998 0.43661913124999996 0.21361584531250002 0.43896760625000003 0.2347421359375 0.4483575125 0.25586842656250003 0.45539894375 0.25586842656250003 0.47417875625 0.2347421359375 0.47652523437500005 0.2089208921875 0.47183028125000004 0.20187746406249998
1 0.5258212437500001 0.18779260625 0.539906103125 0.19718251250000002 0.5539909625 0.1901410796875 0.5539909625 0.1737097421875 0.537559625 0.1643198359375 0.52816971875 0.1737097421875 0.5258212437500001 0.18779260625
1 0.575117253125 0.1267602109375 0.5610323937499999 0.10328544531249999 0.532864671875 0.10328544531249999 0.50704143125 0.1197187796875 0.504694953125 0.1525814546875 0.5164313375 0.1690147890625 0.52816971875 0.1690147890625 0.5516424875 0.147886503125 0.5727707750000001 0.1384985921875 0.575117253125 0.1267602109375
1 0.5727707750000001 0.035211620312500004 0.5516424875 0.0563379109375 0.5469475359375 0.0821591546875 0.556337440625 0.10093896718749999 0.584507159375 0.1056339203125 0.603286971875 0.0845076296875 0.610328403125 0.058686384375 0.603286971875 0.0422530515625 0.5727707750000001 0.035211620312500004
1 0.5516424875 0.24882699531250002 0.5657273468749999 0.24882699531250002 0.5868536390625 0.22300375625000002 0.6314546953125 0.13380363906249998 0.678404225 0.06337934218749999 0.678404225 0.0446015265625 0.673709271875 0.0375580984375 0.6596244125 0.0375580984375 0.6455395546875 0.0516429578125 0.6197183093749999 0.1079803984375 0.5657273468749999 0.18309765312499998 0.568075821875 0.1901410796875 0.5516424875 0.2089208921875 0.54460105625 0.2300471828125 0.5516424875 0.24882699531250002
1 1 0.1588419921875 0.995304578125 0.15727640781250002 0.9788732390625 0.17605622031249998 0.9788732390625 0.18544612656249998 0.9838036390625 0.192487559375 0.9917848593749999 0.19647816875 0.995304578125 0.1943671359375 0.9990617374999999 0.1927230046875 1 0.1927578640625 1 0.1588419921875
1 1 0.1231333375 0.9929580984375 0.12441373281250001 0.98121971875 0.1384985921875 0.995304578125 0.147886503125 1 0.147886503125 1 0.1231333375
1 0.3132822671875 0 0.31220586875 0.0258217140625 0.3685453046875 0.06337934218749999 0.380281690625 0.06337934218749999 0.38497664375 0.058686384375 0.38497664375 0.032863145312499994 0.3755867375 0.007041901562499999 0.371912634375 0 0.3132822671875 0
1 0.2323477703125 0.002488615625 0.2411271125 0.0367839203125 0.29791150312500003 0.083286503125 0.3307043421875 0.0844357984375 0.329177934375 0.07908438906250001 0.2350234734375 0.000188028125 0.2323477703125 0.002488615625
1 0.3230742953125 0.1004461265625 0.316220421875 0.09509471875 0.3032629109375 0.09509471875 0.2792494125 0.1450471828125 0.2784732390625 0.1557041078125 0.2899063375 0.1698129109375 0.301736503125 0.151126878125 0.3116431921875 0.1385444828125 0.31774683125 0.12025751250000001 0.3230742953125 0.1004461265625
1 0.20605563437500002 0.0688025828125 0.22131373281250002 0.09129166718750001 0.23845140781250002 0.10615070468750001 0.24570434218749998 0.1019725359375 0.24340375625 0.0848129109375 0.23427323906250003 0.0665259390625 0.22284014062500002 0.05356842656250001 0.2083562203125 0.0543186625 0.20605563437500002 0.0688025828125
1 0.48826361562500004 0.41549284062499997 0.5258212437500001 0.41549284062499997 0.5422525828125 0.4084514078125 0.5539909625 0.3779352109375 0.549296009375 0.335680634375 0.5352111500000001 0.3145543421875 0.5187798124999999 0.3098593890625 0.5 0.31220586875 0.48122018750000006 0.326290728125 0.46478885 0.3497654921875 0.45539894375 0.3755867375 0.4530524640625 0.39436655 0.46478885 0.4084514078125 0.48826361562500004 0.41549284062499997
4 0.2189242703125 1 0.23122042187499997 0.9942730046875001 0.1115719484375 0.720586971875 0 0.7601307625 0 0.8091682140625001 0.0800684859375 1 0.2189242703125 1
4 1 0.7385265921874999 0.9986147890625 0.7372996484375001 0.9000008218750001 0.7809150234375 1 0.8924989171875 1 0.7385265921874999
4 0.128967528125 0 0.274249178125 0.18929507031249998 0.331127346875 0.0792958921875 0.26750260312499996 0 0.128967528125 0
4 0.92654835625 0.132394953125 0.8279583328125 0.1210336859375 0.9739667843750001 0.3523713609375 0.975844365625 0.179811384375 0.92654835625 0.132394953125
1 0.8896711265624999 0.7582164312499999 0.8732397890625 0.7417830984375 0.8427235921875 0.7347416671875 0.8286387328125 0.7535214781249999 0.8286387328125 0.8004690140624999 0.8450700703124999 0.8192488265625 0.8568084499999999 0.8239437796875 0.8755862671875001 0.8215953046875001 0.8849761734375001 0.81220739375 0.8920196015625 0.7863841546875 0.8896711265624999 0.7582164312499999
1 0.7112669015625 0.7887326296875 0.7230052812500001 0.8192488265625 0.7300467140625 0.8239437796875 0.7464780515625 0.8192488265625 0.7582164312499999 0.7934275828125 0.7394366203125 0.7746477703125 0.7159618546875001 0.772301290625 0.7112669015625 0.7887326296875
1 0.396713028125 0.7957740609374999 0.4131463609375 0.7863841546875 0.4131463609375 0.772301290625 0.389671596875 0.7676063375 0.3544604453125 0.7746477703125 0.34272206562499996 0.7863841546875 0.3333341546875 0.8309852109375001 0.34272206562499996 0.8333336859375 0.3591553984375 0.8192488265625 0.3755867375 0.8215953046875001 0.396713028125 0.7957740609374999
1 1 0.5831377296875 0.9835681921875 0.568075821875 0.9389671359375 0.5469475359375 0.9319257046875 0.556337440625 0.9319257046875 0.5868536390625 0.94600856875 0.612676878125 0.9483570421874999 0.629108215625 0.9530519953125 0.63380316875 0.985914671875 0.63380316875 1 0.6267605046875 1 0.5831377296875
1 0.392018075 0.521126290625 0.3732402578125 0.5258212437500001 0.34741701875 0.56338086875 0.356806925 0.5868536390625 0.380281690625 0.59859201875 0.42018779375 0.5915485921875 0.424882746875 0.5868536390625 0.42253427187500003 0.5516424875 0.40140798125000005 0.5258212437500001 0.392018075 0.521126290625
1 0.7230052812500001 0.521126290625 0.7253517609375 0.532864671875 0.7605629109375001 0.5610323937499999 0.8004690140624999 0.577465728125 0.8145538734375 0.5727707750000001 0.81220739375 0.5352111500000001 0.7934275828125 0.50704143125 0.7464780515625 0.511736384375 0.7230052812500001 0.521126290625
1 0.4295777 0.3544604453125 0.40610293437499995 0.316900821875 0.3732402578125 0.3239442484375 0.335680634375 0.352111971875 0.34272206562499996 0.3755867375 0.3591553984375 0.39436655 0.38262816875 0.4084514078125 0.4084514078125 0.4037564546875 0.4295777 0.37089178437500003 0.4295777 0.3544604453125
1 0.8403751171874999 0.27699471875000004 0.8403751171874999 0.29342805156249996 0.8544599765625 0.31220586875 0.8802812203125001 0.3145543421875 0.9014075125 0.29812300468749997 0.9014075125 0.2746482390625 0.8943660796874999 0.2676048125 0.8497650234374999 0.2676048125 0.8403751171874999 0.27699471875000004
1 0.050860289062499994 0 0.0469480046875 0.0117368546875 0.06572781718750001 0.0356805171875 0.0788728875 0.0392022296875 0.0938975359375 0.032863145312499994 0.09624401406250001 0.014085328125 0.0821591546875 4.6874999999999996e-7 0.0821530546875 0 0.050860289062499994 0
1 0.8286393875 0 0.772301290625 0.028168192187500003 0.7676063375 0.035211620312500004 0.772301290625 0.0563379109375 0.7934275828125 0.0892025828125 0.8286387328125 0.10328544531249999 0.8732397890625 0.09624401406250001 0.8802812203125001 0.0892025828125 0.8826296953125 0.009390375 0.8732393187499999 0 0.8286393875 0
5 0.6760557515625 0.708920421875 0.6713607984375 0.7230052812500001 0.6854456578125 0.7253517609375 0.6854456578125 0.708920421875 0.6760557515625 0.708920421875
5 0.511736384375 0.59859201875 0.495305046875 0.59859201875 0.495305046875 0.610328403125 0.50938990625 0.610328403125 0.511736384375 0.59859201875
5 0.3239442484375 0.7206568078125 0.321595775 0.7112669015625 0.307510915625 0.7112669015625 0.3051644359375 0.7230052812500001 0.3192492953125 0.7277002343750001 0.3239442484375 0.7206568078125
5 0.48826361562500004 0.8192488265625 0.49061009375 0.8333336859375 0.504694953125 0.8309852109375001 0.504694953125 0.8192488265625 0.48826361562500004 0.8192488265625
5 0.07981267656249999 0.049296478125 0.0774642015625 0.039906573437499995 0.06337934218749999 0.039906573437499995 0.06337934218749999 0.0516429578125 0.07511772343749999 0.0563379109375 0.07981267656249999 0.049296478125
5 0.2323936625 0.8309852109375001 0.2394370890625 0.8356801640624999 0.246478521875 0.8333336859375 0.24882699531250002 0.816902346875 0.2347421359375 0.816902346875 0.2300471828125 0.8215953046875001 0.2323936625 0.8309852109375001
5 0.0375580984375 0.24178356875 0.035211620312500004 0.25352194843750003 0.049296478125 0.2582169015625 0.0516429578125 0.2441320421875 0.0375580984375 0.24178356875
5 0.3779352109375 0.5962435453125 0.3755867375 0.612676878125 0.389671596875 0.612676878125 0.392018075 0.600938496875 0.3779352109375 0.5962435453125
5 0.1384985921875 0.380281690625 0.1408450703125 0.36619683125 0.12441373281250001 0.3638503515625 0.1220652578125 0.3732402578125 0.1267602109375 0.380281690625 0.1384985921875 0.380281690625
5 0.1197187796875 0.584507159375 0.1056339203125 0.5892021125 0.1079803984375 0.603286971875 0.1220652578125 0.59859201875 0.1197187796875 0.584507159375
5 0.7394366203125 0.610328403125 0.737090140625 0.6244132625 0.7488265265625 0.6267597421875 0.7511730046875 0.612676878125 0.7394366203125 0.610328403125
5 0.380281690625 0.8333336859375 0.38262816875 0.8215953046875001 0.3685453046875 0.816902346875 0.3638503515625 0.8309852109375001 0.37089178437500003 0.8356801640624999 0.380281690625 0.8333336859375
5 0.7417830984375 0.009390375 0.7441315734375 0.0211267609375 0.7558679578125 0.01878028125 0.7535214781249999 0.009390375 0.7417830984375 0.009390375
1 0.9627930750000001 0.22650152656250003 0.9561746484375 0.180563615625 0.9178867374999999 0.241290728125 0.9627930750000001 0.22650152656250003
2 0.1525814546875 0.4483575125 0.17605622031249998 0.46478885 0.2042259390625 0.462440375 0.22300375625000002 0.47417875625 0.25352194843750003 0.47183028125000004 0.2840381453125 0.4483575125 0.29812300468749997 0.42018779375 0.291079578125 0.345070540625 0.307510915625 0.2300471828125 0.29342805156249996 0.2065724171875 0.2605633796875 0.18544612656249998 0.237088615625 0.1901410796875 0.22769870937499997 0.2112673703125 0.1901410796875 0.2511734734375 0.1690147890625 0.286384625 0.1596248828125 0.3638503515625 0.147886503125 0.38262816875 0.1408450703125 0.42018779375 0.1525814546875 0.4483575125
1 0.8802812203125001 0.38262816875 0.8568084499999999 0.3638503515625 0.8239437796875 0.3638503515625 0.8145538734375 0.37089178437500003 0.8145538734375 0.389671596875 0.8239437796875 0.40610293437499995 0.8262902578125001 0.42722922499999993 0.8356801640624999 0.43661913124999996 0.8568084499999999 0.434272653125 0.8802812203125001 0.4084514078125 0.8802812203125001 0.38262816875
1 0.7417830984375 0.495305046875 0.7605629109375001 0.49765352187499995 0.7652578640625001 0.48826361562500004 0.762911384375 0.47652523437500005 0.7441315734375 0.47417875625 0.7394366203125 0.4835686625 0.7417830984375 0.495305046875
1 0.48826361562500004 0.1596248828125 0.47417875625 0.1737097421875 0.47417875625 0.19953098593750002 0.478873709375 0.2089208921875 0.50704143125 0.2323936625 0.5305161968750001 0.2300471828125 0.5352111500000001 0.2112673703125 0.5164313375 0.1643198359375 0.50938990625 0.1596248828125 0.48826361562500004 0.1596248828125
1 0.7840376765625 0.6197183093749999 0.762911384375 0.6197183093749999 0.7582164312499999 0.6244132625 0.7605629109375001 0.643193075 0.7887326296875 0.6408446015625 0.7840376765625 0.6197183093749999
1 0.8004690140624999 0.8145538734375 0.816902346875 0.8145538734375 0.8192488265625 0.7957740609374999 0.81220739375 0.7910791078125 0.7957740609374999 0.7934275828125 0.7957740609374999 0.8098589203125 0.8004690140624999 0.8145538734375
1 0.035211620312500004 0.584507159375 0.032863145312499994 0.59859201875 0.0516429578125 0.607981925 0.061032864062500004 0.600938496875 0.06337934218749999 0.5892021125 0.0516429578125 0.57981220625 0.0422530515625 0.57981220625 0.035211620312500004 0.584507159375
1 0.6000586343750001 1 0.600938496875 0.9929580984375 0.5892021125 0.9882631453125 0.575117253125 0.9929580984375 0.5737093515625 1 0.6000586343750001 1
1 0 0.7065719484375 0.0117368546875 0.7065719484375 0.014085328125 0.6948355640625 0.009390375 0.6807507046875 0 0.679812065625 0 0.7065719484375
1 0.4460090375 0.5868536390625 0.460093896875 0.5868536390625 0.46478885 0.5821586859375001 0.462440375 0.56338086875 0.43896760625000003 0.5657273468749999 0.43896760625000003 0.577465728125 0.4460090375 0.5868536390625
1 0.246478521875 0.9530519953125 0.24882699531250002 0.9624419015625 0.2582169015625 0.9671368546875 0.272299765625 0.9647883796875 0.27699471875000004 0.9436620890625 0.2699532859375 0.9389671359375 0.2511734734375 0.9413136156249999 0.246478521875 0.9530519953125
1 0.56338086875 0.392018075 0.5727707750000001 0.396713028125 0.5821586859375001 0.39436655 0.5868536390625 0.3779352109375 0.568075821875 0.37089178437500003 0.5610323937499999 0.3779352109375 0.56338086875 0.392018075
1 0.1267602109375 0.8380286390625 0.1455400234375 0.8450700703124999 0.147886503125 0.8286387328125 0.1384985921875 0.8192488265625 0.1291086859375 0.8192488265625 0.12441373281250001 0.8239437796875 0.1267602109375 0.8380286390625
1 0.3380291078125 0.638498121875 0.3380291078125 0.6572779343749999 0.36619683125 0.6572779343749999 0.36619683125 0.638498121875 0.3380291078125 0.638498121875
1 0.511736384375 0.8708913140625001 0.511736384375 0.8568084499999999 0.48826361562500004 0.8521134968749999 0.48591514062499996 0.8732397890625 0.50704143125 0.8755862671875001 0.511736384375 0.8708913140625001
1 0.1408450703125 0.514084859375 0.1408450703125 0.532864671875 0.1643198359375 0.537559625 0.1713612671875 0.5258212437500001 0.1690147890625 0.514084859375 0.1643198359375 0.50938990625 0.1455400234375 0.50938990625 0.1408450703125 0.514084859375
1 0.6690143187500001 0.521126290625 0.678404225 0.5164313375 0.678404225 0.5 0.673709271875 0.495305046875 0.654929459375 0.49765352187499995 0.654929459375 0.5187798124999999 0.6690143187500001 0.521126290625
1 0.9389671359375 0.7300467140625 0.9624419015625 0.7300467140625 0.9624419015625 0.708920421875 0.94600856875 0.708920421875 0.9389671359375 0.7159618546875001 0.9389671359375 0.7300467140625
1 0.41549284062499997 0.4295777 0.41549284062499997 0.41079788749999996 0.392018075 0.41079788749999996 0.39436655 0.43192417812499995 0.41079788749999996 0.434272653125 0.41549284062499997 0.4295777
1 0.6901406109375 0.387323121875 0.708920421875 0.4084514078125 0.7230052812500001 0.4084514078125 0.7277002343750001 0.4037564546875 0.7277002343750001 0.392018075 0.7065719484375 0.3732402578125 0.692489084375 0.3755867375 0.6901406109375 0.387323121875
1 0.6173718312500001 0.5187798124999999 0.6502345078125 0.5164313375 0.6502345078125 0.5 0.6408446015625 0.495305046875 0.612676878125 0.49765352187499995 0.612676878125 0.514084859375 0.6173718312500001 0.5187798124999999
1 0.1361501171875 0.50938990625 0.14319155 0.504694953125 0.14319155 0.48826361562500004 0.1056339203125 0.48591514062499996 0.0985924875 0.495305046875 0.1056339203125 0.50938990625 0.1361501171875 0.50938990625
1 0.584507159375 0.6619708921874999 0.5657273468749999 0.6619708921874999 0.5422525828125 0.673709271875 0.532864671875 0.6948355640625 0.5352111500000001 0.7112669015625 0.558685915625 0.708920421875 0.57981220625 0.6995305171874999 0.5868536390625 0.692489084375 0.584507159375 0.6619708921874999
1 0.7793427234375 0.49061009375 0.7840376765625 0.49765352187499995 0.8051639671874999 0.502346478125 0.8239437796875 0.49765352187499995 0.8192488265625 0.48122018750000006 0.7957740609374999 0.462440375 0.7816892015625 0.467135328125 0.7793427234375 0.49061009375
1 0.7840376765625 0.43896760625000003 0.7957740609374999 0.44131408437499997 0.816902346875 0.434272653125 0.816902346875 0.42018779375 0.8098589203125 0.4131463609375 0.7840376765625 0.4131463609375 0.7793427234375 0.41784131406249997 0.7840376765625 0.43896760625000003
1 0.3028159625 0.4084514078125 0.31220586875 0.4131463609375 0.3295769953125 0.4070427234375 0.34272206562499996 0.40140798125000005 0.34037558749999997 0.392018075 0.33098568125 0.387323121875 0.30046948281249997 0.392018075 0.3028159625 0.4084514078125
1 0.2253522296875 0.7018769953125 0.2347421359375 0.708920421875 0.262909859375 0.708920421875 0.2699532859375 0.6971840375 0.2676048125 0.68779413125 0.2300471828125 0.6854456578125 0.2253522296875 0.6901406109375 0.2253522296875 0.7018769953125