1 0.79190664375 0.6994225468749999 0.806357725 0.7109817015625 0.8179190171874999 0.7080919140625 0.8179190171874999 0.6820816765625 0.806357725 0.66474080625 0.7774577 0.650289725 0.73410445625 0.6531795140625001 0.7369942453125 0.66474080625 0.7716759859375 0.6936408328125 0.768786196875 0.6994225468749999 0.79190664375 0.6994225468749999
1 0.606936653125 0.5838160343750001 0.6300571015624999 0.6473978 0.70231250625 0.6473978 0.7052022953125 0.5722547421875 0.6965307921874999 0.563583240625 0.6560694734375 0.569364953125 0.6502898953125 0.563583240625 0.6271673125 0.569364953125 0.6184979453125 0.563583240625 0.6098264421875 0.569364953125 0.606936653125 0.5838160343750001
1 0.5491323296874999 0.3554906640625 0.55202211875 0.3699417453125 0.59826515 0.3930643296875 0.6184979453125 0.39595411875000003 0.6184979453125 0.38439282656249996 0.6011570749999999 0.361272378125 0.569365125 0.352600875 0.5491323296874999 0.3554906640625
1 0.6560694734375 0.48265846874999996 0.6560694734375 0.4710993125 0.6242775234375 0.45086651718750004 0.6040468640625 0.45086651718750004 0.58670599375 0.4682073875 0.58670599375 0.476878890625 0.6560694734375 0.48265846874999996
1 0.887282496875 0.523121921875 0.8179190171874999 0.5173402078125 0.800578146875 0.5202321328124999 0.783237278125 0.534681078125 0.7890168562500001 0.54335258125 0.815029228125 0.552024084375 0.895954 0.549132159375 0.895954 0.5289015 0.887282496875 0.523121921875
1 0.8352598875 0.44219715 0.8352598875 0.45086651718750004 0.8526007578125 0.46531759843750004 0.9075152921875 0.4682073875 0.9075152921875 0.45664823125 0.895954 0.44508693906249996 0.8699416265625001 0.43930736093749995 0.8352598875 0.44219715
1 0.7485555374999999 0.3381497953125 0.7514453265625 0.3468212984375 0.7803474890625 0.343931509375 0.7774577 0.3323702171875 0.7514453265625 0.3323702171875 0.7485555374999999 0.3381497953125
1 0.5231220921874999 0.8208086359375001 0.488440353125 0.8092494796875 0.4393053953125 0.8294801390625001 0.43641560625000003 0.8410414312500001 0.48265863906249995 0.8815027484375 0.505781221875 0.8872823265625 0.5202301671875 0.8757231703125001 0.5289016703125 0.8352597171875 0.5231220921874999 0.8208086359375001
1 0.47687906093750004 0.7976881875 0.49133014218750004 0.78323710625 0.49133014218750004 0.7658962375 0.46820755781249995 0.7601166593750001 0.45375647656250007 0.7803473171875 0.45375647656250007 0.7919064734375 0.47687906093750004 0.7976881875
1 0.8218788609375001 0.23919000625 0.8126306828125 0.2502600546875 0.800635815625 0.2622826875 0.7978891265625 0.286272421875 0.806184721875 0.3037862953125 0.8209540437499999 0.28257315 0.84309200625 0.258583415625 0.856011690625 0.23919000625 0.8615328328125 0.220751315625 0.8486409140625 0.21705204375 0.8375430984375001 0.22719727500000003 0.8218788609375001 0.23919000625
1 0.9012145687500001 0.141387840625 0.9159817546875001 0.14786156718750001 0.9196810265625001 0.1330922453125 0.9196810265625001 0.12479665 0.8993649328125001 0.122022196875 0.8929189734375 0.1340170640625 0.9012145687500001 0.141387840625
1 0.978091928125 0.3997388234375 0.9669941124999999 0.4025154140625 0.966099196875 0.41450814375 0.9753174734375 0.4163577796875 0.9910116125 0.4163577796875 0.9873123406250001 0.4043650484375 0.9845378874999999 0.4043650484375 0.978091928125 0.3997388234375
1 0.9347109187499999 0.486473075 0.9328612828124999 0.50401685 0.9504050578125 0.5086131734375 0.965174378125 0.49846794218749996 0.9541043296874999 0.486473075 0.9347109187499999 0.486473075
1 0.916184659375 0.5260117109375 0.9075152921875 0.5578036625 0.9075152921875 0.5982649796875 0.916184659375 0.595375190625 0.916184659375 0.5867058234375 0.947976609375 0.5924854015625 0.96820726875 0.5809241093749999 0.9739889828124999 0.5462423703125 0.962427690625 0.5317912890625001 0.9421970312499999 0.5202321328124999 0.916184659375 0.5260117109375
1 0 0.7857149046874999 0.0115610890625 0.7947983984375 0.0375713265625 0.8583823 0.04913261875 0.8612720890625001 0.07225520156250001 0.8439312203125 0.09537565 0.81213926875 0.101155228125 0.757224734375 0.089596071875 0.7196532046875 0.0606939109375 0.6820816765625 0.028901959375 0.6734101734375 0.014450878125 0.6762999625 0 0.687138453125 0 0.7857149046874999
1 0.46531776875 0.6965327578125 0.4335258171875 0.6589590921874999 0.3670521265625 0.618497775 0.280347778125 0.6213875640625 0.2601149828125 0.6300569312500001 0.22832303125000003 0.6734101734375 0.22254345312499998 0.75144515625 0.23410474531249997 0.7803473171875 0.25722519374999997 0.803467765625 0.271676275 0.8092494796875 0.352601046875 0.8063575546875 0.4075134453125 0.81213926875 0.4479768984375 0.7919064734375 0.471097346875 0.7601166593750001 0.473989271875 0.716763415625 0.46531776875 0.6965327578125
1 0.1358391046875 0.447976728125 0.10982673125 0.447976728125 0.0924858609375 0.4739891015625 0.0924858609375 0.4884401828125 0.1184960984375 0.4999993375 0.15028804843750002 0.4971095484375 0.1676310546875 0.4855482578125 0.161849340625 0.46531759843750004 0.1358391046875 0.447976728125
1 0.18497192499999998 0.4710993125 0.18497192499999998 0.4884401828125 0.19653108125000002 0.4971095484375 0.2687864859375 0.4971095484375 0.2687864859375 0.48265846874999996 0.23410474531249997 0.45664823125 0.2109821625 0.45664823125 0.18497192499999998 0.4710993125
1 0.592485571875 0.45664823125 0.58381406875 0.42485627968750006 0.5664732 0.4075154109375 0.546242540625 0.39595411875000003 0.5202301671875 0.3930643296875 0.471097346875 0.41329498906250006 0.4566484015625 0.42774606875 0.445087109375 0.45086651718750004 0.445087109375 0.4739891015625 0.4566484015625 0.49421975937499996 0.485548428125 0.4971095484375 0.5289016703125 0.47976867968750003 0.58381406875 0.476878890625 0.592485571875 0.45664823125
1 0.6445081828125 0.21387177968749999 0.6242775234375 0.19942283593750001 0.592485571875 0.19942283593750001 0.55491404375 0.21965349375 0.4971097203125 0.268786315625 0.49133014218750004 0.28034760625 0.49421993124999997 0.3092476328125 0.5144505890625 0.3236987140625 0.5578038328125 0.3236987140625 0.592485571875 0.29768847656249997 0.6502898953125 0.2832373953125 0.6589592625 0.2369943640625 0.6445081828125 0.21387177968749999
4 0.5591323234375001 0.3469366328125 0.3765032109375 0.4582949625 0.3586988640625 0.498382509375 0.7172825953124999 0.5139591765625 0.5591323234375001 0.3469366328125
4 0.7305482859375 0.5230920203125 0.8846532796875 0.6317057984375001 0.9106357515625 0.521242384375 0.7305482859375 0.5230920203125
4 0.7749919078125 0 0.797109546875 0.328583375 1 0.25390800625 1 0 0.7749919078125 0
4 0.3269544078125 1 0.546357875 0.8515326671875 0.36393166718750003 0.5517635109375 0.1372252625 0.5625430859375 0 0.62950530625 0 0.78634241875 0.14586929843750002 1 0.3269544078125 1
1 0.101155228125 0.8641618781249999 0.07514499062499999 0.89884361875 0.0780347796875 0.9219662015625 0.089596071875 0.9421968609375 0.1184960984375 0.9682070984375001 0.1416186828125 0.9797683906250001 0.18208 0.9768786015625001 0.19364129218749998 0.95953773125 0.19364129218749998 0.93063556875 0.18208 0.9046253328124999 0.1416186828125 0.8670516671874999 0.1242778125 0.8612720890625001 0.101155228125 0.8641618781249999
1 0.38439014375 1 0.384392996875 0.9999990484374999 0.4075134453125 0.9739888125 0.4075134453125 0.94508665 0.39306450000000004 0.9219662015625 0.369941915625 0.89884361875 0.3208090953125 0.8670516671874999 0.28901714375 0.8670516671874999 0.23121282031249998 0.9046253328124999 0.23121282031249998 0.936415146875 0.265896696875 0.994219471875 0.294796721875 0.994219471875 0.3034678734375 1 0.38439014375 1
5 0.7955204828125 0.2299418265625 0.805751146875 0.245723534375 0.8215328562499999 0.2345958171875 0.8103752375 0.2225155171875 0.7955204828125 0.2299418265625
5 0.649798653125 0.284711125 0.6618490515625 0.289365115625 0.6674278609375001 0.2819366703125 0.670202315625 0.278207496875 0.659999415625 0.2726308234375 0.6553475609375 0.27543304375 0.649798653125 0.284711125
4 1 0.364423228125 0.89098176875 0.6319941359375 1 0.65114846875 1 0.364423228125
1 0.6271673125 0.8410414312500001 0.64161839375 0.8497107984375001 0.6560694734375 0.846821009375 0.67341034375 0.8352597171875 0.725432953125 0.8208086359375001 0.7398840343749999 0.8092494796875 0.725432953125 0.7947983984375 0.667630765625 0.7861268953125 0.647397971875 0.7976881875 0.6271673125 0.8410414312500001
1 0.205202584375 0.57514453125 0.1791902109375 0.5404627921875 0.1358391046875 0.5115606296874999 0.0780347796875 0.5115606296874999 0.043353040625 0.537573003125 0.0375713265625 0.5549138734375 0.043353040625 0.5809241093749999 0.040463251562500004 0.63583864375 0.0462428296875 0.650289725 0.07225520156250001 0.656069303125 0.13872889375 0.6387284328125 0.19364129218749998 0.6011569046874999 0.205202584375 0.5867058234375 0.205202584375 0.57514453125
1 0.1358391046875 0.66184888125 0.11271652031249998 0.6820816765625 0.10982673125 0.7196532046875 0.161849340625 0.7254327828125 0.1676310546875 0.7138736265625 0.16473912968749999 0.6762999625 0.1531799734375 0.6589590921874999 0.1358391046875 0.66184888125
1 0.205202584375 0.6531795140625001 0.1791902109375 0.6589590921874999 0.176300421875 0.6762999625 0.18208 0.69075104375 0.19653108125000002 0.6936408328125 0.2138719515625 0.684971465625 0.2138719515625 0.66474080625 0.205202584375 0.6531795140625001
1 0.37572149375 0.552024084375 0.34682146875000003 0.5578036625 0.3265886734375 0.57514453125 0.3294805984375 0.5895956124999999 0.3439316796875 0.6011569046874999 0.369941915625 0.6011569046874999 0.38150320781249997 0.5809241093749999 0.37572149375 0.552024084375
1 0.4104053703125 0.6271671421875 0.41329515937499994 0.6156079859375 0.4075134453125 0.6069364828125 0.369941915625 0.6069364828125 0.3728317046875 0.6271671421875 0.3872827859375 0.63294885625 0.4104053703125 0.6271671421875
1 0.6329490265625 0.7254327828125 0.6329490265625 0.745665578125 0.6560694734375 0.7658962375 0.70231250625 0.7601166593750001 0.70231250625 0.745665578125 0.6849716359375 0.7225429937500001 0.647397971875 0.716763415625 0.6329490265625 0.7254327828125