1 0.5930649640625 0.5000004546875 0.5967153281249999 0.5209798953125 0.6149627734374999 0.53846129375 0.6441613140625 0.5349654546875 0.65511021875 0.517481853125 0.65511021875 0.5069921328125 0.62956204375 0.45104989531250006 0.622263503125 0.44755185312499995 0.5930649640625 0.5000004546875
1 0.7317525546875 0.5209798953125 0.7226277375 0.5349654546875 0.72080365 0.5559448953125 0.7335766421875001 0.580420175 0.75 0.5909098953125 0.7682474453125 0.5909098953125 0.7919715328125 0.5629365734375 0.7974459859375 0.5489510140625 0.7974459859375 0.524475734375 0.7864970796875 0.517481853125 0.7682474453125 0.5314696156250001 0.753650365625 0.5314696156250001 0.7317525546875 0.5209798953125
5 0.7439781015625 0.9724123421875 0.72926934375 0.9667841953125 0.72926934375 0.971189790625 0.7420248171875 0.974300140625 0.7439781015625 0.9724123421875
1 0.7481759125 0.202796853125 0.7481759125 0.23077017500000002 0.755474453125 0.24475573437499998 0.7755481750000001 0.2482515734375 0.7883211671875 0.22377629375 0.7883211671875 0.1993010140625 0.7828467156250001 0.1923071328125 0.7609489046875 0.1923071328125 0.7481759125 0.202796853125
1 0.7043802921875 0.1923071328125 0.7007299265625 0.22727213281249997 0.718977371875 0.2517474125 0.7317525546875 0.2517474125 0.7408751828125 0.24125769218749998 0.7390510953125 0.209790734375 0.7281021890625 0.1853154546875 0.718977371875 0.1818174125 0.7043802921875 0.1923071328125
1 0.5875905109375 0.8146854546875 0.57299343125 0.8146854546875 0.5510956203124999 0.8461546156249999 0.5510956203124999 0.8636360140624999 0.5802919703125 0.9195804546874999 0.5875905109375 0.92307629375 0.609488321875 0.9125865734374999 0.622263503125 0.8776215734375 0.6113145984374999 0.8426565734375 0.5875905109375 0.8146854546875
1 0.6806562046875 0.8286710140625001 0.6806562046875 0.8426565734375 0.68613065625 0.8531462937500001 0.7080284671875 0.8531462937500001 0.7116788328125 0.8426565734375 0.7080284671875 0.825175175 0.6989058390625 0.81818129375 0.687956934375 0.81818129375 0.6806562046875 0.8286710140625001
1 0.49452481718749997 0.6678315734375 0.5091240875 0.6678315734375 0.5164226281250001 0.650350175 0.5164226281250001 0.629370734375 0.5091240875 0.6188810140625 0.481751825 0.629370734375 0.4835759125 0.650350175 0.49452481718749997 0.6678315734375
1 0.3467145984375 0.6888110140625 0.366788321875 0.7027965734375 0.38868613125 0.6958048953125 0.381387590625 0.6538460140625 0.3704386859375 0.622376853125 0.330291240625 0.6398604546875 0.33211751875 0.664335734375 0.3467145984375 0.6888110140625
1 0.2846715328125 0.440560175 0.29379635 0.44755185312499995 0.302918978125 0.4440560140625 0.30656934375 0.4370621328125 0.30474525625000004 0.412586853125 0.2883218984375 0.4090910140625 0.2828474453125 0.4230765734375 0.2846715328125 0.440560175
1 0.244526278125 0.5769221328125 0.244526278125 0.5909098953125 0.2518248171875 0.6048954546875 0.2645978109375 0.6048954546875 0.275546715625 0.5909098953125 0.275546715625 0.5769221328125 0.2664240875 0.566434615625 0.2536489046875 0.5629365734375 0.244526278125 0.5769221328125
1 0.33211751875 0.769230734375 0.3448905109375 0.741259615625 0.34580365 0.714334825 0.33211751875 0.706294615625 0.30656934375 0.7307698953124999 0.30474525625000004 0.755245175 0.33211751875 0.769230734375
1 0.32846715312499997 0.8916093359374999 0.3375919703125 0.8916093359374999 0.3448905109375 0.8776215734375 0.3412401453125 0.8601401750000001 0.3229927 0.8601401750000001 0.3193423359375 0.867131853125 0.3193423359375 0.8776215734375 0.32846715312499997 0.8916093359374999
1 0.23722554687500003 0.7027965734375 0.206205109375 0.706294615625 0.1970802921875 0.7237760140625 0.20255474375000002 0.7517493359375 0.239051825 0.7797204546875001 0.2518248171875 0.776224615625 0.268248175 0.7447554546874999 0.268248175 0.7307698953124999 0.260949634375 0.7167821328125 0.23722554687500003 0.7027965734375
1 0.13990218906250002 0 0.14233576718750002 0.020977971875 0.151460584375 0.034965734375 0.17335839375 0.027971853125 0.18248102187499998 0.01398629375 0.1854011921875 0 0.13990218906250002 0
1 0.0456197078125 0 0.0456197078125 0.0034965734375 0.056568612500000004 0.034965734375 0.0748182484375 0.0314676921875 0.085767153125 0.010490454687500001 0.085767153125 0 0.0456197078125 0
1 0.012772992187500002 0.8426565734375 0.003650365625 0.8601401750000001 0.003650365625 0.88811129375 0.012772992187500002 0.9055948953125 0.0237218984375 0.9055948953125 0.032846715625 0.8811196156250001 0.032846715625 0.8601401750000001 0.025548175 0.8426565734375 0.012772992187500002 0.8426565734375
2 0.39461546406250003 1 0.423356934375 0.9685310140625001 0.4288313875 0.930070175 0.41788248125000005 0.9265743359374999 0.3375919703125 0.986014615625 0.3218410875 1 0.39461546406250003 1
2 0.8467160578125 0.8776215734375 0.8558386859375 0.9090907343750001 0.8832109484374999 0.9370618531250001 0.9105832109374999 0.9510496156249999 0.9452562046875 0.9475515734375 0.9762766421875 0.9195804546874999 0.9945262781249999 0.88811129375 0.9908759125 0.874125734375 0.9397817515625 0.867131853125 0.9142335765625 0.8461546156249999 0.8959861312499999 0.8076915734375 0.8941598546874999 0.7447554546874999 0.8832109484374999 0.7447554546874999 0.87043795625 0.762236853125 0.8467160578125 0.8321668531249999 0.8467160578125 0.8776215734375
2 1 0.374762853125 0.9963503656249999 0.3811198953125 0.9708021890625 0.40559517500000003 0.8941598546874999 0.4580415734375 0.8795627734375 0.4790210140625 0.87043795625 0.5314696156250001 0.8941598546874999 0.5594407343750001 0.92518248125 0.566434615625 0.9616795625 0.552446853125 0.9945262781249999 0.5279715734375 1 0.520568090625 1 0.374762853125
2 0.6441611640625 0 0.6441613140625 7.34375e-7 0.6660591234375 0.0384615734375 0.6934313875 0.055942971875000004 0.7281021890625 0.0524471328125 0.7518240875 0.027971853125 0.7654499968749999 0 0.6441611640625 0
2 0.489050365625 0.010490454687500001 0.46532846718750004 0.0419574125 0.44890510937499994 0.10139769218750001 0.45255547500000004 0.1853154546875 0.45985401406250004 0.21328657343750002 0.47810145937500004 0.2482515734375 0.505473721875 0.2692310140625 0.5383204375 0.2692310140625 0.562044525 0.2517474125 0.5857664234375 0.209790734375 0.5912408765625 0.18881129375 0.594891240625 0.11888129375 0.5857664234375 0.069930734375 0.5638686125000001 0.024476014062500002 0.5383204375 0.0034965734375 0.5091240875 7.34375e-7 0.489050365625 0.010490454687500001
2 0 0 0 0.148600946875 0.0145992703125 0.1468524125 0.041971532812500004 0.1223771328125 0.058394890624999994 0.08391629375000001 0.056568612500000004 0.0384615734375 0.043664404687500005 0 0 0
2 0.1094890515625 0.21328657343750002 0.087591240625 0.237761853125 0.0839408765625 0.265735175 0.0839408765625 0.3671321328125 0.087591240625 0.40559517500000003 0.09854014531250001 0.4580415734375 0.11678759062499999 0.5069921328125 0.14233576718750002 0.5314696156250001 0.17335839375 0.5314696156250001 0.2208021890625 0.49650241250000005 0.239051825 0.46503545468749996 0.2500007296875 0.4230765734375 0.25547518281250003 0.342656853125 0.248174453125 0.29370629375 0.235401459375 0.2692310140625 0.20073065625000003 0.2342660140625 0.1441598546875 0.209790734375 0.1094890515625 0.21328657343750002
1 0.691605109375 0.1818174125 0.7062043796874999 0.15384629375 0.7080284671875 0.1118874125 0.6989058390625 0.0874121328125 0.6751817515625 0.0734265734375 0.6569343062499999 0.09790185312500001 0.6496357671874999 0.132866853125 0.6496357671874999 0.15384629375 0.6569343062499999 0.1783215734375 0.68248248125 0.18881129375 0.691605109375 0.1818174125
1 0.68613065625 0.9475515734375 0.689781021875 0.930070175 0.6843065687500001 0.902096853125 0.6751817515625 0.902096853125 0.65875839375 0.9370618531250001 0.6678832109374999 0.9510496156249999 0.68613065625 0.9475515734375
1 0.81569343125 0.0664326921875 0.8321167890625001 0.0419574125 0.8339408765625 0.020977971875 0.8284664234375001 0.0069924125000000005 0.7956197078125 0.0069924125000000005 0.7883211671875 0.027971853125 0.7937956203125001 0.0594410140625 0.81569343125 0.0664326921875
1 0.7518240875 0.29370629375 0.753650365625 0.31818157343750003 0.7645992703125 0.3321671328125 0.7755481750000001 0.32867129375 0.7864970796875 0.31118989531249996 0.784670803125 0.29720213281249996 0.770073721875 0.279720734375 0.757298540625 0.2832165734375 0.7518240875 0.29370629375
1 0.8010941609375 0.67832129375 0.7937956203125001 0.71328629375 0.7992700734375 0.741259615625 0.8193437953125 0.7447554546874999 0.84124160625 0.727271853125 0.8430656937500001 0.706294615625 0.8211678828125001 0.6748254546875 0.808394890625 0.671329615625 0.8010941609375 0.67832129375
1 0.8698298484375 1 0.86861386875 0.986014615625 0.8467160578125 0.9615393359375 0.837591240625 0.9685310140625001 0.8389593 1 0.8698298484375 1
1 0.9142335765625 0.6433562937499999 0.9270065687500001 0.6328665734375 0.928832846875 0.60839129375 0.9197080296875001 0.5979015734375001 0.9051087593749999 0.5979015734375001 0.8978102187499999 0.622376853125 0.9014605843749999 0.6398604546875 0.9142335765625 0.6433562937499999
1 0.8978102187499999 0.4370621328125 0.903284671875 0.4265724125 0.903284671875 0.40559517500000003 0.8850372265625 0.3811198953125 0.86861386875 0.3461548953125 0.8576649640625 0.300700175 0.84124160625 0.3041960140625 0.837591240625 0.31118989531249996 0.84124160625 0.3951054546875 0.8467160578125 0.412586853125 0.8813868609375 0.4370621328125 0.8978102187499999 0.4370621328125
1 0.8759124093749999 0.17482573437499999 0.863139415625 0.1713276921875 0.8503642328125001 0.1853154546875 0.84488978125 0.202796853125 0.84488978125 0.22727213281249997 0.8558386859375 0.237761853125 0.874088321875 0.2342660140625 0.8850372265625 0.21328657343750002 0.8759124093749999 0.17482573437499999
1 0.9379554750000001 0.10839157343750001 0.9215321171875 0.09091017500000001 0.9105832109374999 0.0944060140625 0.9051087593749999 0.104895734375 0.9069350359374999 0.139860734375 0.9105832109374999 0.1468524125 0.9233583937500001 0.1433565734375 0.9361313875 0.1223771328125 0.9379554750000001 0.10839157343750001
1 1 0.989505559375 0.9963503656249999 0.965035175 0.9835773718749999 0.9615393359375 0.9781029203125 0.9685310140625001 0.9799270078125 0.9965043359375001 0.9908753656249999 1 0.9908760640625 1 1 0.98951129375 1 0.989505559375
1 1 0.733564846875 0.9945262781249999 0.727271853125 0.985401459375 0.762236853125 0.987225546875 0.7867143359375001 0.9926999999999999 0.7937060140625001 1 0.7911634234375 1 0.733564846875
1 0.7985403734375 1 0.7974459859375 0.9895104546875 0.7645992703125 0.9685310140625001 0.7479919703125 0.9702800343750001 0.7425175187499999 0.97622318125 0.7390510953125 0.9825165734375 0.7470342609375 1 0.7985403734375 1
1 0.7937956203125001 0.902096853125 0.7937956203125001 0.9335660140625001 0.8029204375000001 0.9440557343749999 0.8266423359375 0.9440557343749999 0.8339408765625 0.930070175 0.8339408765625 0.902096853125 0.8284664234375001 0.895105175 0.7992700734375 0.895105175 0.7937956203125001 0.902096853125
1 0.7956197078125 0.454545734375 0.7937956203125001 0.4720271328125 0.7992700734375 0.48951073437500003 0.8138693437500001 0.4930065734375 0.8248182484375001 0.48251685312500003 0.8248182484375001 0.4580415734375 0.8193437953125 0.4440560140625 0.808394890625 0.440560175 0.7956197078125 0.454545734375
1 0.8968979031250001 0 0.8813868609375 0.020977971875 0.8832109484374999 0.0314676921875 0.9105832109374999 0.055942971875000004 0.9434299265625 0.0419574125 0.9434299265625 0.027971853125 0.9257038953125001 0 0.8968979031250001 0
1 0.98978070625 0 0.985401459375 0.010490454687500001 0.985401459375 0.024476014062500002 1 0.043124406250000004 1 0 0.98978070625 0
5 0.7423357671875 0.975560140625 0.7286124093749999 0.974300140625 0.727955475 0.9811882859375001 0.7413678828125 0.9824482859374999 0.7423357671875 0.975560140625
2 0.3138678828125 0.32167741250000004 0.3448905109375 0.3251754546875 0.3722627734375 0.300700175 0.3795613140625 0.2832165734375 0.38412481718749997 0.226924090625 0.3795613140625 0.22377629375 0.301094890625 0.24125769218749998 0.28448978125 0.2461545109375 0.2883218984375 0.2762226921875 0.297444525 0.300700175 0.3138678828125 0.32167741250000004
4 0.48625839375 0.518530384375 0.748248175 0.964195909375 0.751515328125 0.7827977625 0.697646715625 0.62643440625 0.5948167890625 0.518530384375 0.48625839375 0.518530384375
3 0 0.3811198953125 0.007298540625 0.3811198953125 0.02919635 0.3671321328125 0.0182474453125 0.307691853125 0.0091248171875 0.307691853125 0 0.321429359375 0 0.3811198953125
1 0.09306576718750001 1 0.1003642328125 0.9825165734375 0.0967160578125 0.9510496156249999 0.085767153125 0.9475515734375 0.0766423359375 0.965035175 0.0748182484375 0.99300629375 0.078468175 1 0.09306576718750001 1
3 0.233577371875 0.1503504546875 0.235401459375 0.0594410140625 0.1843073 0.0454554546875 0.1861313875 0.0944060140625 0.19890437968750002 0.1293710140625 0.22262846718749998 0.15384629375 0.233577371875 0.1503504546875
1 0.23722554687500003 0.895105175 0.2518248171875 0.8986010140625 0.2572992703125 0.88811129375 0.2572992703125 0.8706298953125 0.23722554687500003 0.8601401750000001 0.23722554687500003 0.895105175
1 0.326643065625 0.4265724125 0.3375919703125 0.440560175 0.3521890515625 0.43356629375000005 0.355839415625 0.41958073437500004 0.3521890515625 0.39160741250000003 0.330291240625 0.39160741250000003 0.3229927 0.4090910140625 0.326643065625 0.4265724125
1 0.27189854062499996 0.139860734375 0.2664240875 0.1503504546875 0.2664240875 0.1818174125 0.2773729921875 0.202796853125 0.28649562031250003 0.1993010140625 0.2956204375 0.17482573437499999 0.2956204375 0.15384629375 0.2901459859375 0.139860734375 0.27189854062499996 0.139860734375
1 0.30656934375 0.1363626921875 0.30656934375 0.1713276921875 0.3156941609375 0.1923071328125 0.33211751875 0.1993010140625 0.3448905109375 0.1853154546875 0.3485408765625 0.1573421328125 0.3412401453125 0.139860734375 0.3211686125 0.1293710140625 0.30656934375 0.1363626921875
1 0.284411621875 0 0.2883218984375 0.017482132812500002 0.31204379531250004 0.024476014062500002 0.3193423359375 0.01398629375 0.321333121875 0 0.284411621875 0
1 0.394160584375 0.195805175 0.3996350359375 0.2062926921875 0.4324817515625 0.1853154546875 0.44160656875 0.1713276921875 0.44525474374999996 0.104895734375 0.4397802921875 0.0944060140625 0.4158766421875 0.1486014328125 0.394160584375 0.195805175
1 0.381387590625 0.3531465734375 0.3759131390625 0.3671321328125 0.381387590625 0.4860148953125 0.3850357671875 0.49650241250000005 0.40145912343749995 0.49650241250000005 0.40693357656250007 0.4860148953125 0.40145912343749995 0.36363629375 0.3978109484375 0.3531465734375 0.381387590625 0.3531465734375
1 0.423356934375 0.741259615625 0.41605839375000003 0.71328629375 0.3996350359375 0.71328629375 0.3996350359375 0.727271853125 0.40693357656250007 0.7447554546874999 0.41788248125000005 0.74825129375 0.423356934375 0.741259615625
1 0.40693357656250007 0.81818129375 0.41423430625 0.8286710140625001 0.42153284687500003 0.825175175 0.4270073 0.8076915734375 0.4251832109375 0.7867143359375001 0.40693357656250007 0.78321629375 0.40328540156250003 0.790210175 0.40693357656250007 0.81818129375
1 0.41788248125000005 0.88811129375 0.4270073 0.8811196156250001 0.4288313875 0.8601401750000001 0.41058394218750005 0.8601401750000001 0.40693357656250007 0.8706298953125 0.40875985468750003 0.8846154546875 0.41788248125000005 0.88811129375
1 0.5197928921875 1 0.48722627812499997 0.97202905625 0.474453284375 0.97202905625 0.4732357734375 1 0.5197928921875 1
1 0.514598540625 0.74825129375 0.503649634375 0.74825129375 0.4799277375 0.8146854546875 0.47810145937500004 0.8391607343749999 0.4963510953125 0.8426565734375 0.5182489046875001 0.8041957343749999 0.5237233578125 0.7867143359375001 0.5237233578125 0.769230734375 0.514598540625 0.74825129375
1 0.46167810156250005 0.4580415734375 0.49999927031249997 0.4580415734375 0.510948175 0.4440560140625 0.5091240875 0.38461573437499996 0.4580299265625 0.377621853125 0.45255547500000004 0.38811157343749997 0.45255547500000004 0.45104989531250006 0.46167810156250005 0.4580415734375
1 0.6569343062499999 0.6433562937499999 0.6678832109374999 0.6468521328125 0.6733576640625001 0.636364615625 0.6697073 0.6118871328125 0.65875839375 0.594405734375 0.6496357671874999 0.594405734375 0.6405109484375 0.622376853125 0.6569343062499999 0.6433562937499999
1 0.5602182484375 0.5279715734375 0.5510956203124999 0.517481853125 0.53649635 0.524475734375 0.5346722625 0.5419571328125 0.5383204375 0.5489510140625 0.5529197078125 0.5489510140625 0.5602182484375 0.5279715734375