3 0.44556464531250006 0.3696979265625 0.42741961249999993 0.37272825468750004 0.4112895484375 0.3999991265625 0.41330658124999997 0.42727207343750007 0.43145161249999997 0.43636305468750003 0.44757961249999995 0.42727207343750007 0.4616926453125 0.40605978125000003 0.459677678125 0.3818171640625 0.44556464531250006 0.3696979265625
1 0 0.9734259359375 0.0120967734375 0.98181781875 0.02217780625 0.9757571640625 0.020160773437499998 0.9454538906250001 0 0.9064953750000001 0 0.9734259359375
3 0 0.3171720546875 0.0060477421875 0.3151520359375 0.0100797421875 0.287879090625 0 0.2752530515625 0 0.3171720546875
1 0 0 0 0.09659182656250001 0.0020157421875 0.0969705453125 0.02217780625 0.090909890625 0.036290839062500004 0.0757582546875 0.0403228390625 0.048485309375 0.036290839062500004 0.0333336734375 0.0120967734375 0.0030304 0.005375925 0 0 0
3 0.1209669671875 0.0303033453125 0.11088800000000001 0.0303033453125 0.0967749671875 0.051515635937500005 0.0967749671875 0.0848492359375 0.1068539359375 0.0878795640625 0.1431460640625 0.07878858125 0.14919303281250001 0.0696976 0.1471780640625 0.054545964062499994 0.1209669671875 0.0303033453125
3 0.0705638703125 0.333334 0.0504038703125 0.3363643265625 0.0322588390625 0.3606069453125 0.024192773437500002 0.3939384734375 0.0564508390625 0.4121204359375 0.0705638703125 0.3969688 0.07862993593749999 0.37575858125 0.080644903125 0.345455309375 0.0705638703125 0.333334
1 0.1209669671875 0.6969691265625 0.1048389671875 0.6969691265625 0.0927429671875 0.71818141875 0.0907259359375 0.772727309375 0.1048389671875 0.7757576359375 0.1249989671875 0.760606 0.14919303281250001 0.7545453453125 0.161291096875 0.7454543640625 0.161291096875 0.7272724 0.1209669671875 0.6969691265625
1 0.13911199999999999 0.3939384734375 0.161291096875 0.418181090625 0.1995961296875 0.4333327265625 0.2217752265625 0.42727207343750007 0.2217752265625 0.384847490625 0.1995961296875 0.345455309375 0.18750012968750002 0.3363643265625 0.169355096875 0.3363643265625 0.15121006406249998 0.34848563593750004 0.13911199999999999 0.37272825468750004 0.13911199999999999 0.3939384734375
1 0.8588704515625001 0.178787309375 0.8387104515624999 0.15757501875 0.8185483874999999 0.145453709375 0.8064523875 0.14848403593749998 0.8064523875 0.178787309375 0.8185483874999999 0.19696927343749998 0.8528234843750001 0.1999996 0.860887484375 0.1939389453125 0.8588704515625001 0.178787309375
1 0.8354606203125 1 0.8368338062499999 0.995665709375 0.8359068390625 0.9620605812499999 0.8219362578125 0.9158781453125 0.80889058125 0.8948793453125001 0.7921163875 0.900484 0.7781643875 0.9144852734375 0.7623192265625 0.9144852734375 0.75115019375 0.92987941875 0.7436890328125 0.95087821875 0.7492735484375 0.9872732359375 0.7570540296875 1 0.8354606203125 1
1 0.6108869671875 0.47272698125 0.5967739359374999 0.4696966546875 0.5846779359375 0.4818179640625 0.5806459359375 0.5121212359375 0.5846779359375 0.52121221875 0.6189509671875 0.52121221875 0.625 0.5151515640625 0.6270170328125 0.49999992656250003 0.6108869671875 0.47272698125
1 0.627200196875 1 0.629032 0.9696965093750001 0.616936 0.9212112734375 0.6068549671875 0.9090899640625001 0.590724903125 0.9060596359374999 0.5665329031249999 0.9212112734375 0.5544348390625 0.9575752 0.562500903125 0.9939391265624999 0.568837425 1 0.627200196875 1
1 0.1532250328125 0.49999992656250003 0.18346812968749998 0.5060605812500001 0.20161316093749998 0.518181890625 0.21169419375 0.4969696 0.21169419375 0.4818179640625 0.20161316093749998 0.463636 0.1794361296875 0.4484843640625 0.16330606406249998 0.451514690625 0.1471780640625 0.4666663265625 0.1471780640625 0.49090894531249996 0.1532250328125 0.49999992656250003
1 0.09878993593749999 0.5545458187500001 0.1068539359375 0.5757581093749999 0.127016 0.5787884359375 0.13306503281249998 0.57272778125 0.13306503281249998 0.551515490625 0.1249989671875 0.5363638546875 0.1008069671875 0.5363638546875 0.09878993593749999 0.5545458187500001
1 0.0907259359375 0.8606068 0.1249989671875 0.8939404 0.13508 0.8969707265625001 0.1431460640625 0.8818190906250001 0.1431460640625 0.8545461453125001 0.11895199999999999 0.80303058125 0.08467690312500001 0.8000002546875 0.07862993593749999 0.81818221875 0.0604828390625 0.8424248359375 0.068548903125 0.8636371265625 0.0907259359375 0.8606068
1 0.3326603875 0.6272736734375 0.3084683875 0.6242433453125 0.282257290625 0.6545445453125 0.278225290625 0.7090904359375 0.29032335468750003 0.7212117453125 0.3024193546875 0.71818141875 0.3487904515625 0.6787871640625001 0.3649184515625 0.672726509375 0.3649184515625 0.6575748734375 0.3326603875 0.6272736734375
1 0.42741961249999993 0.5303032 0.40524258125 0.5666671265625001 0.40121058125 0.5818187640625 0.40322554843749997 0.60606138125 0.42943458124999995 0.6242433453125 0.4495966453125 0.62121301875 0.467741678125 0.609091709375 0.485886709375 0.5757581093749999 0.48387174218749995 0.5303032 0.47379070937499995 0.518181890625 0.44757961249999995 0.518181890625 0.42741961249999993 0.5303032
1 0.34274141875 0.4969696 0.379031484375 0.52121221875 0.39112954843750003 0.542424509375 0.40524258125 0.5363638546875 0.4112895484375 0.49999992656250003 0.38911251562500004 0.45757534531250005 0.374999484375 0.451514690625 0.3487904515625 0.4666663265625 0.33870941875 0.4818179640625 0.34274141875 0.4969696
1 0.3286283875 0.378788909375 0.3064513546875 0.37575858125 0.288306321875 0.3939384734375 0.284274321875 0.42727207343750007 0.29032335468750003 0.44242370937500003 0.3024193546875 0.4454540359375 0.3286283875 0.418181090625 0.3447584515625 0.41515076406249996 0.34677341875 0.3999991265625 0.3286283875 0.378788909375
1 0.3447584515625 0.24848483593749998 0.3649184515625 0.2515151640625 0.383063484375 0.2727274546875 0.393144515625 0.2696971265625 0.393144515625 0.24545450937500002 0.381048515625 0.212120909375 0.362903484375 0.20909058125 0.34274141875 0.22727254531250002 0.34072645156250003 0.24242418125 0.3447584515625 0.24848483593749998
1 0.33870941875 0 0.33870941875 0.0060607265624999995 0.358871484375 0.0060607265624999995 0.377016515625 0.02727301875 0.3870975484375 0.024242690625 0.3870975484375 7.34375e-8 0.387097509375 0 0.33870941875 0
1 0.5947589671875 0.7424240359375001 0.5947589671875 0.76969698125 0.5826609031250001 0.806060909375 0.590724903125 0.8363641812499999 0.6068549671875 0.8363641812499999 0.6108869671875 0.806060909375 0.616936 0.7969699265625 0.6350810328125001 0.7909092734375001 0.6491940640625 0.772727309375 0.6491940640625 0.7545453453125 0.633064 0.7303027265625001 0.612904 0.7272724 0.5947589671875 0.7424240359375001
1 0.671371096875 0.3636372734375 0.6733881296875001 0.3939384734375 0.6814521296875 0.4030294546875 0.7157251609374999 0.3999991265625 0.7157251609374999 0.38787781875 0.6975801296874999 0.345455309375 0.6834670968750001 0.333334 0.671371096875 0.3636372734375
1 0.73828619375 0.1437271265625 0.7431047734375 0.1328494546875 0.73264180625 0.1207571640625 0.7205643875 0.121969709375 0.7254036125 0.14251458125 0.73828619375 0.1437271265625
3 1 0.290908784375 0.977821678125 0.2727274546875 0.975806709375 0.30303072656249996 0.979838709375 0.321212690625 0.9979837421875001 0.32424301875 1 0.3181815875 1 0.290908784375
3 0.760081290625 0.0666672734375 0.7580642578125001 0.090909890625 0.7701602578125 0.1303020734375 0.782258321875 0.1333324 0.7883073546875 0.11515250937499999 0.7862903218749999 0.0848492359375 0.776209290625 0.0696976 0.760081290625 0.0666672734375
1 0.8326614187500001 0.057576290625000005 0.856855484375 0.0727279265625 0.872983484375 0.0727279265625 0.877015484375 0.0666672734375 0.8750005156249999 0.051515635937500005 0.8508064515625 0.0303033453125 0.83669341875 0.0303033453125 0.82862941875 0.0424246546875 0.8326614187500001 0.057576290625000005
3 0.9697576781249999 0.91515061875 0.967742709375 0.9303022546875 0.975806709375 0.9545448734375 0.9959687734375 0.9696965093750001 0.9959687734375 0.9303022546875 0.9697576781249999 0.91515061875
3 0.967742709375 0.848485490625 0.965725678125 0.8666674546875001 0.979838709375 0.8878797453124999 0.9899197421875 0.88484941875 0.9899197421875 0.8575764734375 0.9818557421874999 0.848485490625 0.967742709375 0.848485490625
3 1 0.6777771968749999 0.9979837421875001 0.6757568359375 0.9858877421875001 0.6787871640625001 0.9838707093749999 0.6969691265625 0.9899197421875 0.71818141875 1 0.7333318906249999 1 0.6777771968749999
1 1 0.5060605812500001 0.991934709375 0.5060605812500001 0.987902709375 0.5303032 0.991934709375 0.5454548359375 1 0.5454548359375 1 0.5060605812500001
1 0.9354846531250001 0 0.9354846453125001 7.34375e-8 0.9374996124999999 0.01212138125 0.9475806453125 0.0212123640625 0.9616936781250001 0.009091054687499999 0.9616936781250001 0 0.9354846531250001 0