1 0.9176362031249999 1 0.9215111046875 0.9736840703125 0.8924424421875001 0.9692987375 0.8750008140625001 0.978069403125 0.8588501281250001 1 0.9176362031249999 1
1 0.8691862203125 0.37280673750000004 0.9040694765625 0.3815795703125 0.933140290625 0.3552632375 0.9447673249999999 0.31140340312500003 0.93023191875 0.293859903125 0.8924424421875001 0.2982452375 0.8575591859375 0.3201762375 0.8546508140625001 0.34210507031250004 0.8691862203125 0.37280673750000004
1 0.90116325625 0.8245610703124999 0.8808132562500001 0.7807012375 0.8546508140625001 0.7631577375 0.8197675578125001 0.7587724031249999 0.79069674375 0.776315903125 0.7761634890625 0.8026322374999999 0.7703488953125001 0.8771937375000001 0.7848843015625 0.925438903125 0.8052321515624999 0.9517552374999999 0.8546508140625001 0.9561405703125001 0.8750008140625001 0.9385970703125001 0.8982548843749999 0.8947372375 0.90116325625 0.8245610703124999
1 0.3488371515625 0.8859644031249999 0.337210115625 0.8640355703125 0.30523308125000004 0.8421045703125 0.28488308125 0.8464920703125 0.287791453125 0.8859644031249999 0.30813930156249997 0.9210535703125 0.33430174375 0.925438903125 0.3459309296875 0.9122807375 0.3488371515625 0.8859644031249999
5 1 0.6374030609375 0.9818598250000001 0.633289903125 0.9808143609375 0.658639903125 1 0.6614563640625 1 0.6374030609375
1 0.5348847671875 0.1315787375 0.5494180234375 0.1140352375 0.555232615625 0.07017540312500001 0.54360558125 0.0482465703125 0.5203493609375001 0.0438590703125 0.5029077328125 0.0657900703125 0.4999993609375 0.109649903125 0.511628546875 0.127193403125 0.5348847671875 0.1315787375
1 0.694767790625 0.45175357031249996 0.6656969765625 0.4298247375 0.645349128125 0.3903502375 0.6366283140625 0.403508403125 0.6366283140625 0.46491173750000003 0.6540699421875 0.500000903125 0.6715115703125 0.513156903125 0.7180240109375 0.5087715703125 0.744186453125 0.46491173750000003 0.744186453125 0.4385975703125 0.694767790625 0.45175357031249996
1 0.6127908640624999 0 0.610465871875 0.017544903125 0.6191866859374999 0.0657900703125 0.6482553484375 0.1228080703125 0.6860469765625 0.1491222375 0.7151156390625 0.15350973750000002 0.726744825 0.144736903125 0.7354656390625001 0.1184205703125 0.7354656390625001 0.07894823749999999 0.726744825 0.0438590703125 0.700582384375 0.013157403125 0.66279075625 0.017544903125 0.63953396875 0 0.6127908640624999 0
1 0.40697662812499996 0.741228903125 0.44476825625 0.741228903125 0.4796515109375 0.6973690703125001 0.488372325 0.6315782375000001 0.48255773281250003 0.6184200703125 0.468022325 0.6184200703125 0.4302328484375 0.644736403125 0.4127912203125 0.644736403125 0.3662787796875 0.627192903125 0.3633725578125 0.6754380703125 0.377907965625 0.7149125703125 0.40697662812499996 0.741228903125
1 0.21511657031250003 0.903507903125 0.218022790625 0.8684209031250001 0.20348738437499997 0.8464920703125 0.183139534375 0.8464920703125 0.16569790625 0.8640355703125 0.16569790625 0.8859644031249999 0.19767494218749998 0.9210535703125 0.21511657031250003 0.903507903125
1 0.24418523281249999 0.6798255703125 0.20058116250000002 0.6535092375 0.1744187203125 0.6184200703125 0.13662709374999998 0.6228075703125 0.1250000578125 0.6535092375 0.1250000578125 0.6798255703125 0.13372087187499998 0.719297903125 0.1482562796875 0.7456142375 0.1715125 0.7631577375 0.2093019765625 0.7631577375 0.23546441875 0.736841403125 0.2470936046875 0.701754403125 0.24418523281249999 0.6798255703125
1 0.20348738437499997 0.513156903125 0.20348738437499997 0.500000903125 0.183139534375 0.45614107031250006 0.1511625 0.442982903125 0.14534790625 0.46491173750000003 0.1482562796875 0.5043862375 0.16279168593749999 0.5394732375 0.1773249421875 0.5438585703125 0.20348738437499997 0.513156903125
1 0.322674709375 0.31140340312500003 0.322674709375 0.2894745703125 0.302324709375 0.2631582375 0.25581441875 0.254385403125 0.249999825 0.30263057031249996 0.27616226718750003 0.3377197375 0.30523308125000004 0.3377197375 0.322674709375 0.31140340312500003
1 0.9760183234375001 0 0.9651173249999999 0.021930237499999998 0.968023546875 0.0482465703125 0.9796505812499999 0.0570172375 1 0.05263203125 1 0 0.9760183234375001 0
1 0.6656969765625 0.6929815703125 0.69185941875 0.6973690703125001 0.71220941875 0.6798255703125 0.7180240109375 0.6491217375 0.7151156390625 0.6403510703124999 0.6656969765625 0.6403510703124999 0.6540699421875 0.6491217375 0.6540699421875 0.6798255703125 0.6656969765625 0.6929815703125