1 0.090225540625 0.7696622468750001 0.08270588281249999 0.730337303125 0.0563901203125 0.71910045 0.0488724890625 0.7696622468750001 0.0601509625 0.786517528125 0.08270588281249999 0.7808991015625 0.090225540625 0.7696622468750001
1 0 0.239326640625 0.0300743578125 0.20786606718749998 0.026315540625 0.17977595468750002 0.0037585937499999998 0.1348305625 0 0.1404475 0 0.239326640625
1 0.127819778125 0.32022449375 0.109021646875 0.34831460625 0.109021646875 0.38763955 0.12406096250000001 0.4101132578125 0.15037672500000002 0.4101132578125 0.165414015625 0.3820231453125 0.15037672500000002 0.3595514609375 0.1466158828125 0.32584292187499997 0.127819778125 0.32022449375
1 0.10687379374999999 0 0.109021646875 0.022472134375 0.127819778125 0.0449438203125 0.16165317343750002 0.05056224687500001 0.17669248906249999 0.0280905625 0.17669248906249999 0 0.10687379374999999 0
1 0.0977452 0.7471905624999999 0.1203001203125 0.7528089890625 0.135337409375 0.7359557296875 0.135337409375 0.70786561875 0.11654130468749999 0.6853939328124999 0.08270588281249999 0.6910103375000001 0.08270588281249999 0.71910045 0.0977452 0.7471905624999999
1 0.18045130468749998 0.2359541578125 0.19924740937500002 0.23033775312500002 0.2105258828125 0.1629206734375 0.19924740937500002 0.1573042703125 0.172931646875 0.17415752812500002 0.172931646875 0.21910089843749997 0.18045130468749998 0.2359541578125
1 0.300751646875 0.5898867421875 0.327067409375 0.5898867421875 0.3383458828125 0.56741505625 0.33458706718750003 0.53932494375 0.3120301203125 0.5168532578125 0.2894731734375 0.5224716859375 0.2857143578125 0.5730334828125 0.300751646875 0.5898867421875
1 0.38721859375 0.1404489890625 0.3834577515625 0.241572584375 0.409773515625 0.28089955 0.4210519890625 0.28089955 0.44736775156249997 0.1516858421875 0.4436089359375 0.10112404531250001 0.40601469999999995 0.106742471875 0.38721859375 0.1404489890625
1 0.3684204625 0 0.3684204625 0.0056188765625 0.3834577515625 0.033706965625 0.4210519890625 0.033706965625 0.4398501203125 0.0056188765625 0.440267834375 0 0.3684204625 0
3 0.33458706718750003 0.7359557296875 0.34210470000000004 0.758427415625 0.364661646875 0.7752806734375 0.3721813046875 0.70786561875 0.3383458828125 0.7134840453125 0.33458706718750003 0.7359557296875
1 0.4661658828125 0.6910103375000001 0.458646225 0.70786561875 0.4661658828125 0.758427415625 0.4774443578125 0.7696622468750001 0.5112777515625 0.7696622468750001 0.522556225 0.7415721343749999 0.5187974093750001 0.7247188765625 0.4849619890625 0.6910103375000001 0.4661658828125 0.6910103375000001
1 0.6578938578125 0.5168532578125 0.6428565671875 0.5505617984375 0.646617409375 0.5898867421875 0.6729331734375 0.6179768546875 0.7067665671875 0.61236045 0.7180450406250001 0.59550516875 0.7180450406250001 0.5730334828125 0.691729278125 0.5337085390625 0.6578938578125 0.5168532578125
2 0.9398496203125 0.3033712359375 0.9699242 0.2640442703125 0.98872233125 0.20786606718749998 0.9962399625 0.1348305625 0.98872233125 0.0842687640625 0.9060142000000001 0.106742471875 0.82330809375 0.09550561875 0.7706765671875 0.06741550625 0.7443608046875 0.07865235937500001 0.7481196203125 0.1629206734375 0.857143515625 0.32022449375 0.909775040625 0.32022449375 0.9398496203125 0.3033712359375
1 0.16165317343750002 0.7471905624999999 0.127819778125 0.7471905624999999 0.11654130468749999 0.758427415625 0.11654130468749999 0.786517528125 0.1390982515625 0.8370793265625001 0.16917283125 0.8483141578125 0.1879689359375 0.8314608984375 0.191729778125 0.786517528125 0.17669248906249999 0.758427415625 0.16165317343750002 0.7471905624999999
1 0.75939809375 0.7359557296875 0.7406019890625 0.7134840453125 0.69548809375 0.702247190625 0.691729278125 0.7247188765625 0.6766919890625 0.7415721343749999 0.6766919890625 0.7808991015625 0.7030077515625 0.8089892140625 0.7481196203125 0.7921339328125 0.75939809375 0.7696622468750001 0.75939809375 0.7359557296875
4 0.33373940156250004 1 0 0.5138487640625 0 0.5355430390625 0.13688585 1 0.33373940156250004 1
1 1 0.3924552984375 0.9774438578125 0.38763955 0.9436084359375 0.4382013484375 0.9360908046875 0.4831467421875 0.9624065671875 0.5168532578125 0.9962399625 0.5168532578125 1 0.51123445 1 0.3924552984375
3 0.8872180937499999 0.6067420218749999 0.883459278125 0.6404485390625 0.8984965671875 0.6910103375000001 0.9172926734375 0.6853939328124999 0.9323299625000001 0.662922246875 0.9436084359375 0.5730334828125 0.909775040625 0.578651909375 0.8872180937499999 0.6067420218749999
1 0.9436081359375 1 0.9436084359375 0.9999995500000001 0.9360908046875 0.9438193265624999 0.9135338578125 0.9213476406250001 0.8872180937499999 0.93258449375 0.8796984359375 0.9550561796875 0.883459278125 0.9943811234375 0.8872189015625 1 0.9436081359375 1