3 0.4285715625 0.566038415625 0.42646978124999996 0.5943405281249999 0.44327757968750003 0.622640490625 0.4621850078125 0.6257851703124999 0.476891025 0.613208603125 0.47899065468749996 0.5880511703125 0.46428463906250006 0.566038415625 0.4474789921875 0.5566043781250001 0.4285715625 0.566038415625
1 0 0 0 0.0646882484375 0.018907025 0.028302565624999998 0.020798659375 0 0 0
1 0.01554620625 1 0.0357148234375 0.974842415625 0.0399162359375 0.95911901875 0.0357148234375 0.9308169062499999 0.02100880625 0.915093509375 0 0.9088042703125 0 1 0.01554620625 1
3 0.098740303125 0.9213828671875 0.098740303125 0.9559743390625 0.11344631875 0.97798709375 0.12394877343749999 0.97798709375 0.1512611765625 0.9528296609375 0.15336080624999998 0.9371062640625001 0.14705976406250001 0.9276722265625 0.10924275624999999 0.9182381890625001 0.098740303125 0.9213828671875
3 0.023108437500000002 0.6006298875 0.0315134125 0.6352192078125001 0.050420840625 0.6603766421875 0.0714278984375 0.6635213203125 0.08193250468749999 0.6509426031250001 0.0798328734375 0.6194958109375001 0.0714278984375 0.5974852078125 0.0567218828125 0.5817618109375 0.023108437500000002 0.6006298875
1 0.128150184375 0.2201258484375 0.1071431265625 0.204402453125 0.092437109375 0.20754713281249998 0.09453889062500001 0.2641513578125 0.1071431265625 0.28616411249999996 0.12394877343749999 0.28616411249999996 0.16596719375 0.2547173203125 0.16596719375 0.2358492453125 0.15336080624999998 0.2264152078125 0.128150184375 0.2201258484375
1 0.1743700171875 0.6603766421875 0.1932774453125 0.6603766421875 0.20588168125 0.6509426031250001 0.228992671875 0.6100639250000001 0.228992671875 0.566038415625 0.20588168125 0.55974905625 0.16596719375 0.575472453125 0.1428562015625 0.6006298875 0.1428562015625 0.622640490625 0.1554625875 0.647797925 0.1743700171875 0.6603766421875
1 0.8382361015625 0.8553467546875 0.8508403359375001 0.8584914343750001 0.8718495468749999 0.8459127171875 0.8928566046874999 0.8238999625 0.8949583859375 0.8081765656250001 0.8865555625000001 0.8018872078125 0.8508403359375001 0.8050318875 0.8382361015625 0.8238999625 0.8382361015625 0.8553467546875
1 0.776329053125 0 0.7728356296875 0.022673546875 0.7806102859374999 0.044464754687500004 0.7922486046875 0.060439810937500005 0.8087595296875 0.060439810937500005 0.8232977484375 0.074969434375 0.8407767390625001 0.080785584375 0.8543705546875 0.058994378125000003 0.868928134375 0.011069207812499999 0.8692347296875 0 0.776329053125 0
1 0.6029419828125 0.47798739687499997 0.6071433953125001 0.5094341890625 0.6197476296875 0.52201290625 0.634453646875 0.5188682265625 0.6512614453125 0.4905661125 0.6491596640624999 0.4748427171875 0.6428564703124999 0.46855335781249996 0.6071433953125001 0.46855335781249996 0.6029419828125 0.47798739687499997
1 0.5791317546875 0 0.5756295796875001 0.0157238484375 0.588235965625 0.053459999999999994 0.6134444375 0.069183396875 0.6302522359375 0.0660387171875 0.640756840625 0.053459999999999994 0.6533610750000001 0.0031451328124999997 0.653170171875 0 0.5791317546875 0
1 0.16806682343749998 0.5408809812500001 0.18487462187499998 0.5440256609375 0.20798346250000002 0.5283022640625 0.21848806718749997 0.5094341890625 0.21848806718749997 0.49371079218749997 0.20798346250000002 0.47169803750000006 0.189076034375 0.4842767546875 0.15756221875 0.4905661125 0.1512611765625 0.5000001515625 0.1512611765625 0.525157584375 0.16806682343749998 0.5408809812500001
1 0.10924275624999999 0.4119491328125 0.1008399328125 0.43396188750000003 0.1029417140625 0.45282996249999996 0.128150184375 0.45282996249999996 0.136555159375 0.437106565625 0.136555159375 0.4150938109375 0.13025196562500002 0.40880445312499997 0.10924275624999999 0.4119491328125
1 0.0798328734375 0.16037694375 0.086133915625 0.17924501875 0.12184914218750001 0.1761003390625 0.14705976406250001 0.12264079218749999 0.14705976406250001 0.09433867968750001 0.138654790625 0.07861528281249999 0.128150184375 0.0817599625 0.092437109375 0.11635143437499999 0.06932826875 0.11320675468750001 0.060923293749999996 0.135219509375 0.0798328734375 0.16037694375
1 0.313025209375 0.2641513578125 0.300420975 0.2610066796875 0.2878145875 0.273585396875 0.292016 0.330189621875 0.319328403125 0.3616342640625 0.3445368734375 0.358489584375 0.37815031875 0.32704494375 0.37815031875 0.311321546875 0.361344671875 0.30503218906249996 0.313025209375 0.2641513578125
1 0.49159704218750006 0.47169803750000006 0.502101646875 0.4591193203125 0.5042012765624999 0.4119491328125 0.48529384843749995 0.3773576609375 0.4663864203125 0.36477894375000003 0.44537720937499997 0.3616342640625 0.41806695781250003 0.38050233906250003 0.415967328125 0.4056597734375 0.42016873906249996 0.4213831703125 0.44327757968750003 0.4591193203125 0.46428463906250006 0.47169803750000006 0.49159704218750006 0.47169803750000006
1 0.403360940625 0.534591621875 0.42646978124999996 0.4905661125 0.42016873906249996 0.45282996249999996 0.4054627234375 0.446540603125 0.3928563359375 0.46855335781249996 0.3550414796875 0.49371079218749997 0.3508400671875 0.5094341890625 0.361344671875 0.525157584375 0.388654925 0.5408809812500001 0.403360940625 0.534591621875
1 0.313025209375 0.5471703390625 0.300420975 0.55031501875 0.29411778125 0.566038415625 0.29831919375 0.6006298875 0.317226621875 0.6194958109375001 0.3403354625 0.6163511328125 0.359242890625 0.5943405281249999 0.3571432609375 0.5786171328124999 0.3403354625 0.575472453125 0.313025209375 0.5471703390625
1 0.39495811718749996 0.7893084906250001 0.407562353125 0.75471701875 0.407562353125 0.729559584375 0.3970577484375 0.7264149062499999 0.37815031875 0.7484276609375 0.3571432609375 0.7515723390625 0.3529418484375 0.7578616984375001 0.3550414796875 0.7735850937500001 0.3760506890625 0.7924531703125 0.39495811718749996 0.7893084906250001
1 0.40126131093749995 1 0.40126131093749995 0.9842764531249999 0.39075670625000003 0.9811317734375 0.3745502078125 1 0.40126131093749995 1
1 0.636555428125 0.2547173203125 0.6575624875 0.25157264218750003 0.6743702859375 0.2264152078125 0.6743702859375 0.20754713281249998 0.6596642687500001 0.18867905625 0.640756840625 0.1823896984375 0.634453646875 0.1729556609375 0.6302522359375 0.1415088671875 0.6134444375 0.1415088671875 0.6050416140625 0.1729556609375 0.617648 0.2106918109375 0.617648 0.238993925 0.636555428125 0.2547173203125
1 0.6995809078125 0.6006298875 0.6974791265625 0.632074528125 0.7100833609375 0.6635213203125 0.724789378125 0.6509426031250001 0.74369680625 0.6069192453125 0.74369680625 0.5943405281249999 0.7079837312499999 0.5911958484375 0.6995809078125 0.6006298875
1 0.7613242359375 0.884119925 0.7722268234375 0.8715713203125001 0.76720578125 0.8602831703125 0.7537819156250001 0.861541471875 0.7487393609375 0.882861621875 0.7613242359375 0.884119925
3 0.7878148578124999 0.915093509375 0.7899166390625 0.94025094375 0.8067222859375001 0.9371062640625001 0.817226890625 0.9213828671875 0.819328671875 0.8899360749999999 0.8130254796875 0.8710701515625001 0.8004190921875001 0.8742148296875 0.7878148578124999 0.915093509375
1 0.9117640343750001 0.94025094375 0.9075626218749999 0.933961584375 0.8907569750000001 0.933961584375 0.865546353125 0.9496849812500001 0.861344940625 0.965408378125 0.8697477640625 0.97798709375 0.8844537812500001 0.97798709375 0.909664403125 0.9559743390625 0.9117640343750001 0.94025094375
1 1 0.9999997328125 0.9852941171875 0.9874211328125 0.9747895124999999 0.9968551703124999 0.9742645796874999 1 1 1 1 0.9999997328125