1 0.425926296875 0.7231400625 0.42284018593750006 0.6818177890625 0.4135798140625 0.673554153125 0.385802778125 0.673554153125 0.37654240781250004 0.6818177890625 0.36419796249999997 0.7107446078125 0.36728407343749997 0.7355375625 0.3827166671875 0.7438011984374999 0.425926296875 0.7231400625
3 0.49999907343750005 0.21074347031250001 0.5061733328125 0.22314097031250002 0.5679016671875 0.21074347031250001 0.58950648125 0.1859505171875 0.58950648125 0.15702574375 0.5246920375 0.15702574375 0.49999907343750005 0.21074347031250001
3 0.6944444437499999 0.8223139249999999 0.6666674078125 0.8016527890624999 0.6481487031250001 0.8016527890624999 0.6512348140625 0.8181821078124999 0.6851861109375 0.871899834375 0.69753055625 0.871899834375 0.7067909265625001 0.8595043796875 0.7067909265625001 0.8429750625000001 0.6944444437499999 0.8223139249999999
3 0.6327161109375 1 0.6327161109375 0.9958686984374999 0.61728351875 0.9710736984375 0.56481555625 0.95867824375 0.5401225921874999 0.9752075625 0.53703648125 0.991734834375 0.5555563171875 1 0.6327161109375 1
1 0.8271614812499999 0.6404955171875 0.833333703125 0.6859496078125 0.8425920375 0.6942152890625 0.8796294437500001 0.6900834703125 0.8950620375 0.6157025625 0.8641968515625 0.5909096078125 0.8395059265624999 0.595041425 0.8271614812499999 0.6404955171875
5 0.5286418515625 0.7891734703125 0.4975301859375 0.960909834375 0.5111416671875 0.9817346078125 0.5461420375 0.817768925 0.5403079625 0.7917773343750001 0.5286418515625 0.7891734703125
5 0.7055238890625 0.7266950624999999 0.6316364812499999 0.7657427890624999 0.6335798140625 0.7865696078125 0.7133033328125 0.7631409703124999 0.7055238890625 0.7266950624999999
5 0.37055555625 0.37367824375 0.3856174078125 0.3720255171875 0.3667911109375 0.28971028906249996 0.349227778125 0.30314074375 0.37055555625 0.37367824375
5 0.37654240781250004 0.6900834703125 0.3888888890625 0.673554153125 0.37963055625000003 0.5743802890625 0.358023703125 0.5743802890625 0.3549375921875 0.61157074375 0.36419796249999997 0.6818177890625 0.37654240781250004 0.6900834703125
5 0.8456781484375 0.5991732437499999 0.8611107406249999 0.5909096078125 0.8611107406249999 0.5743802890625 0.8179011109375001 0.40495937968750007 0.8074083328125001 0.4074384703125 0.8027781484375 0.4074384703125 0.796296296875 0.429752334375 0.7993824078125 0.46694278906250003 0.8302475921875001 0.5909096078125 0.8456781484375 0.5991732437499999
5 0.95875425625 1 0.8981481484374999 0.8016527890624999 0.8919759265625 0.7851234703125 0.8703711109375 0.780991653125 0.8611107406249999 0.7892552890625 0.8611107406249999 0.8140502890624999 0.918802759375 1 0.95875425625 1