5 0.7054438249999999 0.248584121875 0.71026991875 0.2480878078125 0.712900534375 0.2457907109375 0.713997175 0.2428260046875 0.7137708140625 0.24019510312499998 0.7124566046874999 0.23773329843750002 0.7080744421875 0.23674945468750003 0.704782325 0.237074475 0.702151709375 0.23888404375 0.6999562328125 0.24118772968750002 0.6995210937499999 0.24496718125 0.701052871875 0.24726647499999999 0.7054438249999999 0.248584121875
5 0.37561025625 0.1282456125 0.372878546875 0.1261988671875 0.36560424375 0.12586067031249998 0.3601452203125 0.1285838078125 0.3583211515625 0.133698475 0.3601452203125 0.1371067890625 0.3651449296875 0.13881314218750002 0.369694115625 0.13881314218750002 0.3751531390625 0.135740828125 0.3765178953125 0.13096875 0.37561025625 0.1282456125
1 0 0.25472075625 0.00363408125 0.2543576125 0.0167146390625 0.244009690625 0.028342534375 0.23039180781250002 0.03706290625 0.2156868671875 0.0501456625 0.1988012203125 0.05232575625 0.18191776875000001 0.049418232812500004 0.17483761250000002 0.0421505234375 0.1682998859375 0.033430151562499996 0.165032121875 0.023982348437500002 0.1644874953125 0.0174420703125 0.16721063125 0.0087216984375 0.17320153437500002 0.0007265578125 0.1830070234375 0 0.18434370312499998 0 0.25472075625
1 0 0.322474853125 0.0094469296875 0.3273420828125 0.0247097796875 0.3376900046875 0.029069965625 0.338779259375 0.033430151562499996 0.34313627812499997 0.053053185937500004 0.3545756515625 0.0697665 0.3676467109375 0.073401453125 0.368735965625 0.10101742968750001 0.3888893765625 0.1090125703125 0.38997863125 0.11482541875 0.3818092203125 0.11409798906249999 0.3654682 0.1090125703125 0.3464062390625 0.0850293484375 0.3082779265625 0.058866034375 0.28703745468749997 0.0385177671875 0.27832341562499996 0.0094469296875 0.274508828125 0 0.2749253265625 0 0.322474853125
1 0.06468108125000001 0.896515103125 0.0799417328125 0.8921558859375001 0.10101742968750001 0.8807187109375001 0.1082851390625 0.8741831812499999 0.12427322031250002 0.8469496124999999 0.12427322031250002 0.83714631875 0.1177329421875 0.83442318125 0.106105046875 0.83442318125 0.097384675 0.8360570624999999 0.0806691625 0.8436818468749999 0.06758640625 0.851851259375 0.054505848437500004 0.8632906312499999 0.046510709375 0.8725492984375001 0.039245198437500003 0.884531103125 0.039970429687499996 0.8937897687499999 0.046510709375 0.8970597296875 0.06468108125000001 0.896515103125
1 0.46729723281249996 0.237471965625 0.46220961562499996 0.244009690625 0.46220961562499996 0.2608931421875 0.4665698015625 0.2903052203125 0.4745649421875 0.3082779265625 0.481830453125 0.3115478859375 0.4905530234375 0.3126371421875 0.5065411046875 0.3099118078125 0.5683133375 0.30936718124999996 0.579216 0.306099415625 0.58430141875 0.3001085140625 0.5864815109375 0.290849846875 0.5850288484374999 0.283769690625 0.5850288484374999 0.2625270234375 0.5821213249999999 0.24455431875000003 0.574853615625 0.2336595734375 0.5654080109375 0.22766867031250002 0.553780115625 0.226579415625 0.53560974375 0.2309364359375 0.5130813843750001 0.23257031874999998 0.5021809187499999 0.23148106249999997 0.481830453125 0.23257031874999998 0.46729723281249996 0.237471965625
1 0.49127825625000004 0.394880278125 0.48255788437499997 0.39542490625000004 0.4709299890625 0.40087118125 0.4665698015625 0.40468357343749994 0.46511713906249996 0.4117637296875 0.46729723281249996 0.42047996562499995 0.47529017500000004 0.430283259375 0.48982559375 0.43518490625000006 0.4992733953125 0.43572953437499995 0.505813675 0.43355102343749996 0.5159889062499999 0.42047996562499995 0.5152614765625 0.4139444359375 0.49782073281250006 0.39705878906250003 0.49127825625000004 0.394880278125
1 0.597384175 0.62363918125 0.59520408125 0.6252730625 0.5872089421875 0.62636231875 0.5581403015624999 0.6416118859375 0.55232525625 0.6427011421875 0.53560974375 0.6497812984375 0.5276168015625 0.6612206703125 0.52180175625 0.6813718859375 0.5167141390625 0.692811259375 0.5174415703124999 0.6993467890625 0.5196216625 0.702614553125 0.5327044187500001 0.702614553125 0.5508725937500001 0.6988021609375 0.6002916984375 0.6944451421875 0.6373554765625 0.6895434953125 0.64389575625 0.6873627890625 0.6518886984375001 0.67864875 0.6613365 0.6574082781249999 0.673691825 0.6361656124999999 0.6853197203125 0.6072981609375 0.731103871875 0.519064121875 0.7267436859374999 0.512526396875 0.6911347671875 0.5179748671875 0.6722391625 0.5223318859375 0.65625108125 0.531590553125 0.622092628125 0.5969502390625 0.6111921625 0.6100212984375 0.6002916984375 0.6176460828125 0.597384175 0.62363918125
1 0.4360463015625 0.672657846875 0.44840162812499995 0.66339918125 0.45712200000000003 0.6546851421875 0.47529017500000004 0.643790396875 0.4970933015625 0.6252730625 0.49782073281250006 0.6171014546875 0.4905530234375 0.61165518125 0.48037779062499997 0.6127444359374999 0.4527618140625 0.6198267890625 0.4476741984375 0.623094553125 0.435318871875 0.6394333765625 0.4251458375 0.6568636515625 0.419330790625 0.6628545531250001 0.417878128125 0.671023965625 0.42078565156250003 0.673747103125 0.4295060234375 0.675380984375 0.4360463015625 0.672657846875
1 0.4055228015625 0.7598048281249999 0.4280533609375 0.7603494546875 0.45784942968750003 0.764161846875 0.46729723281249996 0.7614387109375 0.47238265156250003 0.7549009843750001 0.47601760468750004 0.732571259375 0.48328531406249997 0.710783965625 0.48328531406249997 0.7009806703125 0.47529017500000004 0.6939005140625001 0.47020255781250003 0.692811259375 0.4280533609375 0.69226663125 0.40625023281250006 0.6873627890625 0.396075 0.6862735343749999 0.383721871875 0.687907415625 0.3771793953125 0.6911773765625 0.3742740703125 0.6939005140625001 0.3720939765625 0.70043604375 0.3757267328125 0.7222211421875 0.3735466390625 0.747820828125 0.3771793953125 0.7516332203125 0.383721871875 0.7559902390625 0.4055228015625 0.7598048281249999
1 0.6440936875000001 1 0.6388081390625 0.9891061609375 0.6308130000000001 0.976035103125 0.6242727203125 0.9684103187499999 0.620639965625 0.9607833375 0.6162797796875 0.9569709453125 0.61337225625 0.9515246703125 0.6046518843750001 0.9438998859375 0.5988368375 0.9422660046875 0.5872089421875 0.9422660046875 0.5697681984375 0.9482569062499999 0.5501451625 0.9526139265625 0.543604884375 0.95642631875 0.5196216625 0.9656871812500001 0.510901290625 0.9716780828125 0.5029061515625 0.974945846875 0.49782073281250006 0.9793028671874999 0.4876455 0.983115259375 0.47892512812500004 0.988561534375 0.469477325 0.9989116515625 0.46899314218750005 1 0.6440936875000001 1
1 0.727471115625 0.724946475 0.7340113953125 0.7331158859375 0.7594472796875 0.7440084359375 0.77034774375 0.750543965625 0.78706325625 0.7576263187500001 0.7965110578125 0.7598048281249999 0.8255818953125 0.772331259375 0.8437500703125 0.776688278125 0.8568306281250001 0.7832238078125 0.8582854890625 0.7805006703124999 0.8735461390625 0.77015275 0.8880815578125001 0.747820828125 0.8917143140625001 0.73474976875 0.8917143140625001 0.7265803578125001 0.8888089890625 0.7167748671874999 0.8604655812500001 0.6955343968750001 0.8590107203124999 0.692811259375 0.8488376859375 0.685184278125 0.839389884375 0.68300576875 0.8277619890624999 0.675380984375 0.819041615625 0.6721132203125 0.8059588609375 0.6693900828125 0.7950583953125 0.6688454546875 0.763807465625 0.6824611421875 0.733283965625 0.708060828125 0.7281985468750001 0.717864121875 0.727471115625 0.724946475
1 0.832122175 0.56372576875 0.8415699765625 0.5631811421874999 0.8459301625 0.5599133765625 0.84956291875 0.5533778468749999 0.854650534375 0.5283227890625 0.8531978718750001 0.509803259375 0.8510177796875 0.5032677296875 0.84811025625 0.499999965625 0.8335748374999999 0.4940090625 0.8204942796875001 0.4929198078125 0.8110464765625001 0.49074129843750003 0.7790703140625 0.4885627890625 0.7587198484375001 0.48910741562500004 0.747819384375 0.49128592656250003 0.7405516750000001 0.49509831875000004 0.73837158125 0.502178475 0.73837158125 0.51198176875 0.7718026046875 0.5381260828125 0.792150871875 0.549563259375 0.8255818953125 0.5626365140625 0.832122175 0.56372576875
1 0.7681676515625 0.1982565921875 0.77034774375 0.2058813765625 0.778342884375 0.21350835781250002 0.78706325625 0.21895463125 0.794330965625 0.22167776875 0.8037787671875 0.22113314218750002 0.81177390625 0.22222239687499998 0.8241270343749999 0.2205885140625 0.8335748374999999 0.216776121875 0.838662453125 0.2058813765625 0.8444775 0.1808285140625 0.8437500703125 0.16612137656249998 0.839389884375 0.1590412203125 0.8350296984375 0.1574073375 0.8234018015625001 0.15686271093749998 0.8124991390625 0.159585846875 0.8023261046875 0.16721063125 0.7957858250000001 0.1808285140625 0.7848831625 0.18736404375 0.7790703140625 0.1884532984375 0.772530034375 0.192265690625 0.7681676515625 0.1982565921875
1 0.7039251671875 0 0.7042153250000001 0.0005436515625 0.7093029421875 0.005992121875 0.7340113953125 0.0234202 0.7405516750000001 0.026143337500000002 0.744186628125 0.026143337500000002 0.7485468140625 0.0234202 0.7485468140625 0.0168846703125 0.744199171875 0 0.7039251671875 0
1 0.8422974062499999 0.120370475 0.838662453125 0.12745063125 0.8401173140625 0.1372539265625 0.854650534375 0.15305031875 0.871366046875 0.165032121875 0.8822665109375001 0.17756075 0.8938944062499999 0.184096278125 0.9026169765625 0.18464090625000001 0.90915725625 0.1835516515625 0.9425882796874999 0.1710230234375 0.9571215000000001 0.1682998859375 0.9709294890625 0.1612197296875 0.9738370109375 0.15305031875 0.9745644421874999 0.130718396875 0.982557384375 0.10784404375000001 0.982557384375 0.09858318125 0.9789246281249999 0.0942261609375 0.9716569187499999 0.0898691421875 0.95494140625 0.08605675 0.9404059890625 0.0849674953125 0.9251453375 0.081155103125 0.91060991875 0.0751642 0.8938944062499999 0.072985690625 0.883721371875 0.0795212203125 0.8677332906249999 0.1002170625 0.8422974062499999 0.120370475
2 0.8950183968750001 1 0.8946218375000001 0.9950970625 0.8960744999999999 0.9842045140625 0.9026169765625 0.9607833375 0.9062497328125 0.9291949453124999 0.903342209375 0.9150324359375 0.8960744999999999 0.8992382390625 0.8917143140625001 0.895425846875 0.8888089890625 0.8899773765625 0.88008641875 0.8812633375000001 0.8670058609375 0.8741831812499999 0.8590107203124999 0.8720046703125 0.84665759375 0.8720046703125 0.8328496046874999 0.8741831812499999 0.810319046875 0.883441846875 0.8023261046875 0.8883434953125 0.7936057328125 0.8905220046875 0.7718026046875 0.9041398859375 0.7485468140625 0.9204787109374999 0.7340113953125 0.9330073375 0.7194759765625001 0.953158553125 0.7143905578124999 0.9678656906249999 0.716948928125 1 0.8950183968750001 1
1 0.3452032328125 0.1367092984375 0.3379355234375 0.13616467031249999 0.3306678140625 0.13180765156250002 0.32122001093749997 0.13180765156250002 0.30668679062500004 0.1269060046875 0.279796046875 0.1241828671875 0.2572676859375 0.1236382390625 0.22965170937499998 0.1269060046875 0.20857601093749997 0.132352278125 0.183140128125 0.142702396875 0.16206442968749998 0.1574073375 0.1533440578125 0.159585846875 0.1482564421875 0.167755259375 0.13880863906250002 0.17483761250000002 0.123545790625 0.1917210625 0.11482541875 0.2058813765625 0.106105046875 0.2282132984375 0.106105046875 0.2450989453125 0.1155528484375 0.26416090625 0.1337210234375 0.2848589453125 0.14389625625 0.30119776875 0.15188919843749998 0.31971729843749996 0.1533440578125 0.3278867109375 0.15770424375 0.336056121875 0.164971953125 0.3447701609375 0.170057371875 0.34858475 0.199128209375 0.36383431875 0.2325592328125 0.3736376125 0.245639790625 0.37636075 0.260175209375 0.3774500046875 0.3045066984375 0.37799463125 0.33721029062499996 0.3698252203125 0.36191874375 0.36111118124999997 0.388807290625 0.34313627812499997 0.4047975703125 0.3284313375 0.4222383140625 0.30283165156249997 0.4295060234375 0.28268043593750003 0.432413546875 0.2674286703125 0.432413546875 0.24182898437499997 0.42877859375 0.2233116515625 0.4236909765625 0.211329846875 0.419330790625 0.20533674999999998 0.4171506984375 0.1982565921875 0.3989825234375 0.1737483578125 0.39244224375000003 0.1693891421875 0.3829944421875 0.160130475 0.3684590234375 0.15032718125 0.3561036984375 0.14651478906249998 0.3452032328125 0.1367092984375
5 0.3283075109375 0.116312121875 0.3333072203125 0.11699290625 0.3383135234375 0.11392718125000001 0.340588115625 0.1101806703125 0.338764046875 0.1050660046875 0.33422145312499996 0.10404043593750001 0.3296722671875 0.10404043593750001 0.32603291875 0.1064275734375 0.324665965625 0.1101806703125 0.32603291875 0.113246396875 0.3283075109375 0.116312121875
5 0.09576279062500001 0.2831811421875 0.0910311984375 0.28436263125 0.08471727968750001 0.2883067890625 0.08524032499999999 0.2938299265625 0.0941870578125 0.29579980781250004 0.099448290625 0.295011415625 0.10260854687500001 0.291067259375 0.10260854687500001 0.2875162 0.09997133750000001 0.28436263125 0.09576279062500001 0.2831811421875
5 0.062085628125 0.27805110312500003 0.06471624375 0.27253235781249996 0.062085628125 0.2677998078125 0.058931965625000006 0.26661831875 0.053138895312500004 0.26661831875 0.047354615625 0.2697718859375 0.046824976562499995 0.2745044359375 0.050508279687500005 0.2776580046875 0.056301348437499996 0.279236984375 0.062085628125 0.27805110312500003
5 0.0399858140625 0.1490907890625 0.0357772671875 0.1455397296875 0.0294611515625 0.1459372203125 0.0236702796875 0.1483002 0.0236702796875 0.151851259375 0.024722965625000003 0.1565860046875 0.035247628125 0.1585558859375 0.0394539765625 0.155004828125 0.0399858140625 0.1490907890625
2 0.7805229765624999 0.40413894531250005 0.8124991390625 0.357843415625 0.8575580578125 0.315360278125 0.8735461390625 0.296296121875 0.88008641875 0.2832250625 0.8822665109375001 0.2750534546875 0.8822665109375001 0.26416090625 0.8793611859375 0.251634475 0.870638615625 0.24182898437499997 0.8531978718750001 0.23311494531250002 0.839389884375 0.2287579265625 0.8335748374999999 0.22549016093750002 0.810319046875 0.22494553437499998 0.8059588609375 0.22385627812500003 0.788518115625 0.22440090625 0.778342884375 0.2282132984375 0.761627371875 0.23039180781250002 0.745639290625 0.234748828125 0.71875074375 0.2489113375 0.70784808125 0.256536121875 0.700580371875 0.26688404375 0.6911347671875 0.2734195734375 0.686772384375 0.28268043593750003 0.6802321046875 0.28703745468749997 0.6751444890625 0.2952068671875 0.6497086046875 0.3175387890625 0.64534841875 0.32407431875000003 0.6308130000000001 0.338779259375 0.6264528140625 0.341502396875 0.6155523484375001 0.355120278125 0.57703590625 0.39161251406250003 0.571948290625 0.394880278125 0.5457849765625 0.423203103125 0.5312495578124999 0.43355102343749996 0.5203490937499999 0.445532828125 0.5174415703124999 0.4509812984375 0.5029061515625 0.46459698437499997 0.481830453125 0.48910741562500004 0.47383751093750004 0.507080121875 0.47311008125000004 0.528867415625 0.4745649421875 0.53485831875 0.48909816250000004 0.55936875 0.50363358125 0.5724398078124999 0.5159889062499999 0.581153846875 0.5334296515625 0.586057690625 0.553780115625 0.5849662390625 0.5726735234375 0.5800645921875 0.5821213249999999 0.5762522 0.590116465625 0.5708059265625 0.5959293140625 0.56917204375 0.6017443609375001 0.56372576875 0.6126448250000001 0.55936875 0.62718024375 0.5479293765625 0.6380807093749999 0.5332244359375 0.652616128125 0.524510396875 0.6547962203125001 0.519064121875 0.6613365 0.5130710234375 0.6627913609375 0.509803259375 0.6896799062500001 0.49128592656250003 0.7499994765625 0.4362741609375 0.7543596625 0.42973863124999995 0.7805229765624999 0.40413894531250005
1 1 0.7348455765625 0.9978202328125001 0.7314820046875 0.9847374765625 0.720587259375 0.9687493953124999 0.7145963578125001 0.954216175 0.7140517296875 0.9338657093749999 0.7216765140625 0.926598 0.727124984375 0.9186050578125 0.7309373765625 0.9011621156249999 0.7440084359375 0.8938944062499999 0.7467315734375 0.8742735703125 0.772331259375 0.8691859531249999 0.776688278125 0.8633731046875001 0.7843130625 0.8597381515625001 0.796841690625 0.8597381515625001 0.8022879656249999 0.8648257671874999 0.809368121875 0.871366046875 0.81154663125 0.8880815578125001 0.80991275 0.931685615625 0.8159036515625001 0.9513086515625 0.816448278125 0.9600290234375001 0.8153590234375001 0.9702042562500001 0.812091259375 0.9796520578125 0.812091259375 0.9869175703125 0.8104573765625 1 0.8031045953125 1 0.7348455765625
0 1 0.9368198828125 0.992732615625 0.9340965921875 0.987645 0.9302842 0.9789246281249999 0.9291949453124999 0.9702042562500001 0.9297395734375 0.9629365468750001 0.9324627109374999 0.95494140625 0.9324627109374999 0.9440409421875 0.940632121875 0.9396807562499999 0.94117675 0.9382258953125 0.9449891421875 0.9396807562499999 0.961327965625 0.9440409421875 0.973311965625 0.9556688375 0.9912846703125 0.9636617796875001 0.9956416906250001 0.9811047203125 0.9983670234375 0.9949127093750001 0.9983670234375 1 0.9974131765625 1 0.9368198828125
4 0.1300882671875 0.53485831875 0.11482541875 0.5479293765625 0.10392495312500001 0.5610026312499999 0.0850293484375 0.5762522 0.0726740234375 0.5904147109375 0.047238139062500004 0.60893204375 0.039970429687499996 0.6176460828125 0.0377903375 0.623094553125 0.0247097796875 0.6323532203125 0.026889871875 0.64052263125 0.031977489062499996 0.6432457687500001 0.055233279687500005 0.6448796515625 0.0625009890625 0.646513534375 0.0799417328125 0.646513534375 0.1213656984375 0.6530490624999999 0.1497091046875 0.653593690625 0.1816852671875 0.65795290625 0.20784858125 0.658497534375 0.222384 0.6623099265625 0.23837208125 0.6617652984375 0.2725283375 0.6655776906249999 0.308139453125 0.6655776906249999 0.3146797328125 0.6639438078125 0.322674871875 0.6644884359375001 0.324854965625 0.6595867890625 0.3234001046875 0.648147415625 0.31613459375 0.6323532203125 0.3110469765625 0.6269069453125 0.2950588953125 0.5947717296875 0.2696230109375 0.5566456125 0.263807965625 0.541938475 0.2412796046875 0.5032677296875 0.2289242796875 0.48692890625 0.222384 0.472766396875 0.21584372031250001 0.467320121875 0.20784858125 0.46677549531249996 0.1904078375 0.47984655312499996 0.1889529765625 0.4825718859375 0.1816852671875 0.487473534375 0.173692325 0.4978214546875 0.156249384375 0.509803259375 0.1373537796875 0.5305012984374999 0.1300882671875 0.53485831875
4 0.215116290625 0.7472762000000001 0.2325592328125 0.752722475 0.2529075 0.762527965625 0.2696230109375 0.7674296125 0.2754358609375 0.7712420046874999 0.29069870937500003 0.777777534375 0.3132270703125 0.78267918125 0.32122001093749997 0.782134553125 0.3255823953125 0.7788667890625 0.3255823953125 0.7472762000000001 0.322674871875 0.732571259375 0.324854965625 0.710783965625 0.324854965625 0.6759256125 0.32194744218750004 0.6704793375 0.3139545 0.6704793375 0.2979642203125 0.6748363578125 0.28561109375 0.68300576875 0.277615953125 0.6846396515625 0.25508759375 0.69498976875 0.2449123609375 0.69771290625 0.2107561046875 0.7162302390625 0.1918605 0.7216765140625 0.18822774375 0.724401846875 0.186772884375 0.7331158859375 0.1925879296875 0.7374729062500001 0.21148353437499998 0.7445530625 0.215116290625 0.7472762000000001
5 0.844374209375 0.182168121875 0.8425589296875 0.1866020046875 0.8434665703125 0.19069110312499998 0.8516507093750001 0.1903485140625 0.8561998953125001 0.1872827890625 0.8575646515625 0.1831914953125 0.8552900578125 0.17943839687500002 0.8489233953124999 0.17910239687500001 0.844374209375 0.182168121875
5 0.69337859375 0.26666223906250003 0.696664115625 0.26502176875 0.69842225625 0.261894553125 0.69842225625 0.25943275 0.69776075625 0.2563077296875 0.6953499062499999 0.254994475 0.6905238140625001 0.2541731421875 0.6856977203125 0.254994475 0.6824121984375 0.2576253765625 0.6813155578125001 0.2610732203125 0.682194628125 0.2648526703125 0.6867943609375 0.266497534375 0.69337859375 0.26666223906250003