4 1 0.6279268421875 0.520998 0.45563000000000003 0.556482 0.8680859999999999 1 0.6432806953125 1 0.6279268421875
4 0.531138 0.662808 0.5539419999999999 0.670412 0.619834 0.681816 0.670522 0.64 0.591958 0.55447 0.5260640000000001 0.655208 0.531138 0.662808
4 0.775642 0.768076 0.8664820000000001 0.657956 0.85592 0.657956 0.8358459999999999 0.669836 0.803102 0.676176 0.761904 0.6627080000000001 0.725992 0.6690419999999999 0.75451 0.661122 0.720714 0.668254 0.721766 0.698358 0.7238819999999999 0.730838 0.733386 0.751438 0.751342 0.75936 0.775642 0.768076
0 0.18783 0.35367000000000004 0.207672 0.343254 0.209656 0.33928600000000003 0.209656 0.334326 0.205688 0.32589199999999996 0.191138 0.312004 0.17724800000000002 0.30902799999999997 0.162698 0.31002 0.154762 0.3125 0.14881 0.31597200000000003 0.14285799999999998 0.32887 0.14285799999999998 0.337302 0.14947 0.346726 0.16997400000000001 0.355654 0.17790999999999998 0.35714199999999996 0.18783 0.35367000000000004
0 0.21164 0.14236200000000002 0.21891600000000003 0.141866 0.24140199999999998 0.128968 0.24669400000000002 0.12301599999999999 0.24669400000000002 0.12004 0.24008 0.107142 0.233466 0.099702 0.224206 0.09375 0.21891600000000003 0.092758 0.20238 0.092758 0.191138 0.094742 0.183862 0.099206 0.179232 0.107142 0.17790999999999998 0.11557599999999998 0.179232 0.12301599999999999 0.181878 0.127976 0.190476 0.13442400000000002 0.205026 0.140874 0.21164 0.14236200000000002
5 0.02381 0.94246 0.020502 0.945932 0.020502 0.948908 0.02381 0.9528760000000001 0.031084 0.95387 0.035052 0.9503959999999999 0.035714 0.945932 0.031084 0.94246 0.02381 0.94246
5 0.17724800000000002 0.897818 0.170634 0.897818 0.162698 0.895338 0.159392 0.8988099999999999 0.160714 0.906746 0.162698 0.909722 0.167328 0.9107139999999999 0.179232 0.9102180000000001 0.183202 0.90625 0.181878 0.900298 0.17724800000000002 0.897818
5 0.400794 0.9543659999999999 0.394842 0.9528760000000001 0.388888 0.95387 0.386904 0.9558540000000001 0.386244 0.962302 0.39285800000000004 0.966766 0.39881 0.96875 0.4041 0.968254 0.406084 0.9647819999999999 0.406084 0.9613099999999999 0.400794 0.9543659999999999
5 0.9149665718750001 1 0.917328 0.99752 0.916006 0.989584 0.91336 0.98512 0.906746 0.9875999999999999 0.8968260000000001 0.9960319999999999 0.8991762218750001 1 0.9149665718750001 1
4 1 0.25237398125 0.636508 0.142818 0.691408 0.460854 1 0.28820820468749997 1 0.25237398125
2 0.5607517140625 0 0.558862 0.000992 0.537698 0.017362 0.52844 0.030258 0.522486 0.044642 0.521164 0.064484 0.5231480000000001 0.0749 0.531084 0.092758 0.537698 0.10069399999999999 0.558862 0.11706399999999999 0.568784 0.12252 0.5932540000000001 0.12996000000000002 0.6091260000000001 0.131944 0.6197079999999999 0.131944 0.636244 0.12996000000000002 0.643518 0.126984 0.64881 0.126488 0.657408 0.12252 0.683862 0.11508 0.70701 0.116072 0.712302 0.11458399999999999 0.723544 0.11706399999999999 0.744048 0.11756 0.760582 0.116568 0.7817459999999999 0.11111200000000002 0.800264 0.102182 0.818122 0.088294 0.826058 0.0749 0.830688 0.05555600000000001 0.8293659999999999 0.037697999999999995 0.823412 0.02381 0.809524 0.008432 0.801588 0.00248 0.7962456921875 0 0.68254 0 0.5607517140625 0
2 1 0.4063259171875 0.9920640000000001 0.40129000000000004 0.986112 0.395338 0.97156 0.375992 0.9629619999999999 0.37004000000000004 0.9543659999999999 0.366568 0.94709 0.36507999999999996 0.921958 0.364088 0.8988099999999999 0.369048 0.8822760000000001 0.376488 0.8697079999999999 0.385416 0.8637560000000001 0.391866 0.855158 0.40625 0.8531739999999999 0.41369 0.852514 0.43006 0.8544980000000001 0.44146799999999997 0.857804 0.449404 0.863096 0.455854 0.8789680000000001 0.46924599999999994 0.89947 0.477182 0.9140219999999999 0.47867 0.919312 0.48114999999999997 0.927248 0.48015800000000003 0.934524 0.480654 0.9609780000000001 0.48958399999999996 0.9702379999999999 0.49355200000000005 0.983466 0.503968 1 0.512368065625 1 0.4063259171875
2 0.657408 0.622024 0.66865 0.6245040000000001 0.697752 0.6264879999999999 0.7030420000000001 0.629464 0.717592 0.633432 0.729498 0.638392 0.739418 0.645834 0.755952 0.653274 0.7658739999999999 0.660218 0.7797620000000001 0.667162 0.789022 0.6676580000000001 0.7949740000000001 0.670138 0.804894 0.67113 0.818784 0.670138 0.83201 0.665674 0.8406079999999999 0.658234 0.85053 0.653274 0.857142 0.6473220000000001 0.864418 0.645338 0.873678 0.635912 0.8816140000000001 0.622024 0.8822760000000001 0.60615 0.880952 0.6006940000000001 0.873016 0.58631 0.858466 0.576884 0.832672 0.565972 0.821428 0.563492 0.810846 0.559028 0.803572 0.55754 0.795634 0.55754 0.789682 0.55506 0.7817459999999999 0.554068 0.77381 0.556548 0.756614 0.5525800000000001 0.7493380000000001 0.548116 0.746694 0.543154 0.742724 0.541666 0.7400800000000001 0.5381940000000001 0.734788 0.536706 0.7209 0.5297620000000001 0.712302 0.5223220000000001 0.7030420000000001 0.517362 0.691798 0.51488 0.667328 0.514384 0.656084 0.51637 0.628306 0.525298 0.6203700000000001 0.530258 0.618386 0.53373 0.612434 0.5381940000000001 0.6084660000000001 0.544642 0.60582 0.557044 0.607142 0.56498 0.606482 0.5749 0.612434 0.5932540000000001 0.6296299999999999 0.60863 0.645502 0.61756 0.657408 0.622024
2 0 0.41435075 0.002646 0.41666600000000004 0.023148 0.420138 0.037697999999999995 0.41666600000000004 0.046296 0.40873 0.052248 0.399802 0.056216 0.390376 0.066798 0.376488 0.07209 0.366568 0.08135 0.35615 0.09656 0.327876 0.105158 0.316468 0.10780400000000001 0.31002 0.10846599999999999 0.303572 0.107142 0.295138 0.099206 0.280754 0.09457600000000001 0.26637 0.074074 0.22371 0.064154 0.19692400000000002 0.060185999999999996 0.190972 0.052248 0.184524 0.041006 0.18253999999999998 0.023148 0.183036 0.020502 0.184028 0.015212 0.18997999999999998 0.003306 0.217262 0 0.2303731328125 0 0.41435075
2 0.210318 0.43105200000000005 0.19709000000000002 0.440476 0.195106 0.445932 0.17394199999999999 0.45982200000000006 0.16865000000000002 0.461806 0.162038 0.467262 0.159392 0.471726 0.14418 0.482638 0.141534 0.48660800000000004 0.136244 0.48958399999999996 0.13491999999999998 0.49256 0.125662 0.49603200000000003 0.123678 0.5004959999999999 0.121032 0.5004959999999999 0.11441799999999999 0.503472 0.11111200000000002 0.5069440000000001 0.10780400000000001 0.50744 0.10449800000000001 0.5099199999999999 0.09854399999999999 0.5223220000000001 0.08664 0.5297620000000001 0.08201 0.537698 0.08135 0.559028 0.083994 0.5868059999999999 0.085978 0.673612 0.08862400000000001 0.693948 0.087302 0.704366 0.08862400000000001 0.715774 0.090608 0.7202379999999999 0.099868 0.72619 0.12764599999999998 0.735616 0.13491999999999998 0.737104 0.142196 0.736112 0.14947 0.73363 0.157408 0.726686 0.160714 0.72123 0.170634 0.712302 0.189154 0.690476 0.20105800000000001 0.68006 0.21891600000000003 0.6567459999999999 0.237434 0.638392 0.251984 0.619048 0.261904 0.6091260000000001 0.276456 0.58631 0.281746 0.567956 0.283068 0.556052 0.286376 0.545138 0.29232800000000003 0.511904 0.296296 0.499008 0.298942 0.480654 0.303572 0.465774 0.306216 0.43948400000000004 0.309524 0.42956399999999995 0.309524 0.41864999999999997 0.303572 0.412202 0.295634 0.410714 0.28836 0.411706 0.282408 0.40873 0.27711600000000003 0.403274 0.26785800000000004 0.399802 0.261904 0.39881 0.25264600000000004 0.399306 0.24074 0.405258 0.237434 0.409226 0.232142 0.41269799999999995 0.230158 0.41617 0.21891600000000003 0.423116 0.210318 0.43105200000000005
1 0 0.9398973578125001 0.011244 0.9384919999999999 0.031746 0.940972 0.03836 0.93998 0.045634 0.937004 0.04762 0.934028 0.04762 0.9216260000000001 0.042328 0.8903760000000001 0.039022 0.8824400000000001 0.033068 0.878472 0.021826 0.87748 0.006614 0.880952 0 0.881243759375 0 0.9398973578125001
1 0 0 0 0.05136537812500001 0.018518 0.045138 0.021826 0.042658 0.046296 0.034721999999999996 0.071428 0.03125 0.07738 0.032242 0.087302 0.03125 0.093916 0.032738 0.121032 0.027778000000000004 0.12963 0.023313999999999998 0.132936 0.01885 0.135582 0.011408 0.13659604375 0 0 0
1 0.40267200000000003 0.796796 0.39324 0.785302 0.38322 0.7914939999999999 0.369074 0.7990079999999999 0.351396 0.8043100000000001 0.35198399999999996 0.814038 0.3567 0.8180160000000001 0.369662 0.8224360000000001 0.385582 0.8219939999999999 0.39383 0.8188980000000001 0.405026 0.806964 0.40267200000000003 0.796796
1 0.9014559999999999 0.128472 0.9001319999999999 0.13491999999999998 0.902778 0.141866 0.9060840000000001 0.144346 0.9199740000000001 0.14881 0.929894 0.149802 0.9517200000000001 0.149306 0.968254 0.14384999999999998 0.982804 0.130952 0.9900800000000001 0.11954400000000001 0.994048 0.10863 0.994048 0.10119 0.9900800000000001 0.094742 0.982804 0.090278 0.9748680000000001 0.089782 0.9689159999999999 0.090774 0.9411379999999999 0.10069399999999999 0.927248 0.107142 0.912698 0.116568 0.9047620000000001 0.123512 0.9014559999999999 0.128472
1 0.934524 0.537202 0.955688 0.5327379999999999 0.9642860000000001 0.52629 0.964948 0.523314 0.962302 0.516866 0.948412 0.508432 0.940476 0.500992 0.928572 0.495536 0.910052 0.49206399999999995 0.8842599999999999 0.490576 0.878306 0.491568 0.871694 0.49652799999999997 0.87037 0.501984 0.8710319999999999 0.510912 0.8743380000000001 0.5153760000000001 0.885582 0.524802 0.8941800000000001 0.528274 0.89947 0.532242 0.9140219999999999 0.535714 0.934524 0.537202
1 1 0.7104833890625 0.997354 0.7098220000000001 0.9761900000000001 0.7098220000000001 0.9689159999999999 0.712302 0.963624 0.7182540000000001 0.962302 0.724702 0.96627 0.733134 0.9702379999999999 0.736608 0.982142 0.7410720000000001 0.998016 0.741568 1 0.7400798125 1 0.7104833890625
1 0.9060840000000001 0.75744 0.892196 0.762896 0.885582 0.767858 0.87963 0.7807540000000001 0.87963 0.7881940000000001 0.8849199999999999 0.795138 0.891534 0.798116 0.906746 0.802084 0.92262 0.8025800000000001 0.92791 0.801588 0.9371700000000001 0.79613 0.9457679999999999 0.78621 0.958994 0.77629 0.96627 0.77381 0.97156 0.770338 0.976852 0.760912 0.9761900000000001 0.751984 0.974206 0.749008 0.972222 0.7400800000000001 0.964948 0.732142 0.955688 0.725198 0.949736 0.72371 0.941798 0.72371 0.9338620000000001 0.7256940000000001 0.928572 0.732142 0.923942 0.744544 0.9153439999999999 0.750992 0.9107139999999999 0.752976 0.9060840000000001 0.75744
1 0.8710319999999999 0.9960319999999999 0.8862439999999999 0.997024 0.894842 0.99504 0.90344 0.9900800000000001 0.9107139999999999 0.982142 0.9153439999999999 0.9697419999999999 0.9140219999999999 0.959822 0.9093920000000001 0.95387 0.894842 0.9474199999999999 0.8842599999999999 0.9474199999999999 0.878306 0.9518840000000001 0.871694 0.960318 0.8544980000000001 0.974702 0.853836 0.9831340000000001 0.857804 0.9900800000000001 0.862434 0.9930559999999999 0.8710319999999999 0.9960319999999999
1 0.7867460000000001 0.6876979999999999 0.792202 0.687188 0.799022 0.6825840000000001 0.797658 0.67696 0.789478 0.673378 0.777884 0.682074 0.7867460000000001 0.6876979999999999
1 0.142196 0.490576 0.13491999999999998 0.49206399999999995 0.130952 0.49504000000000004 0.11177200000000001 0.502976 0.102514 0.510416 0.09656 0.523314 0.099868 0.530258 0.11177200000000001 0.545634 0.125662 0.553076 0.150132 0.56002 0.178572 0.56002 0.191138 0.557044 0.19709000000000002 0.554068 0.20701 0.5466260000000001 0.21428600000000003 0.53869 0.219576 0.529266 0.22486799999999998 0.52381 0.227514 0.517362 0.232804 0.5114080000000001 0.233466 0.501984 0.23545 0.49603200000000003 0.22817400000000002 0.47916600000000004 0.224206 0.477182 0.21627000000000002 0.47668600000000005 0.20039600000000002 0.47916600000000004 0.18783 0.47867 0.175926 0.48015800000000003 0.156084 0.48660800000000004 0.14947 0.486112 0.142196 0.490576
1 0.22553 0.6999 0.23148200000000002 0.71131 0.237434 0.715278 0.239418 0.71875 0.24537 0.72123 0.251984 0.72619 0.263228 0.7301580000000001 0.26785800000000004 0.733134 0.287698 0.739088 0.31745999999999996 0.74504 0.344576 0.753472 0.356482 0.755456 0.374338 0.75496 0.38492000000000004 0.753472 0.392196 0.75 0.396164 0.747024 0.400132 0.739584 0.40211600000000003 0.7192459999999999 0.39947 0.7073419999999999 0.39285800000000004 0.69246 0.381614 0.679564 0.376322 0.670634 0.381614 0.6557540000000001 0.38426 0.636904 0.383598 0.628968 0.378968 0.620536 0.373016 0.614584 0.367724 0.611608 0.355158 0.607142 0.335318 0.604166 0.30754000000000004 0.6036699999999999 0.29497399999999996 0.605654 0.287698 0.605654 0.2791 0.607142 0.267196 0.611112 0.258598 0.617064 0.249338 0.627976 0.244048 0.637896 0.242724 0.64385 0.23148200000000002 0.662698 0.22553 0.6760919999999999 0.224206 0.6944440000000001 0.22553 0.6999
1 0.294312 0.745536 0.291666 0.741568 0.289022 0.7400800000000001 0.280424 0.739584 0.27711600000000003 0.741568 0.273148 0.7514879999999999 0.273148 0.753968 0.27513200000000004 0.755456 0.281746 0.7569440000000001 0.290344 0.753968 0.294312 0.745536
1 0.38426 0.8452379999999999 0.388228 0.8482139999999999 0.392196 0.84871 0.41336000000000006 0.857638 0.420634 0.8591260000000001 0.424604 0.857142 0.42724799999999996 0.8516859999999999 0.424604 0.832838 0.425926 0.823908 0.42328 0.7817459999999999 0.419312 0.77381 0.411376 0.772818 0.40277799999999997 0.774802 0.382276 0.784722 0.364418 0.7911699999999999 0.334656 0.806548 0.328704 0.8080360000000001 0.32275200000000004 0.812996 0.321428 0.817956 0.326058 0.822916 0.3459 0.8283739999999999 0.351852 0.8313499999999999 0.357804 0.8368059999999999 0.371032 0.840278 0.378306 0.8447419999999999 0.38426 0.8452379999999999
1 0.16865000000000002 0.899802 0.183862 0.900298 0.191138 0.8983140000000001 0.19709000000000002 0.892858 0.19775199999999998 0.8844239999999999 0.191138 0.8710319999999999 0.184524 0.847222 0.181878 0.843254 0.17790999999999998 0.840774 0.16997400000000001 0.8392860000000001 0.155424 0.8313499999999999 0.148148 0.8308540000000001 0.141534 0.8338300000000001 0.138228 0.841766 0.13888799999999998 0.857142 0.140874 0.864088 0.140874 0.885416 0.14947 0.8933540000000001 0.156084 0.8938499999999999 0.16865000000000002 0.899802
1 0.484126 1 0.48677200000000004 0.99504 0.48677200000000004 0.9875999999999999 0.47751400000000005 0.974702 0.47685199999999994 0.970734 0.478174 0.963294 0.48280399999999996 0.958334 0.48677200000000004 0.949404 0.48677200000000004 0.93998 0.48280399999999996 0.9330360000000001 0.46825400000000006 0.9280760000000001 0.45833399999999996 0.9280760000000001 0.444444 0.93254 0.424604 0.9474199999999999 0.414022 0.9618059999999999 0.412038 0.968254 0.412038 0.9766859999999999 0.41732800000000003 0.9841260000000001 0.42724799999999996 0.991568 0.439154 0.998016 0.44676 1 0.484126 1
1 0.266534 0.39385 0.27711600000000003 0.399306 0.300264 0.40674599999999994 0.31018599999999996 0.407738 0.337962 0.40575400000000006 0.35053 0.40823400000000004 0.35714199999999996 0.41120999999999996 0.371032 0.423116 0.378968 0.42708399999999996 0.397486 0.431548 0.414682 0.431548 0.434524 0.423116 0.44113800000000003 0.41617 0.449074 0.40228200000000003 0.451058 0.394842 0.451058 0.376488 0.445768 0.358134 0.43386199999999997 0.33631 0.420634 0.3249 0.39881 0.3125 0.380952 0.300596 0.375662 0.298612 0.337302 0.272818 0.318122 0.268354 0.30754000000000004 0.267362 0.294312 0.270338 0.287038 0.273314 0.2791 0.280754 0.27381 0.292162 0.271826 0.301588 0.272486 0.337798 0.263888 0.350198 0.257936 0.364088 0.257936 0.37847200000000003 0.266534 0.39385
1 0.280424 0.177084 0.281084 0.191468 0.287698 0.20783800000000002 0.306216 0.22618999999999997 0.32738 0.241568 0.34986799999999996 0.25 0.36574 0.25 0.382936 0.243552 0.400794 0.22916599999999998 0.414682 0.215278 0.41799 0.209822 0.42857200000000006 0.20039600000000002 0.435186 0.18997999999999998 0.43783000000000005 0.178572 0.436508 0.163194 0.424604 0.14881 0.42195799999999994 0.14285799999999998 0.42724799999999996 0.130952 0.42790999999999996 0.121032 0.42328 0.111608 0.41864999999999997 0.107142 0.41269799999999995 0.10416600000000001 0.400132 0.10069399999999999 0.381614 0.099702 0.363096 0.10119 0.337962 0.10615000000000001 0.32275200000000004 0.11259999999999999 0.305556 0.127976 0.29497399999999996 0.141866 0.28505199999999997 0.160714 0.280424 0.177084
1 0.68717 0.323412 0.69246 0.31498 0.69246 0.30257999999999996 0.68783 0.29365 0.683862 0.290178 0.6752640000000001 0.28620999999999996 0.662698 0.285218 0.656084 0.287698 0.65344 0.292162 0.652778 0.304068 0.65873 0.323908 0.662698 0.329862 0.670634 0.330854 0.677248 0.32887 0.68717 0.323412
1 0.6087640000000001 0.628884 0.6162639999999999 0.621722 0.613532 0.6135360000000001 0.599212 0.6196780000000001 0.60467 0.628884 0.6087640000000001 0.628884