5 0.5167462828125 0.476037540625 0.50598136875 0.476037540625 0.491626075 0.4856234828125 0.4904299734375 0.49201341875000004 0.49641048281250005 0.50639025625 0.5071774703124999 0.5079872203125 0.5203345890625 0.49840335468749997 0.521530690625 0.4888174125 0.5167462828125 0.476037540625
3 0.18421136093749998 0.116612459375 0.2320575015625 0.0862618203125 0.2368419078125 0.0782749203125 0.2308614 0.06709201249999999 0.2236847890625 0.062301118749999995 0.2129178015625 0.062301118749999995 0.19856458125 0.0686910546875 0.174640475 0.0926517578125 0.174640475 0.116612459375 0.18421136093749998 0.116612459375
5 0.135167046875 0.1277953671875 0.13875535156250002 0.123002396875 0.13755925 0.11341852968749999 0.13277484374999998 0.1054316296875 0.12081382656249999 0.1054316296875 0.10765463593749999 0.1150154953125 0.1088507375 0.1293923328125 0.1136372171875 0.13578226875 0.11961772500000001 0.13578226875 0.135167046875 0.1277953671875
5 0.680622578125 0.4680506390625 0.67464206875 0.46325974375 0.6602867765625 0.4680506390625 0.653110165625 0.47444057500000003 0.653110165625 0.4856234828125 0.6578945734375 0.49361038281249997 0.6770342734375 0.49041437656250003 0.68301478125 0.4840265171875 0.680622578125 0.4680506390625
5 0.4066987109375 0.261979871875 0.3983259984375 0.261979871875 0.3851668078125 0.27316277968749997 0.3827746046875 0.28114968125 0.3899512140625 0.293929553125 0.3995221 0.2923325875 0.4114831171875 0.28114968125 0.4114831171875 0.2715658140625 0.4066987109375 0.261979871875
5 0.0179428640625 0.28114968125 0.0179428640625 0.2923325875 0.0227272703125 0.301916453125 0.0346882875 0.301916453125 0.0490435796875 0.2955265171875 0.0490435796875 0.2827466453125 0.0442591734375 0.27475974375 0.029903879687500003 0.27475974375 0.0179428640625 0.28114968125
5 0.9198574234375 0.162938978125 0.9246418296875 0.15654904218750001 0.923445728125 0.146965175 0.9162670453124999 0.1405752390625 0.9102865375 0.1405752390625 0.9007177234375 0.146965175 0.894737215625 0.1549520765625 0.8959333171875 0.1677319484375 0.907894334375 0.17092587812499999 0.9198574234375 0.162938978125
5 0.806219471875 0.25718897812499997 0.7990428625 0.24920207656249999 0.79067015 0.24920207656249999 0.7822974390625 0.2555920125 0.777510959375 0.26677284375 0.7811013375 0.27475974375 0.79067015 0.27635878593749996 0.8038272687499999 0.26677284375 0.806219471875 0.25718897812499997
5 0.508373571875 0.1405752390625 0.49760865625 0.148562140625 0.48923387187499995 0.1613420125 0.491626075 0.1725249203125 0.4988047578125 0.1789127796875 0.5071774703124999 0.17571885 0.5179423859375001 0.15974504843749998 0.5179423859375001 0.1501591046875 0.508373571875 0.1405752390625
1 0.7344492265625 0.48083051093750007 0.7368414296875 0.469647603125 0.733253125 0.4536738015625 0.722488209375 0.4440899359375 0.6985641031250001 0.44728386562500005 0.680622578125 0.46006373749999996 0.6782303749999999 0.4664536734375 0.6794264765625 0.476037540625 0.6854069843749999 0.4840265171875 0.7045446109375 0.49041437656250003 0.7260765140625 0.4888174125 0.7344492265625 0.48083051093750007
1 0.0825365 0.261979871875 0.0645929015625 0.25718897812499997 0.047847478124999995 0.2587859421875 0.045455275 0.27475974375 0.0490435796875 0.2843456875 0.05023968125 0.3083063890625 0.0526318859375 0.31150239687500003 0.061004596875 0.30990335468749997 0.07296561406249999 0.297125559375 0.0921053140625 0.2907356234375 0.098085821875 0.28114968125 0.1040663296875 0.261979871875 0.1016741265625 0.25079904218750004 0.093301415625 0.24920207656249999 0.0825365 0.261979871875
1 0.436603325 0.2827466453125 0.45813315625 0.25239600625 0.44976044374999996 0.23642220468750003 0.4354072234375 0.22843530312500002 0.4198558296875 0.23162923281249997 0.4114831171875 0.24281214062499998 0.4066987109375 0.26677284375 0.41267921875 0.2779557515625 0.42105193124999996 0.2843456875 0.436603325 0.2827466453125
1 0.2978472390625 0.650160703125 0.30263164531250003 0.658147603125 0.316984865625 0.664537540625 0.3349284640625 0.664537540625 0.34449727812500003 0.65974456875 0.3504777859375 0.6517576671875001 0.3528699890625 0.63738083125 0.3480855828125 0.6134180515625001 0.3433011765625 0.607028115625 0.3349284640625 0.6022372203125 0.3181809671875 0.6006381796875 0.307416053125 0.6038341859374999 0.2978472390625 0.6134180515625001 0.2954550359375 0.63738083125 0.2978472390625 0.650160703125
1 0.72009600625 0.785942171875 0.7284687171875001 0.7731623 0.733253125 0.741214696875 0.7308609203125 0.7380186906249999 0.7105271921874999 0.7444086265625 0.6949757984375 0.7428116609375001 0.6877991875 0.749201596875 0.6877991875 0.7587854625 0.709331090625 0.785942171875 0.72009600625 0.785942171875
1 0.45813315625 0.9616623000000001 0.4748806515625 0.9392964859375 0.4748806515625 0.9169327468749999 0.46890014375 0.9073488812500001 0.45813315625 0.9009589453125001 0.4354072234375 0.89936198125 0.41626752343750006 0.9169327468749999 0.41267921875 0.9281156546875 0.41387532031249996 0.9424924921875 0.4246402359375 0.9552723640625 0.436603325 0.9616623000000001 0.45813315625 0.9616623000000001
1 0.122009928125 0.9520763578125001 0.122009928125 0.93610255625 0.11961772500000001 0.93290655 0.09569361875 0.931309584375 0.0813403984375 0.9376995203125 0.0813403984375 0.9600632593749999 0.089713109375 0.97284313125 0.09569361875 0.9760391374999999 0.1112450125 0.9696492015624999 0.122009928125 0.9520763578125001
3 0.130382640625 0.0926517578125 0.130382640625 0.1054316296875 0.13875535156250002 0.1198084671875 0.14593403437500002 0.116612459375 0.150718440625 0.097444728125 0.1483262375 0.0750789140625 0.13875535156250002 0.0782749203125 0.130382640625 0.0926517578125
3 0.24043021250000002 0.792332109375 0.23444970468749998 0.7875391375 0.209329496875 0.801915975 0.1866035640625 0.8067089453125 0.1758365765625 0.8146958468750001 0.16985606875 0.829072684375 0.17344437343750002 0.8354626203125 0.18421136093749998 0.8354626203125 0.19856458125 0.8242817890625 0.2129178015625 0.8194888171875 0.23444970468749998 0.8434495203125 0.24880292499999998 0.8466455265624999 0.257177709375 0.8402555906250001 0.25478550625 0.8226827468750001 0.24043021250000002 0.792332109375
1 0.5370820843749999 0.0638980828125 0.526315096875 0.07028801875 0.5143540796875 0.0862618203125 0.5071774703124999 0.1054316296875 0.50598136875 0.1246014375 0.5095696734375 0.1373792328125 0.5203345890625 0.1533551125 0.540670390625 0.174121884375 0.5514353046875 0.17571885 0.5681828015625 0.1549520765625 0.58014381875 0.14536821093750002 0.582536021875 0.1373792328125 0.582536021875 0.11341852968749999 0.5789477171875 0.09904169375 0.565788525 0.0782749203125 0.5502392031250001 0.06549504843750001 0.5370820843749999 0.0638980828125
1 0.531099503125 0.6150150156249999 0.521530690625 0.6309908953125001 0.5203345890625 0.6437707671874999 0.547847 0.6565485625 0.5598080171875 0.6549515968749999 0.5837321234374999 0.6277948875 0.5837321234374999 0.6086271562500001 0.5813399203125 0.6038341859374999 0.5729672078125 0.6038341859374999 0.5598080171875 0.6198079875 0.545454796875 0.6150150156249999 0.531099503125 0.6150150156249999
3 0.8401560078125 0.21070255625 0.8195445015624999 0.2047279546875 0.8249279953125 0.214297284375 0.8356701078125001 0.2310373796875 0.83836081875 0.24539968124999997 0.8455270640625001 0.2525725234375 0.84910293125 0.2489777953125 0.8526912359375001 0.2382102234375 0.8401560078125 0.21070255625
5 0.50598136875 0.1198084671875 0.494018278125 0.1150154953125 0.48325336406249997 0.1198084671875 0.4772728546875 0.1277953671875 0.47846895624999997 0.1405752390625 0.48684166875 0.14536821093750002 0.503589165625 0.1373792328125 0.5071774703124999 0.1293923328125 0.50598136875 0.1198084671875
3 0.7822974390625 0.904152875 0.7954545578125 0.9201287546874999 0.8086116765625 0.9265166140625001 0.8277513750000001 0.9265166140625001 0.8456929000000001 0.9201287546874999 0.8552637875 0.905749840625 0.8588520921875 0.8913730031249999 0.8576559906250001 0.8849830671875001 0.852871584375 0.8817891375 0.843300696875 0.8977629390624999 0.8289474765625 0.9009589453125001 0.8098077781249999 0.8945690093750001 0.796650659375 0.876996165625 0.783493540625 0.876996165625 0.778709134375 0.8833861015625001 0.7822974390625 0.904152875
1 0.574163309375 0.46485670937499995 0.547847 0.4536738015625 0.5334937796875 0.45207683750000005 0.5203345890625 0.469647603125 0.5179423859375001 0.48083051093750007 0.5203345890625 0.49201341875000004 0.526315096875 0.4968043125 0.5502392031250001 0.50000031875 0.5598080171875 0.49361038281249997 0.574163309375 0.476037540625 0.574163309375 0.46485670937499995
1 0.9043060281249999 0.08466485625 0.9043060281249999 0.108625559375 0.9114826390624999 0.1277953671875 0.9270340328125 0.151758146875 0.9366028468750001 0.15814600625 0.944975559375 0.15814600625 0.9593308515625001 0.146965175 0.9700957671875001 0.1309913734375 0.9748801734375 0.1150154953125 0.9748801734375 0.0926517578125 0.9700957671875001 0.07667795468750001 0.9569386484375 0.0559111828125 0.9389950499999999 0.0463252390625 0.923445728125 0.054312140625000005 0.9043060281249999 0.08466485625
3 0.9593308515625001 0.618211021875 0.965311359375 0.6022372203125 0.965311359375 0.5862613421875 0.9593308515625001 0.5766774765625 0.9354067453124999 0.578274440625 0.9031099265625 0.5718845046875 0.89712941875 0.5846643765625 0.89712941875 0.6086271562500001 0.8995216218750001 0.6150150156249999 0.9126787406249999 0.6214049515625 0.95215216875 0.6246009578125 0.9593308515625001 0.618211021875