3 0.41386568125 0.566038415625 0.41176389843749994 0.5943405281249999 0.428571696875 0.622640490625 0.4474791265625 0.6257851703124999 0.4621851421875 0.613208603125 0.46428477343749996 0.5880511703125 0.44957875625000004 0.566038415625 0.43277310937499996 0.5566043781250001 0.41386568125 0.566038415625
1 0.0008403234375 1 0.021008940625 0.974842415625 0.025210353125 0.95911901875 0.021008940625 0.9308169062499999 0.006302924999999999 0.915093509375 0 0.9132066546875001 0 1 0.0008403234375 1
3 0.0840344203125 0.9213828671875 0.0840344203125 0.9559743390625 0.0987404375 0.97798709375 0.109242890625 0.97798709375 0.13655529375 0.9528296609375 0.138654925 0.9371062640625001 0.1323538828125 0.9276722265625 0.0945368734375 0.9182381890625001 0.0840344203125 0.9213828671875
3 0.0084025546875 0.6006298875 0.0168075296875 0.6352192078125001 0.035714957812499996 0.6603766421875 0.056722017187499994 0.6635213203125 0.067226621875 0.6509426031250001 0.0651269921875 0.6194958109375001 0.056722017187499994 0.5974852078125 0.042016 0.5817618109375 0.0084025546875 0.6006298875
1 0.113444303125 0.2201258484375 0.09243724375 0.204402453125 0.0777312265625 0.20754713281249998 0.0798330078125 0.2641513578125 0.09243724375 0.28616411249999996 0.109242890625 0.28616411249999996 0.1512613109375 0.2547173203125 0.1512613109375 0.2358492453125 0.138654925 0.2264152078125 0.113444303125 0.2201258484375
1 0.159664134375 0.6603766421875 0.1785715625 0.6603766421875 0.19117579843750002 0.6509426031250001 0.21428679062499997 0.6100639250000001 0.21428679062499997 0.566038415625 0.19117579843750002 0.55974905625 0.1512613109375 0.575472453125 0.12815031875 0.6006298875 0.12815031875 0.622640490625 0.14075670625 0.647797925 0.159664134375 0.6603766421875
1 0.82353021875 0.8553467546875 0.8361344531249999 0.8584914343750001 0.8571436640625001 0.8459127171875 0.8781507234375001 0.8238999625 0.8802525046874999 0.8081765656250001 0.87184968125 0.8018872078125 0.8361344531249999 0.8050318875 0.82353021875 0.8238999625 0.82353021875 0.8553467546875
1 0.7616231703125 0 0.7581297484375 0.022673546875 0.765904403125 0.044464754687500004 0.7775427234375 0.060439810937500005 0.794053646875 0.060439810937500005 0.808591865625 0.074969434375 0.8260708578125 0.080785584375 0.839664671875 0.058994378125000003 0.8542222515625 0.011069207812499999 0.854528846875 0 0.7616231703125 0
1 0.5882361015625001 0.47798739687499997 0.5924375125 0.5094341890625 0.6050417484375 0.52201290625 0.6197477640625 0.5188682265625 0.6365555625 0.4905661125 0.63445378125 0.4748427171875 0.6281505875 0.46855335781249996 0.5924375125 0.46855335781249996 0.5882361015625001 0.47798739687499997
1 0.5644258718749999 0 0.560923696875 0.0157238484375 0.573530084375 0.053459999999999994 0.5987385546875 0.069183396875 0.615546353125 0.0660387171875 0.6260509578125 0.053459999999999994 0.63865519375 0.0031451328124999997 0.638464290625 0 0.5644258718749999 0
1 0.153360940625 0.5408809812500001 0.17016873906250002 0.5440256609375 0.19327757968749998 0.5283022640625 0.203782184375 0.5094341890625 0.203782184375 0.49371079218749997 0.19327757968749998 0.47169803750000006 0.1743701515625 0.4842767546875 0.1428563359375 0.4905661125 0.13655529375 0.5000001515625 0.13655529375 0.525157584375 0.153360940625 0.5408809812500001
1 0.0945368734375 0.4119491328125 0.08613404999999999 0.43396188750000003 0.08823583125 0.45282996249999996 0.113444303125 0.45282996249999996 0.1218492765625 0.437106565625 0.1218492765625 0.4150938109375 0.115546084375 0.40880445312499997 0.0945368734375 0.4119491328125
1 0.0651269921875 0.16037694375 0.071428034375 0.17924501875 0.1071432609375 0.1761003390625 0.1323538828125 0.12264079218749999 0.1323538828125 0.09433867968750001 0.12394890781250001 0.07861528281249999 0.113444303125 0.0817599625 0.0777312265625 0.11635143437499999 0.0546223859375 0.11320675468750001 0.0462174125 0.135219509375 0.0651269921875 0.16037694375
1 0.298319328125 0.2641513578125 0.2857150921875 0.2610066796875 0.27310870625 0.273585396875 0.2773101171875 0.330189621875 0.30462252031250003 0.3616342640625 0.3298309921875 0.358489584375 0.3634444375 0.32704494375 0.3634444375 0.311321546875 0.346638790625 0.30503218906249996 0.298319328125 0.2641513578125
1 0.47689115937500004 0.47169803750000006 0.4873957640625 0.4591193203125 0.4894953953125 0.4119491328125 0.47058796562499994 0.3773576609375 0.4516805375 0.36477894375000003 0.43067132812500003 0.3616342640625 0.403361075 0.38050233906250003 0.40126144531249996 0.4056597734375 0.4054628578125 0.4213831703125 0.428571696875 0.4591193203125 0.44957875625000004 0.47169803750000006 0.47689115937500004 0.47169803750000006
1 0.388655059375 0.534591621875 0.41176389843749994 0.4905661125 0.4054628578125 0.45282996249999996 0.390756840625 0.446540603125 0.378150453125 0.46855335781249996 0.34033559687500003 0.49371079218749997 0.336134184375 0.5094341890625 0.346638790625 0.525157584375 0.37394904218749997 0.5408809812500001 0.388655059375 0.534591621875
1 0.298319328125 0.5471703390625 0.2857150921875 0.55031501875 0.2794118984375 0.566038415625 0.2836133109375 0.6006298875 0.3025207390625 0.6194958109375001 0.3256295796875 0.6163511328125 0.34453700781249996 0.5943405281249999 0.34243737812499997 0.5786171328124999 0.3256295796875 0.575472453125 0.298319328125 0.5471703390625
1 0.3802522359375 0.7893084906250001 0.39285647031250004 0.75471701875 0.39285647031250004 0.729559584375 0.382351865625 0.7264149062499999 0.3634444375 0.7484276609375 0.34243737812499997 0.7515723390625 0.33823596562499997 0.7578616984375001 0.34033559687500003 0.7735850937500001 0.36134480625 0.7924531703125 0.3802522359375 0.7893084906250001
1 0.386555428125 1 0.386555428125 0.9842764531249999 0.3760508234375 0.9811317734375 0.35984432499999996 1 0.386555428125 1
1 0.6218495468749999 0.2547173203125 0.6428566046874999 0.25157264218750003 0.6596644031250001 0.2264152078125 0.6596644031250001 0.20754713281249998 0.6449583859375 0.18867905625 0.6260509578125 0.1823896984375 0.6197477640625 0.1729556609375 0.615546353125 0.1415088671875 0.5987385546875 0.1415088671875 0.5903357312499999 0.1729556609375 0.6029421171875 0.2106918109375 0.6029421171875 0.238993925 0.6218495468749999 0.2547173203125
1 0.684875025 0.6006298875 0.68277324375 0.632074528125 0.6953774796875 0.6635213203125 0.7100834953125 0.6509426031250001 0.728990925 0.6069192453125 0.728990925 0.5943405281249999 0.6932778484375001 0.5911958484375 0.684875025 0.6006298875
1 0.7466183531249999 0.884119925 0.757520940625 0.8715713203125001 0.7524998984375 0.8602831703125 0.739076034375 0.861541471875 0.7340334796875 0.882861621875 0.7466183531249999 0.884119925
3 0.773108975 0.915093509375 0.77521075625 0.94025094375 0.792016403125 0.9371062640625001 0.8025210078124999 0.9213828671875 0.804622790625 0.8899360749999999 0.798319596875 0.8710701515625001 0.785713209375 0.8742148296875 0.773108975 0.915093509375
1 0.8970581515625 0.94025094375 0.8928567390625 0.933961584375 0.8760510921875 0.933961584375 0.8508404703125001 0.9496849812500001 0.8466390593750001 0.965408378125 0.8550418828125 0.97798709375 0.8697478984375 0.97798709375 0.8949585203125 0.9559743390625 0.8970581515625 0.94025094375
3 1 0.0188693328125 0.9915974453124999 0.0440259625 0.993697075 0.0597493578125 1 0.0561208453125 1 0.0188693328125
3 1 0.094338621875 0.9894956640625001 0.11006207500000001 0.9915974453124999 0.1289301515625 1 0.1289301515625 1 0.094338621875
1 0.9852942515625 1 0.9852942515625 0.9999998484375 0.9705882359375 0.9874211328125 0.9600836296875 0.9968551703124999 0.9595586968750001 1 0.9852942515625 1